2013.01.29 11:00:02.071,1.24081,1.24099,1.50,3.38
2013.01.29 11:00:02.191,1.2408,1.24096,2.63,1.50
2013.01.29 11:00:02.511,1.24084,1.241,3.57,2.25
2013.01.29 11:00:03.029,1.24084,1.241,3.57,2.25
2013.01.29 11:00:03.821,1.24084,1.241,1.50,3.00
2013.01.29 11:00:04.367,1.24084,1.241,1.50,1.50
2013.01.29 11:00:07.009,1.24084,1.241,1.50,2.25
2013.01.29 11:00:07.130,1.24082,1.24099,2.82,1.50
2013.01.29 11:00:07.190,1.24082,1.24098,2.82,2.25
2013.01.29 11:00:10.303,1.2408,1.24096,1.50,1.50
2013.01.29 11:00:15.435,1.2408,1.24095,1.50,1.28
2013.01.29 11:00:15.560,1.24078,1.24092,1.65,1.65
2013.01.29 11:00:15.740,1.24078,1.24094,1.65,2.25
2013.01.29 11:00:15.981,1.2408,1.24096,1.50,3.38
2013.01.29 11:00:21.070,1.2408,1.24096,2.25,1.50
2013.01.29 11:00:21.662,1.2408,1.24096,1.50,2.25
2013.01.29 11:00:23.411,1.24078,1.24096,2.40,2.25
2013.01.29 11:00:23.469,1.24077,1.24093,5.03,1.50
2013.01.29 11:00:23.819,1.24078,1.24096,2.40,2.25
2013.01.29 11:00:25.161,1.24077,1.24094,2.78,1.50
2013.01.29 11:00:25.324,1.24078,1.24096,2.40,2.25
2013.01.29 11:00:25.449,1.24078,1.24096,2.40,2.63
2013.01.29 11:00:29.911,1.24076,1.2409,1.50,1.50
2013.01.29 11:00:30.030,1.24074,1.2409,3.75,3.00
2013.01.29 11:00:30.150,1.24074,1.2409,2.07,3.00
2013.01.29 11:00:30.210,1.24074,1.2409,1.50,3.00
2013.01.29 11:00:30.722,1.24074,1.24085,1.50,2.25
2013.01.29 11:00:31.106,1.24072,1.24084,1.50,1.50
2013.01.29 11:00:31.244,1.24069,1.24084,2.07,2.25
2013.01.29 11:00:31.315,1.24067,1.2408,1.50,2.25
2013.01.29 11:00:31.830,1.24064,1.24079,3.00,1.13
2013.01.29 11:00:31.950,1.24062,1.24078,1.50,2.40
2013.01.29 11:00:32.490,1.2406,1.24077,3.19,2.40
2013.01.29 11:00:33.160,1.2406,1.24077,1.13,2.40
2013.01.29 11:00:33.800,1.24059,1.24077,2.63,3.15
2013.01.29 11:00:34.064,1.2406,1.24077,1.69,3.90
2013.01.29 11:00:35.292,1.2406,1.24075,1.32,3.00
2013.01.29 11:00:35.420,1.24057,1.24072,1.50,1.50
2013.01.29 11:00:35.539,1.24055,1.2407,1.50,1.50
2013.01.29 11:00:35.659,1.24051,1.24069,5.07,1.50
2013.01.29 11:00:36.309,1.24052,1.24069,1.32,2.25
2013.01.29 11:00:36.610,1.24051,1.24069,3.00,2.25
2013.01.29 11:00:36.971,1.24051,1.24066,1.50,2.25
2013.01.29 11:00:37.480,1.24051,1.24066,3.57,2.25
2013.01.29 11:00:38.010,1.24051,1.24066,2.07,2.25
2013.01.29 11:00:38.072,1.24051,1.24068,2.07,1.50
2013.01.29 11:00:38.573,1.24051,1.24069,2.25,4.50
2013.01.29 11:00:38.769,1.2405,1.24067,1.13,2.25
2013.01.29 11:00:41.130,1.24049,1.24067,2.25,2.25
2013.01.29 11:00:46.989,1.24049,1.24067,2.25,2.25
2013.01.29 11:00:47.647,1.24052,1.24068,1.50,3.00
2013.01.29 11:00:51.690,1.24049,1.24065,3.75,1.50
2013.01.29 11:00:52.289,1.24051,1.24067,1.50,4.50
2013.01.29 11:00:52.649,1.24051,1.2406,1.50,2.40
2013.01.29 11:00:52.770,1.24043,1.24058,2.97,2.25
2013.01.29 11:00:52.830,1.24046,1.24058,1.50,2.25
2013.01.29 11:00:52.890,1.24047,1.24063,1.50,1.50
2013.01.29 11:00:53.011,1.24047,1.24064,1.50,1.13
2013.01.29 11:00:53.680,1.24047,1.24065,2.25,2.25
2013.01.29 11:00:53.981,1.2405,1.24066,2.25,1.50
2013.01.29 11:00:54.532,1.24052,1.24068,1.50,3.75
2013.01.29 11:00:55.281,1.24054,1.24068,1.50,2.25
2013.01.29 11:00:57.720,1.24054,1.2407,1.50,4.50
2013.01.29 11:01:00.513,1.24055,1.2407,1.50,3.00
2013.01.29 11:01:03.402,1.24055,1.2407,2.25,2.25
2013.01.29 11:01:03.471,1.24055,1.24073,2.25,2.25
2013.01.29 11:01:04.073,1.24059,1.24075,2.25,2.25
2013.01.29 11:01:04.820,1.24065,1.24075,1.50,2.25
2013.01.29 11:01:04.881,1.24065,1.2408,1.50,2.25
2013.01.29 11:01:04.940,1.24067,1.24075,1.50,2.25
2013.01.29 11:01:05.122,1.24067,1.24081,1.50,2.63
2013.01.29 11:01:05.252,1.24067,1.24078,1.50,2.25
2013.01.29 11:01:05.321,1.24062,1.24078,2.25,2.25
2013.01.29 11:01:06.130,1.24064,1.2408,2.25,2.25
2013.01.29 11:01:08.160,1.24064,1.2408,2.25,2.25
2013.01.29 11:01:08.220,1.24064,1.24081,2.25,1.50
2013.01.29 11:01:10.272,1.24066,1.24081,2.25,1.50
2013.01.29 11:01:10.343,1.24067,1.24083,1.32,3.15
2013.01.29 11:01:10.417,1.24068,1.24083,2.07,3.00
2013.01.29 11:01:11.191,1.24069,1.24083,1.50,3.00
2013.01.29 11:01:13.612,1.24069,1.24085,2.25,1.88
2013.01.29 11:01:13.801,1.24073,1.24087,1.50,1.13
2013.01.29 11:01:13.920,1.24073,1.24089,2.25,3.00
2013.01.29 11:01:13.981,1.24075,1.24089,1.50,3.00
2013.01.29 11:01:16.670,1.24075,1.24091,1.50,3.60
2013.01.29 11:01:17.090,1.24075,1.24089,1.50,2.25
2013.01.29 11:01:17.330,1.24073,1.24089,4.13,2.25
2013.01.29 11:01:17.872,1.24073,1.24091,2.63,3.00
2013.01.29 11:01:18.431,1.24073,1.2409,2.25,2.25
2013.01.29 11:01:20.490,1.24073,1.2409,2.25,1.50
2013.01.29 11:01:29.120,1.24073,1.24091,2.25,2.25
2013.01.29 11:01:29.673,1.24075,1.24092,2.25,2.25
2013.01.29 11:01:29.741,1.24075,1.24093,2.25,5.63
2013.01.29 11:01:30.100,1.24075,1.24091,1.50,2.25
2013.01.29 11:01:30.280,1.24073,1.24091,2.25,4.50
2013.01.29 11:01:39.340,1.24074,1.2409,1.50,3.00
2013.01.29 11:01:39.879,1.24072,1.24089,1.13,2.25
2013.01.29 11:01:40.600,1.24075,1.2409,1.50,2.25
2013.01.29 11:01:41.769,1.24077,1.24091,1.50,3.00
2013.01.29 11:01:41.829,1.24077,1.24091,1.50,1.50
2013.01.29 11:01:44.365,1.24077,1.24091,1.88,1.50
2013.01.29 11:01:44.680,1.24084,1.24099,4.65,1.13
2013.01.29 11:01:44.740,1.24084,1.24101,4.50,2.25
2013.01.29 11:01:44.860,1.24085,1.24102,1.50,3.15
2013.01.29 11:01:45.040,1.24082,1.24096,2.63,4.50
2013.01.29 11:01:45.223,1.24082,1.24099,2.63,3.75
2013.01.29 11:01:45.750,1.24082,1.24099,2.25,3.00
2013.01.29 11:01:46.760,1.24082,1.24099,2.25,3.00
2013.01.29 11:01:48.100,1.24082,1.24098,2.25,1.13
2013.01.29 11:01:48.234,1.24082,1.24094,1.50,4.65
2013.01.29 11:01:48.897,1.24081,1.24094,1.50,5.40
2013.01.29 11:01:49.491,1.24081,1.24096,1.50,1.13
2013.01.29 11:01:49.620,1.24081,1.24097,2.25,3.00
2013.01.29 11:01:49.680,1.24081,1.24097,2.25,2.25
2013.01.29 11:01:57.545,1.2408,1.24098,2.25,2.25
2013.01.29 11:01:58.059,1.2408,1.24098,2.25,2.25
2013.01.29 11:02:00.820,1.2408,1.24098,1.50,1.50
2013.01.29 11:02:01.000,1.2408,1.24096,3.00,1.50
2013.01.29 11:02:01.850,1.24081,1.24098,2.25,2.25
2013.01.29 11:02:04.056,1.24081,1.24097,2.25,2.10
2013.01.29 11:02:04.302,1.24079,1.24095,1.50,1.88
2013.01.29 11:02:04.371,1.2408,1.24094,2.25,4.50
2013.01.29 11:02:04.560,1.2408,1.24097,2.25,2.63
2013.01.29 11:02:05.210,1.2408,1.24097,2.25,2.25
2013.01.29 11:02:05.405,1.24081,1.24099,2.25,6.75
2013.01.29 11:02:05.544,1.24081,1.24099,2.40,2.25
2013.01.29 11:02:06.601,1.24083,1.241,2.25,1.13
2013.01.29 11:02:07.151,1.24081,1.24099,3.75,1.50
2013.01.29 11:02:07.778,1.24084,1.241,2.25,2.25
2013.01.29 11:02:18.591,1.24079,1.24089,1.88,1.50
2013.01.29 11:02:18.771,1.24078,1.24084,1.50,1.13
2013.01.29 11:02:19.312,1.24077,1.24084,2.07,1.13
2013.01.29 11:02:19.440,1.24071,1.24084,2.44,1.13
2013.01.29 11:02:19.792,1.24075,1.24087,4.50,2.25
2013.01.29 11:02:19.861,1.24075,1.24085,4.50,1.50
2013.01.29 11:02:19.930,1.24075,1.24089,4.50,1.50
2013.01.29 11:02:20.110,1.24072,1.24088,3.90,1.50
2013.01.29 11:02:20.290,1.24072,1.24086,3.53,1.50
2013.01.29 11:02:20.351,1.24073,1.24091,2.25,1.50
2013.01.29 11:02:22.515,1.24073,1.24088,2.25,1.13
2013.01.29 11:02:22.640,1.24072,1.24088,3.75,2.63
2013.01.29 11:02:22.820,1.24075,1.24091,2.25,1.50
2013.01.29 11:02:23.240,1.24075,1.24093,3.00,1.50
2013.01.29 11:02:26.110,1.24075,1.24093,2.25,2.63
2013.01.29 11:02:27.491,1.24075,1.24093,3.00,1.88
2013.01.29 11:02:28.460,1.24076,1.24093,5.25,1.50
2013.01.29 11:02:28.640,1.24077,1.24095,3.00,1.50
2013.01.29 11:02:31.389,1.24077,1.24095,3.00,1.50
2013.01.29 11:02:31.981,1.2408,1.24096,2.25,1.50
2013.01.29 11:02:35.999,1.2408,1.24096,2.25,2.48
2013.01.29 11:02:36.264,1.24077,1.24094,1.50,4.88
2013.01.29 11:02:36.962,1.24077,1.24094,1.50,4.88
2013.01.29 11:02:37.534,1.24078,1.24095,2.25,1.88
2013.01.29 11:02:38.087,1.24078,1.24095,2.25,1.50
2013.01.29 11:02:42.539,1.24078,1.24095,2.25,2.10
2013.01.29 11:02:42.599,1.24077,1.24091,1.50,1.65
2013.01.29 11:02:42.901,1.24076,1.24088,6.00,2.25
2013.01.29 11:02:42.961,1.24078,1.24091,2.25,1.50
2013.01.29 11:02:43.260,1.24078,1.24094,2.25,1.50
2013.01.29 11:02:46.289,1.24077,1.24091,1.50,1.50
2013.01.29 11:02:49.830,1.24077,1.24091,3.00,1.50
2013.01.29 11:02:49.890,1.24077,1.24091,3.00,1.50
2013.01.29 11:02:50.157,1.24077,1.24093,4.50,1.50
2013.01.29 11:02:51.341,1.24079,1.24095,2.25,1.50
2013.01.29 11:02:51.700,1.2408,1.24095,1.50,1.50
2013.01.29 11:02:51.819,1.2408,1.24097,4.50,1.50
2013.01.29 11:02:52.321,1.2408,1.24098,4.50,1.50
2013.01.29 11:02:53.870,1.24081,1.24096,1.13,1.50
2013.01.29 11:02:54.554,1.2408,1.24095,1.13,1.50
2013.01.29 11:02:54.901,1.24078,1.2409,1.50,1.50
2013.01.29 11:02:55.019,1.24074,1.2409,4.50,1.50
2013.01.29 11:02:59.840,1.24076,1.24092,1.50,2.25
2013.01.29 11:03:00.360,1.24076,1.24093,1.50,1.50
2013.01.29 11:03:02.199,1.24076,1.24093,1.50,1.65
2013.01.29 11:03:02.319,1.24074,1.24091,2.25,1.50
2013.01.29 11:03:03.339,1.24074,1.24091,2.25,1.50
2013.01.29 11:03:10.130,1.24077,1.24091,2.25,1.50
2013.01.29 11:03:10.190,1.24078,1.24093,1.50,1.88
2013.01.29 11:03:16.489,1.24077,1.24093,2.25,1.65
2013.01.29 11:03:16.609,1.24075,1.24093,2.25,1.65
2013.01.29 11:03:16.730,1.24074,1.2409,4.50,1.50
2013.01.29 11:03:20.590,1.24075,1.2409,2.25,1.50
2013.01.29 11:03:20.909,1.24074,1.2409,4.50,1.50
2013.01.29 11:03:21.300,1.24074,1.24089,3.00,1.50
2013.01.29 11:03:21.430,1.24074,1.24089,3.38,1.50
2013.01.29 11:03:21.790,1.24078,1.24089,1.50,1.50
2013.01.29 11:03:21.909,1.24078,1.24089,1.50,1.50
2013.01.29 11:03:22.390,1.24078,1.24093,1.50,1.50
2013.01.29 11:03:23.350,1.24078,1.2409,1.50,1.50
2013.01.29 11:03:24.040,1.24078,1.2409,2.07,1.50
2013.01.29 11:03:24.400,1.2408,1.24093,2.82,1.50
2013.01.29 11:03:24.580,1.2408,1.24095,2.82,1.50
2013.01.29 11:03:25.420,1.24081,1.24095,1.50,1.50
2013.01.29 11:03:25.541,1.2408,1.24095,1.50,1.50
2013.01.29 11:03:25.722,1.24081,1.24093,1.50,1.50
2013.01.29 11:03:26.192,1.24081,1.24091,1.50,1.50
2013.01.29 11:03:26.382,1.24081,1.24093,1.50,3.00
2013.01.29 11:03:26.451,1.24079,1.24091,2.25,1.50
2013.01.29 11:03:27.082,1.24078,1.24092,1.13,1.50
2013.01.29 11:03:30.703,1.24076,1.24092,2.63,2.25
2013.01.29 11:03:31.024,1.24066,1.2408,3.00,2.40
2013.01.29 11:03:31.151,1.24063,1.24078,3.53,2.25
2013.01.29 11:03:31.629,1.2406,1.24076,3.00,2.25
2013.01.29 11:03:32.190,1.2406,1.24076,3.00,2.25
2013.01.29 11:03:32.934,1.2406,1.24075,1.50,1.50
2013.01.29 11:03:33.489,1.2406,1.24076,1.50,2.25
2013.01.29 11:03:34.330,1.24058,1.24076,5.07,2.25
2013.01.29 11:03:34.880,1.24058,1.24075,4.13,1.50
2013.01.29 11:03:35.181,1.24062,1.24075,1.32,1.50
2013.01.29 11:03:35.300,1.24062,1.24075,1.13,1.50
2013.01.29 11:03:35.840,1.24061,1.24076,1.50,2.25
2013.01.29 11:03:36.201,1.24061,1.24076,2.44,2.25
2013.01.29 11:03:36.760,1.24061,1.24076,1.88,1.50
2013.01.29 11:03:37.610,1.24059,1.24075,3.75,1.50
2013.01.29 11:03:37.729,1.24059,1.24075,3.75,1.50
2013.01.29 11:03:37.849,1.24059,1.24074,2.25,1.50
2013.01.29 11:03:39.090,1.24058,1.24073,2.22,1.50
2013.01.29 11:03:41.041,1.24057,1.24073,4.88,2.40
2013.01.29 11:03:41.546,1.24057,1.24071,1.50,1.50
2013.01.29 11:03:42.373,1.24057,1.24069,1.50,1.13
2013.01.29 11:03:42.619,1.24052,1.24062,1.65,1.50
2013.01.29 11:03:42.979,1.24047,1.24061,4.47,1.50
2013.01.29 11:03:43.190,1.24047,1.24061,4.47,1.50
2013.01.29 11:03:43.552,1.24053,1.24061,1.50,1.50
2013.01.29 11:03:43.610,1.2405,1.24061,1.50,1.50
2013.01.29 11:03:44.112,1.24049,1.24061,2.82,1.50
2013.01.29 11:03:45.217,1.24052,1.24061,1.50,1.50
2013.01.29 11:03:45.781,1.24051,1.24061,1.50,1.50
2013.01.29 11:03:46.330,1.24051,1.24061,1.50,1.50
2013.01.29 11:03:46.814,1.2405,1.24063,2.07,1.50
2013.01.29 11:03:47.011,1.24059,1.24072,1.50,1.50
2013.01.29 11:03:47.070,1.24059,1.24074,1.50,1.28
2013.01.29 11:03:47.256,1.24061,1.24074,1.50,1.28
2013.01.29 11:03:47.870,1.24061,1.24074,2.07,1.50
2013.01.29 11:03:48.421,1.24061,1.24074,1.50,1.50
2013.01.29 11:03:48.600,1.24061,1.24077,1.50,5.40
2013.01.29 11:03:48.762,1.24061,1.24076,1.50,1.50
2013.01.29 11:03:48.951,1.24057,1.24074,3.15,1.13
2013.01.29 11:03:49.252,1.24055,1.24072,1.50,1.65
2013.01.29 11:03:49.791,1.24053,1.24071,2.70,3.00
2013.01.29 11:03:49.863,1.24055,1.24071,1.50,1.50
2013.01.29 11:03:50.412,1.24055,1.24071,1.50,1.50
2013.01.29 11:03:50.923,1.24055,1.24071,1.50,1.50
2013.01.29 11:03:51.232,1.24057,1.24072,1.50,1.50
2013.01.29 11:03:51.758,1.24057,1.24074,1.50,1.65
2013.01.29 11:03:52.140,1.24057,1.24074,2.63,1.88
2013.01.29 11:03:52.699,1.24057,1.24075,3.15,3.00
2013.01.29 11:03:53.239,1.24059,1.24076,2.70,2.25
2013.01.29 11:03:54.063,1.24059,1.24076,2.70,2.25
2013.01.29 11:03:55.004,1.24059,1.24076,1.50,1.88
2013.01.29 11:03:55.537,1.24059,1.24076,1.95,1.13
2013.01.29 11:03:55.794,1.24062,1.24076,1.13,1.88
2013.01.29 11:03:55.980,1.2406,1.24076,1.32,1.88
2013.01.29 11:03:57.050,1.24059,1.24076,2.82,1.88
2013.01.29 11:03:59.650,1.24059,1.24076,2.07,1.50
2013.01.29 11:03:59.991,1.24061,1.24076,2.63,1.50
2013.01.29 11:04:00.532,1.24061,1.24077,2.82,2.25
2013.01.29 11:04:00.602,1.24061,1.24077,2.82,2.25
2013.01.29 11:04:00.851,1.24061,1.24077,2.25,2.25
2013.01.29 11:04:00.910,1.24061,1.24077,2.25,3.00
2013.01.29 11:04:01.031,1.24061,1.24076,1.88,1.13
2013.01.29 11:04:01.392,1.24059,1.24074,2.40,1.88
2013.01.29 11:04:01.460,1.24059,1.24074,1.65,1.88
2013.01.29 11:04:02.012,1.24058,1.24074,2.25,2.25
2013.01.29 11:04:02.676,1.24058,1.24074,1.50,3.00
2013.01.29 11:04:03.390,1.2406,1.24074,1.50,1.50
2013.01.29 11:04:04.844,1.24056,1.24072,2.82,1.50
2013.01.29 11:04:06.160,1.24056,1.24072,2.82,1.50
2013.01.29 11:04:06.581,1.24059,1.24075,2.07,1.50
2013.01.29 11:04:07.177,1.24059,1.24075,2.07,1.50
2013.01.29 11:04:07.251,1.24059,1.24075,2.07,1.50
2013.01.29 11:04:08.340,1.24059,1.24075,2.07,1.50
2013.01.29 11:04:08.522,1.24059,1.24075,1.65,1.88
2013.01.29 11:04:12.651,1.24057,1.24073,3.90,1.50
2013.01.29 11:04:13.011,1.24055,1.24071,2.25,1.50
2013.01.29 11:04:13.310,1.24055,1.24071,2.40,1.50
2013.01.29 11:04:13.491,1.24057,1.24073,3.38,3.15
2013.01.29 11:04:14.351,1.24057,1.24073,4.13,1.50
2013.01.29 11:04:14.899,1.24057,1.24073,4.50,1.65
2013.01.29 11:04:18.847,1.24057,1.24073,3.75,1.65
2013.01.29 11:04:19.450,1.24058,1.24075,2.82,1.88
2013.01.29 11:04:19.510,1.24058,1.24074,2.07,2.25
2013.01.29 11:04:22.090,1.24061,1.24074,1.50,1.13
2013.01.29 11:04:22.592,1.24061,1.24074,2.07,1.13
2013.01.29 11:04:22.660,1.24061,1.24074,1.50,1.13
2013.01.29 11:04:23.703,1.24056,1.24073,3.00,1.13
2013.01.29 11:04:23.780,1.24059,1.24074,1.50,1.13
2013.01.29 11:04:24.352,1.24059,1.24073,2.07,1.13
2013.01.29 11:04:24.420,1.24059,1.24075,1.50,4.88
2013.01.29 11:04:24.480,1.24057,1.24073,1.50,2.25
2013.01.29 11:04:28.720,1.24055,1.2407,1.50,1.50
2013.01.29 11:04:29.231,1.24054,1.2407,2.25,1.50
2013.01.29 11:04:29.593,1.24056,1.24072,1.50,1.50
2013.01.29 11:04:29.901,1.24054,1.24072,1.50,3.00
2013.01.29 11:04:30.081,1.24057,1.24072,1.50,1.50
2013.01.29 11:04:30.681,1.24056,1.24073,1.88,4.88
2013.01.29 11:04:31.041,1.24059,1.24072,1.50,1.13
2013.01.29 11:04:31.401,1.24059,1.24072,1.50,1.50
2013.01.29 11:04:31.653,1.24059,1.24072,2.07,5.25
2013.01.29 11:04:31.783,1.24059,1.24074,1.50,4.88
2013.01.29 11:04:32.101,1.24056,1.24073,1.50,1.50
2013.01.29 11:04:32.640,1.24055,1.24071,2.25,1.50
2013.01.29 11:04:32.700,1.24057,1.24071,1.50,1.50
2013.01.29 11:04:33.888,1.24057,1.24073,1.50,1.50
2013.01.29 11:04:34.737,1.2406,1.24073,1.50,1.50
2013.01.29 11:04:34.811,1.24058,1.24074,1.50,2.03
2013.01.29 11:04:35.385,1.24058,1.24074,1.50,2.78
2013.01.29 11:04:38.601,1.24059,1.24074,1.50,2.25
2013.01.29 11:04:39.150,1.24059,1.24074,1.50,1.50
2013.01.29 11:04:39.210,1.24061,1.24077,1.50,3.38
2013.01.29 11:04:39.570,1.24063,1.24077,2.07,2.63
2013.01.29 11:04:39.810,1.24057,1.24073,2.07,2.25
2013.01.29 11:04:40.214,1.24057,1.24068,1.50,1.50
2013.01.29 11:04:40.461,1.24055,1.24067,3.75,1.13
2013.01.29 11:04:40.581,1.24055,1.24064,3.75,2.25
2013.01.29 11:04:40.701,1.24057,1.24072,2.25,4.50
2013.01.29 11:04:40.761,1.24057,1.24073,1.50,1.88
2013.01.29 11:04:40.953,1.24057,1.24073,2.07,1.88
2013.01.29 11:04:41.260,1.24061,1.24073,1.50,1.13
2013.01.29 11:04:41.380,1.24058,1.24073,1.50,1.13
2013.01.29 11:04:44.451,1.24058,1.24074,2.07,1.88
2013.01.29 11:04:45.624,1.24061,1.24075,2.07,1.50
2013.01.29 11:04:46.051,1.24061,1.24074,2.07,1.50
2013.01.29 11:04:46.232,1.24061,1.24074,1.50,1.50
2013.01.29 11:04:46.351,1.24059,1.24074,2.07,1.50
2013.01.29 11:04:46.531,1.24059,1.24074,2.07,1.50
2013.01.29 11:04:47.851,1.24058,1.24074,2.07,1.50
2013.01.29 11:04:48.030,1.24058,1.24074,2.07,1.50
2013.01.29 11:04:48.605,1.24058,1.24074,2.07,1.50
2013.01.29 11:04:48.801,1.24058,1.24074,2.07,1.50
2013.01.29 11:04:49.681,1.2406,1.24074,2.07,1.50
2013.01.29 11:04:50.225,1.2406,1.24074,2.07,1.50
2013.01.29 11:04:50.740,1.2406,1.24074,2.07,1.50
2013.01.29 11:04:50.914,1.2406,1.24074,2.07,1.50
2013.01.29 11:04:51.040,1.24058,1.24074,2.07,1.50
2013.01.29 11:04:51.102,1.24058,1.24074,2.07,1.50
2013.01.29 11:04:54.523,1.24058,1.24075,2.07,1.50
2013.01.29 11:04:54.656,1.24061,1.24076,2.07,5.85
2013.01.29 11:04:55.141,1.24062,1.24077,1.50,5.10
2013.01.29 11:04:55.865,1.24062,1.24077,2.07,5.10
2013.01.29 11:04:56.676,1.24062,1.24077,2.07,5.10
2013.01.29 11:04:57.190,1.24062,1.24077,2.07,5.10
2013.01.29 11:04:57.431,1.24062,1.24077,2.07,5.10
2013.01.29 11:04:58.282,1.24062,1.24077,2.07,5.10
2013.01.29 11:04:58.529,1.24062,1.24077,2.07,5.10
2013.01.29 11:04:58.731,1.24062,1.24077,1.50,4.50
2013.01.29 11:04:58.910,1.24062,1.24077,2.07,4.50
2013.01.29 11:04:59.270,1.2406,1.24076,1.50,2.25
2013.01.29 11:04:59.840,1.24061,1.24077,1.50,4.50
2013.01.29 11:05:00.080,1.24061,1.24077,2.07,4.50
2013.01.29 11:05:00.139,1.24061,1.24077,2.07,4.50
2013.01.29 11:05:00.460,1.24063,1.24077,1.50,4.50
2013.01.29 11:05:01.143,1.24062,1.24077,1.50,4.50
2013.01.29 11:05:01.701,1.24061,1.24077,1.50,4.50
2013.01.29 11:05:03.929,1.24061,1.24077,2.07,4.50
2013.01.29 11:05:04.607,1.24061,1.24077,2.07,4.50
2013.01.29 11:05:05.149,1.24064,1.24077,1.50,4.50
2013.01.29 11:05:10.532,1.24066,1.24079,1.50,1.50
2013.01.29 11:05:11.282,1.24066,1.24079,1.50,1.65
2013.01.29 11:05:11.402,1.24064,1.24079,2.07,1.50
2013.01.29 11:05:12.532,1.24066,1.24079,1.50,1.50
2013.01.29 11:05:15.746,1.24066,1.24079,2.07,1.50
2013.01.29 11:05:16.961,1.24066,1.24081,2.07,1.50
2013.01.29 11:05:17.081,1.24068,1.24081,2.07,1.50
2013.01.29 11:05:17.141,1.24068,1.24081,2.07,1.50
2013.01.29 11:05:17.441,1.24068,1.24081,1.50,2.25
2013.01.29 11:05:17.561,1.2407,1.24081,1.50,1.50
2013.01.29 11:05:17.621,1.2407,1.24084,1.50,1.50
2013.01.29 11:05:17.741,1.24074,1.24088,1.50,3.38
2013.01.29 11:05:18.300,1.24075,1.24089,1.50,2.25
2013.01.29 11:05:18.603,1.24073,1.24087,1.50,1.50
2013.01.29 11:05:18.671,1.24073,1.24088,2.07,1.50
2013.01.29 11:05:18.792,1.24074,1.24091,2.25,2.25
2013.01.29 11:05:18.863,1.24074,1.24092,2.25,3.98
2013.01.29 11:05:19.173,1.24076,1.24092,1.50,1.73
2013.01.29 11:05:19.721,1.24076,1.24092,2.25,1.13
2013.01.29 11:05:20.284,1.2408,1.24092,1.50,1.13
2013.01.29 11:05:23.362,1.24078,1.24094,2.40,4.88
2013.01.29 11:05:23.984,1.2408,1.24095,1.50,1.35
2013.01.29 11:05:24.180,1.2408,1.24096,1.50,3.98
2013.01.29 11:05:24.360,1.2408,1.24098,3.00,1.65
2013.01.29 11:05:24.422,1.24082,1.24098,2.25,1.65
2013.01.29 11:05:24.660,1.24086,1.24099,1.50,1.65
2013.01.29 11:05:31.744,1.24086,1.24099,1.50,2.40
2013.01.29 11:05:33.831,1.24084,1.24099,3.00,3.15
2013.01.29 11:05:34.711,1.24084,1.24099,1.50,3.15
2013.01.29 11:05:34.891,1.24084,1.24099,2.25,2.25
2013.01.29 11:05:35.212,1.2409,1.24101,1.50,1.50
2013.01.29 11:05:37.849,1.2409,1.24103,1.50,2.40
2013.01.29 11:05:38.641,1.24091,1.24103,1.50,2.40
2013.01.29 11:05:40.574,1.24091,1.24102,1.50,1.65
2013.01.29 11:05:46.923,1.24091,1.24102,2.07,1.65
2013.01.29 11:05:47.479,1.24091,1.24102,2.07,1.50
2013.01.29 11:05:47.986,1.24091,1.24102,2.07,1.50
2013.01.29 11:05:48.211,1.24091,1.24102,1.50,1.50
2013.01.29 11:05:48.742,1.24091,1.24102,1.50,1.50
2013.01.29 11:05:49.417,1.24089,1.24102,2.25,2.25
2013.01.29 11:05:50.948,1.24089,1.241,2.25,2.25
2013.01.29 11:05:51.670,1.24089,1.241,2.82,2.25
2013.01.29 11:05:51.980,1.24092,1.24102,2.07,2.25
2013.01.29 11:05:52.040,1.2409,1.24101,2.07,5.25
2013.01.29 11:05:52.410,1.24092,1.241,1.50,1.50
2013.01.29 11:05:53.099,1.24091,1.241,3.00,1.50
2013.01.29 11:05:54.180,1.24089,1.241,1.50,1.50
2013.01.29 11:05:55.761,1.24089,1.241,2.07,1.50
2013.01.29 11:05:56.000,1.24089,1.241,2.82,1.50
2013.01.29 11:05:56.304,1.24089,1.241,2.82,1.50
2013.01.29 11:05:56.370,1.24089,1.241,4.32,1.50
2013.01.29 11:05:57.310,1.2409,1.241,2.82,1.50
2013.01.29 11:05:57.820,1.24091,1.241,2.07,1.50
2013.01.29 11:05:59.520,1.24091,1.24101,2.07,5.25
2013.01.29 11:06:00.068,1.24091,1.24102,2.07,5.25
2013.01.29 11:06:02.052,1.24091,1.24102,2.82,4.50
2013.01.29 11:06:02.363,1.24103,1.24113,2.82,1.88
2013.01.29 11:06:02.933,1.24109,1.2412,1.13,6.30
2013.01.29 11:06:03.020,1.24109,1.24122,2.44,1.50
2013.01.29 11:06:03.545,1.24113,1.24125,1.50,3.38
2013.01.29 11:06:04.072,1.24112,1.24125,2.07,3.38
2013.01.29 11:06:04.431,1.24113,1.24125,2.07,3.38
2013.01.29 11:06:04.972,1.24113,1.24127,2.07,1.50
2013.01.29 11:06:05.093,1.24113,1.24127,2.07,1.50
2013.01.29 11:06:05.162,1.24114,1.24127,1.32,1.50
2013.01.29 11:06:05.710,1.24117,1.24129,1.50,1.13
2013.01.29 11:06:10.031,1.24117,1.24131,1.50,1.50
2013.01.29 11:06:10.685,1.24117,1.24133,2.07,2.25
2013.01.29 11:06:12.152,1.24117,1.2413,2.07,1.50
2013.01.29 11:06:12.710,1.24117,1.24133,2.07,2.25
2013.01.29 11:06:13.023,1.24119,1.24131,1.32,1.50
2013.01.29 11:06:18.619,1.24117,1.24131,2.40,1.13
2013.01.29 11:06:18.760,1.24117,1.24133,2.40,3.00
2013.01.29 11:06:20.140,1.24118,1.24132,1.47,1.50
2013.01.29 11:06:20.690,1.24117,1.2413,2.63,1.13
2013.01.29 11:06:28.013,1.24117,1.24129,1.13,4.65
2013.01.29 11:06:28.201,1.24118,1.24131,2.25,1.88
2013.01.29 11:06:28.320,1.24116,1.24131,1.13,1.97
2013.01.29 11:06:28.440,1.24115,1.2413,3.57,1.97
2013.01.29 11:06:28.501,1.24118,1.2413,1.50,6.25
2013.01.29 11:06:28.624,1.24115,1.24129,2.07,2.12
2013.01.29 11:06:28.880,1.24114,1.24131,2.07,2.63
2013.01.29 11:06:29.419,1.24116,1.2413,2.25,1.50
2013.01.29 11:06:29.999,1.24116,1.24131,2.25,2.63
2013.01.29 11:06:30.921,1.24116,1.24129,2.25,1.50
2013.01.29 11:06:34.230,1.24116,1.24132,3.75,4.50
2013.01.29 11:06:34.351,1.24119,1.24133,1.50,1.50
2013.01.29 11:06:34.412,1.24119,1.24135,3.00,2.78
2013.01.29 11:06:35.959,1.24121,1.24135,1.13,1.65
2013.01.29 11:06:37.581,1.24122,1.24138,1.32,2.25
2013.01.29 11:06:37.704,1.24125,1.24138,2.82,1.50
2013.01.29 11:06:37.831,1.2413,1.24138,1.32,1.50
2013.01.29 11:06:37.890,1.24129,1.2414,1.32,1.50
2013.01.29 11:06:37.950,1.24129,1.24143,1.32,1.50
2013.01.29 11:06:38.071,1.2413,1.24144,1.50,1.50
2013.01.29 11:06:38.851,1.24128,1.24146,2.97,1.50
2013.01.29 11:06:41.082,1.24128,1.24144,1.84,1.50
2013.01.29 11:06:41.202,1.24128,1.24146,3.34,1.50
2013.01.29 11:06:42.104,1.24128,1.24146,2.40,1.50
2013.01.29 11:06:42.235,1.24127,1.24144,3.38,1.50
2013.01.29 11:06:42.300,1.24127,1.24144,1.88,1.50
2013.01.29 11:06:42.900,1.24127,1.24142,2.03,1.50
2013.01.29 11:06:43.470,1.24127,1.24142,1.13,1.50
2013.01.29 11:06:44.200,1.24126,1.2414,1.50,1.50
2013.01.29 11:06:44.320,1.24122,1.2414,3.19,1.50
2013.01.29 11:06:44.622,1.24122,1.2414,3.94,1.50
2013.01.29 11:06:44.981,1.2413,1.24144,1.50,5.25
2013.01.29 11:06:45.051,1.24127,1.24144,1.50,5.25
2013.01.29 11:06:45.290,1.24129,1.24144,1.50,5.25
2013.01.29 11:06:47.000,1.24129,1.24142,1.50,5.10
2013.01.29 11:06:47.730,1.24128,1.24142,1.50,5.10
2013.01.29 11:06:48.822,1.24128,1.24142,3.57,5.10
2013.01.29 11:06:48.881,1.24128,1.24142,3.00,5.25
2013.01.29 11:06:49.301,1.24128,1.24139,1.50,4.50
2013.01.29 11:06:49.421,1.24126,1.24139,1.50,4.50
2013.01.29 11:06:53.342,1.24123,1.24139,1.50,1.50
2013.01.29 11:06:53.900,1.24124,1.24139,1.50,2.25
2013.01.29 11:06:56.110,1.24124,1.24138,1.50,1.35
2013.01.29 11:06:56.470,1.24124,1.24134,1.50,4.65
2013.01.29 11:06:57.453,1.24124,1.24134,2.07,4.65
2013.01.29 11:06:57.580,1.24124,1.24134,1.50,4.50
2013.01.29 11:06:57.820,1.24124,1.24141,1.50,4.50
2013.01.29 11:06:57.880,1.24124,1.24139,1.50,4.50
2013.01.29 11:06:58.120,1.24125,1.24141,1.50,1.50
2013.01.29 11:06:59.561,1.24127,1.24141,1.50,1.50
2013.01.29 11:07:00.401,1.24128,1.24141,1.50,1.50
2013.01.29 11:07:01.313,1.24127,1.24141,1.50,1.50
2013.01.29 11:07:06.296,1.24129,1.24141,1.50,1.50
2013.01.29 11:07:07.297,1.24127,1.24141,1.50,1.50
2013.01.29 11:07:10.980,1.24127,1.24141,1.50,2.25
2013.01.29 11:07:19.980,1.24125,1.24141,1.50,2.25
2013.01.29 11:07:20.424,1.24127,1.24141,1.50,2.25
2013.01.29 11:07:22.260,1.24127,1.24144,3.38,3.00
2013.01.29 11:07:22.570,1.24129,1.24144,1.88,1.50
2013.01.29 11:07:24.211,1.2413,1.24146,2.44,2.10
2013.01.29 11:07:24.841,1.24132,1.24146,1.88,2.85
2013.01.29 11:07:34.322,1.24131,1.24145,1.88,1.35
2013.01.29 11:07:34.405,1.24131,1.24145,1.88,2.85
2013.01.29 11:07:34.732,1.24131,1.24145,2.44,1.35
2013.01.29 11:07:35.281,1.24129,1.24145,2.44,2.85
2013.01.29 11:07:35.810,1.24129,1.24145,1.88,3.60
2013.01.29 11:07:36.362,1.24129,1.24144,1.88,1.50
2013.01.29 11:07:38.103,1.24129,1.24143,2.44,1.50
2013.01.29 11:07:47.140,1.24128,1.24143,1.88,1.50
2013.01.29 11:07:48.662,1.24128,1.24143,1.88,3.00
2013.01.29 11:07:52.600,1.24128,1.24143,1.88,1.50
2013.01.29 11:07:53.270,1.24127,1.24141,1.88,1.50
2013.01.29 11:07:55.821,1.24127,1.2414,1.50,1.50
2013.01.29 11:07:56.010,1.24126,1.2414,2.03,2.25
2013.01.29 11:07:56.073,1.24126,1.2414,2.25,2.25
2013.01.29 11:07:56.380,1.24127,1.2414,1.50,1.50
2013.01.29 11:07:59.091,1.24126,1.2414,1.50,1.50
2013.01.29 11:07:59.211,1.24122,1.24138,1.13,1.50
2013.01.29 11:07:59.834,1.24123,1.24139,1.65,1.50
2013.01.29 11:08:00.331,1.2412,1.24138,2.63,2.25
2013.01.29 11:08:00.868,1.24121,1.24138,1.13,2.25
2013.01.29 11:08:01.237,1.24122,1.24138,1.13,2.25
2013.01.29 11:08:01.811,1.24126,1.24139,1.13,3.00
2013.01.29 11:08:02.491,1.24127,1.24142,1.13,1.50
2013.01.29 11:08:02.860,1.24126,1.2414,2.63,1.50
2013.01.29 11:08:03.381,1.24126,1.2414,1.13,1.50
2013.01.29 11:08:05.140,1.24126,1.2414,1.13,1.50
2013.01.29 11:08:05.950,1.24126,1.24138,1.13,1.50
2013.01.29 11:08:06.529,1.24126,1.24139,1.13,1.50
2013.01.29 11:08:07.391,1.24126,1.24139,1.13,1.50
2013.01.29 11:08:07.520,1.24126,1.24141,1.13,1.50
2013.01.29 11:08:07.820,1.24126,1.24143,2.25,1.50
2013.01.29 11:08:08.342,1.24126,1.24144,2.25,3.00
2013.01.29 11:08:08.400,1.24125,1.2414,1.13,1.50
2013.01.29 11:08:08.520,1.24125,1.24139,1.13,1.50
2013.01.29 11:08:09.121,1.24127,1.24139,1.50,1.50
2013.01.29 11:08:09.361,1.24127,1.24141,1.32,1.50
2013.01.29 11:08:09.421,1.24125,1.24142,1.32,1.50
2013.01.29 11:08:09.542,1.24123,1.24139,3.38,1.50
2013.01.29 11:08:10.031,1.24123,1.24139,2.63,1.50
2013.01.29 11:08:10.210,1.24124,1.24142,2.25,2.25
2013.01.29 11:08:10.272,1.24123,1.24138,1.13,1.50
2013.01.29 11:08:12.035,1.24126,1.24143,1.50,1.50
2013.01.29 11:08:12.101,1.24124,1.24143,2.25,1.50
2013.01.29 11:08:12.401,1.24127,1.24141,1.50,5.25
2013.01.29 11:08:14.537,1.24127,1.24142,1.50,1.50
2013.01.29 11:08:14.780,1.24129,1.24142,1.50,1.50
2013.01.29 11:08:15.339,1.24128,1.24143,1.50,1.50
2013.01.29 11:08:15.842,1.24128,1.24142,1.50,1.50
2013.01.29 11:08:15.912,1.24124,1.24142,1.50,1.50
2013.01.29 11:08:16.476,1.24125,1.24141,1.50,5.25
2013.01.29 11:08:16.903,1.24128,1.24143,1.50,1.50
2013.01.29 11:08:19.572,1.24128,1.2414,1.50,1.50
2013.01.29 11:08:19.631,1.24126,1.2414,1.50,1.50
2013.01.29 11:08:19.750,1.24123,1.2414,2.25,3.00
2013.01.29 11:08:19.811,1.24123,1.2414,2.82,3.00
2013.01.29 11:08:20.354,1.24127,1.24143,1.50,1.50
2013.01.29 11:08:21.473,1.24125,1.24143,2.25,1.13
2013.01.29 11:08:21.802,1.24124,1.24142,2.25,3.00
2013.01.29 11:08:22.311,1.24124,1.2414,1.50,1.50
2013.01.29 11:08:22.760,1.24127,1.24143,1.50,3.38
2013.01.29 11:08:23.300,1.24127,1.24143,1.50,3.00
2013.01.29 11:08:28.264,1.24127,1.24143,2.07,3.00
2013.01.29 11:08:28.572,1.24125,1.24139,3.00,1.50
2013.01.29 11:08:29.150,1.2412,1.24138,2.63,1.50
2013.01.29 11:08:29.273,1.2412,1.24138,2.63,2.25
2013.01.29 11:08:29.401,1.24121,1.24138,1.50,1.50
2013.01.29 11:08:29.941,1.24122,1.24139,1.50,2.25
2013.01.29 11:08:30.697,1.24122,1.24138,1.50,1.50
2013.01.29 11:08:31.620,1.2412,1.24138,1.50,1.50
2013.01.29 11:08:32.361,1.24121,1.24139,1.50,2.25
2013.01.29 11:08:32.721,1.2412,1.24136,2.25,1.50
2013.01.29 11:08:34.150,1.2412,1.24136,2.07,1.50
2013.01.29 11:08:34.331,1.24122,1.2414,1.50,3.38
2013.01.29 11:08:34.631,1.24122,1.2414,1.50,3.38
2013.01.29 11:08:36.001,1.24121,1.24138,1.32,2.25
2013.01.29 11:08:36.480,1.24123,1.24134,1.50,4.50
2013.01.29 11:08:36.602,1.2412,1.24132,2.07,1.50
2013.01.29 11:08:37.060,1.24117,1.24132,2.07,1.50
2013.01.29 11:08:37.551,1.24119,1.24132,1.50,1.50
2013.01.29 11:08:38.531,1.24119,1.24132,1.88,1.50
2013.01.29 11:08:39.071,1.24117,1.24135,4.13,3.00
2013.01.29 11:08:40.860,1.24117,1.24135,1.88,3.00
2013.01.29 11:08:41.842,1.24117,1.24135,1.88,3.75
2013.01.29 11:08:44.944,1.24117,1.24134,1.88,1.50
2013.01.29 11:08:47.883,1.24117,1.24134,1.88,1.50
2013.01.29 11:08:53.415,1.24117,1.24134,1.88,1.50
2013.01.29 11:08:55.220,1.24116,1.24131,1.13,1.50
2013.01.29 11:08:55.460,1.24115,1.24131,3.75,1.50
2013.01.29 11:08:55.761,1.24112,1.2413,3.75,2.25
2013.01.29 11:08:56.741,1.24112,1.24128,2.63,1.50
2013.01.29 11:08:57.280,1.24112,1.24128,1.50,1.50
2013.01.29 11:08:57.760,1.2411,1.24128,3.00,2.25
2013.01.29 11:08:58.031,1.2411,1.24128,2.07,2.25
2013.01.29 11:08:58.688,1.24114,1.24131,2.07,2.25
2013.01.29 11:08:59.952,1.24114,1.24131,1.50,2.25
2013.01.29 11:09:05.810,1.24114,1.24131,1.50,1.50
2013.01.29 11:09:06.961,1.24114,1.24131,1.50,1.50
2013.01.29 11:09:07.204,1.24114,1.24131,1.50,1.50
2013.01.29 11:09:07.674,1.24114,1.24131,2.07,1.50
2013.01.29 11:09:07.980,1.24117,1.24131,2.07,1.50
2013.01.29 11:09:09.100,1.24117,1.24131,1.50,1.50
2013.01.29 11:09:09.461,1.24117,1.24131,2.07,1.50
2013.01.29 11:09:10.311,1.24117,1.24131,1.50,1.50
2013.01.29 11:09:10.490,1.24117,1.24131,1.50,1.88
2013.01.29 11:09:11.391,1.24115,1.2413,1.50,1.50
2013.01.29 11:09:11.701,1.24112,1.24127,1.50,1.50
2013.01.29 11:09:12.330,1.24111,1.24127,1.50,3.00
2013.01.29 11:09:13.066,1.24111,1.24127,1.50,3.00
2013.01.29 11:09:13.571,1.24111,1.24127,1.50,2.25
2013.01.29 11:09:15.031,1.24111,1.24127,1.50,2.25
2013.01.29 11:09:15.152,1.24108,1.24126,1.50,2.25
2013.01.29 11:09:15.401,1.24104,1.24122,2.63,1.50
2013.01.29 11:09:15.963,1.24104,1.24122,3.38,1.50
2013.01.29 11:09:18.870,1.24104,1.24122,3.00,1.50
2013.01.29 11:09:19.051,1.24104,1.24121,2.25,1.50
2013.01.29 11:09:19.483,1.24104,1.24121,1.50,1.50
2013.01.29 11:09:20.032,1.24103,1.24118,1.50,2.25
2013.01.29 11:09:20.531,1.241,1.24116,2.25,1.50
2013.01.29 11:09:21.072,1.241,1.24116,1.50,1.88
2013.01.29 11:09:21.612,1.24098,1.24114,6.75,1.50
2013.01.29 11:09:22.243,1.24098,1.24113,4.50,1.50
2013.01.29 11:09:23.710,1.24098,1.24111,4.50,1.50
2013.01.29 11:09:24.011,1.24098,1.24107,4.50,1.50
2013.01.29 11:09:24.071,1.24094,1.24106,1.50,1.50
2013.01.29 11:09:24.190,1.2409,1.24106,1.35,1.50
2013.01.29 11:09:24.250,1.2409,1.24106,1.13,1.50
2013.01.29 11:09:24.311,1.2409,1.24104,1.13,1.50
2013.01.29 11:09:24.610,1.24087,1.24104,1.35,2.25
2013.01.29 11:09:24.731,1.24086,1.24102,1.50,1.50
2013.01.29 11:09:24.791,1.24086,1.24102,1.50,2.25
2013.01.29 11:09:25.331,1.24083,1.24099,1.50,2.25
2013.01.29 11:09:25.512,1.24082,1.24099,1.50,2.25
2013.01.29 11:09:26.163,1.24081,1.24096,1.32,2.25
2013.01.29 11:09:26.384,1.24078,1.24096,4.32,2.25
2013.01.29 11:09:26.451,1.24078,1.24092,2.82,1.50
2013.01.29 11:09:26.811,1.24073,1.24091,2.82,2.25
2013.01.29 11:09:27.552,1.24074,1.24091,2.07,2.63
2013.01.29 11:09:28.152,1.24074,1.24091,2.07,2.63
2013.01.29 11:09:28.600,1.24074,1.24091,2.07,2.63
2013.01.29 11:09:28.660,1.24074,1.24091,2.07,2.63
2013.01.29 11:09:28.840,1.24074,1.24091,1.50,2.63
2013.01.29 11:09:29.780,1.24074,1.24091,2.07,2.63
2013.01.29 11:09:30.320,1.24074,1.24091,2.07,2.63
2013.01.29 11:09:30.561,1.24074,1.24091,2.82,2.63
2013.01.29 11:09:30.861,1.24074,1.24091,2.82,2.63
2013.01.29 11:09:31.281,1.24073,1.24089,3.19,3.00
2013.01.29 11:09:31.461,1.24073,1.24089,3.19,2.25
2013.01.29 11:09:31.951,1.24073,1.24089,2.25,3.75
2013.01.29 11:09:32.381,1.24078,1.24085,4.50,1.50
2013.01.29 11:09:32.501,1.24076,1.24085,3.75,1.50
2013.01.29 11:09:32.570,1.24076,1.24087,3.75,1.50
2013.01.29 11:09:33.950,1.24076,1.2409,3.75,3.75
2013.01.29 11:09:34.193,1.24078,1.2409,4.50,3.00
2013.01.29 11:09:34.680,1.24078,1.24092,4.50,2.25
2013.01.29 11:09:39.570,1.24079,1.24092,1.13,2.25
2013.01.29 11:09:40.051,1.24078,1.2409,1.43,1.50
2013.01.29 11:09:40.584,1.24078,1.2409,2.03,1.50
2013.01.29 11:09:41.220,1.24079,1.24092,1.73,1.50
2013.01.29 11:09:50.500,1.24079,1.24095,1.73,2.25
2013.01.29 11:09:55.061,1.24079,1.24093,1.73,1.50
2013.01.29 11:09:57.867,1.2408,1.24093,1.73,1.50
2013.01.29 11:09:58.112,1.24078,1.24091,2.55,1.50
2013.01.29 11:09:58.231,1.24078,1.24089,1.58,1.13
2013.01.29 11:09:59.901,1.24076,1.24088,1.13,1.50
2013.01.29 11:09:59.960,1.24076,1.2409,1.13,1.50
2013.01.29 11:10:01.901,1.24076,1.24085,1.50,1.50
2013.01.29 11:10:02.022,1.24074,1.24086,1.13,1.50
2013.01.29 11:10:02.390,1.24074,1.24088,1.13,1.50
2013.01.29 11:10:02.711,1.24072,1.2409,1.50,1.50
2013.01.29 11:10:03.221,1.24071,1.24087,3.00,2.25
2013.01.29 11:10:03.520,1.24074,1.2409,1.50,1.50
2013.01.29 11:10:04.080,1.24074,1.24092,2.25,4.13
2013.01.29 11:10:04.642,1.24076,1.24092,1.50,1.88
2013.01.29 11:10:05.035,1.24076,1.2409,1.50,2.25
2013.01.29 11:10:05.600,1.24075,1.24088,1.50,1.13
2013.01.29 11:10:05.874,1.24071,1.24087,2.25,2.25
2013.01.29 11:10:05.944,1.24071,1.24087,2.25,2.25
2013.01.29 11:10:06.016,1.24073,1.24088,2.25,1.13
2013.01.29 11:10:06.142,1.24073,1.24088,2.25,1.13
2013.01.29 11:10:06.502,1.24078,1.24092,2.25,1.50
2013.01.29 11:10:06.633,1.24078,1.24092,2.25,1.50
2013.01.29 11:10:06.703,1.2408,1.24093,1.50,1.13
2013.01.29 11:10:07.200,1.24078,1.24096,2.25,4.50
2013.01.29 11:10:07.320,1.24078,1.24097,2.25,3.38
2013.01.29 11:10:07.879,1.24077,1.24095,2.25,1.50
2013.01.29 11:10:08.482,1.24079,1.24095,1.13,1.50
2013.01.29 11:10:08.722,1.2408,1.24096,2.25,1.50
2013.01.29 11:10:09.021,1.2408,1.24096,2.25,1.50
2013.01.29 11:10:09.354,1.24082,1.24098,1.50,2.25
2013.01.29 11:10:09.900,1.2408,1.24097,2.25,1.50
2013.01.29 11:10:10.427,1.24081,1.24099,2.25,2.25
2013.01.29 11:10:10.752,1.24081,1.24098,2.25,1.13
2013.01.29 11:10:10.871,1.24078,1.24092,1.88,1.50
2013.01.29 11:10:10.931,1.24077,1.24092,1.73,1.50
2013.01.29 11:10:11.290,1.24079,1.24092,1.65,1.50
2013.01.29 11:10:11.412,1.2408,1.24096,2.25,3.00
2013.01.29 11:10:11.592,1.2408,1.24096,2.25,1.50
2013.01.29 11:10:13.210,1.24082,1.24099,1.50,1.13
2013.01.29 11:10:18.671,1.24081,1.24096,1.50,1.50
2013.01.29 11:10:18.973,1.2408,1.24094,1.50,1.50
2013.01.29 11:10:19.983,1.2408,1.24094,1.50,1.50
2013.01.29 11:10:20.291,1.24083,1.24096,5.25,1.50
2013.01.29 11:10:20.773,1.24081,1.24096,1.88,1.50
2013.01.29 11:10:21.021,1.24081,1.24096,1.88,1.50
2013.01.29 11:10:21.322,1.24084,1.24098,1.50,1.50
2013.01.29 11:10:21.623,1.24086,1.24098,1.35,1.50
2013.01.29 11:10:22.173,1.24086,1.24098,4.50,1.50
2013.01.29 11:10:22.301,1.24086,1.24101,4.50,1.50
2013.01.29 11:10:22.481,1.24084,1.24101,1.13,2.25
2013.01.29 11:10:22.601,1.24084,1.24099,1.13,1.50
2013.01.29 11:10:23.348,1.24083,1.24099,1.50,1.50
2013.01.29 11:10:23.555,1.24083,1.24099,5.25,1.50
2013.01.29 11:10:24.422,1.24083,1.24098,5.25,1.50
2013.01.29 11:10:24.960,1.24083,1.24097,5.25,1.50
2013.01.29 11:10:25.082,1.24083,1.24095,5.25,1.50
2013.01.29 11:10:25.247,1.24083,1.24097,5.25,1.50
2013.01.29 11:10:25.363,1.24083,1.24095,5.25,1.50
2013.01.29 11:10:25.910,1.24083,1.24096,5.25,1.50
2013.01.29 11:10:26.214,1.24083,1.24093,5.25,1.50
2013.01.29 11:10:26.717,1.24081,1.24093,3.75,1.50
2013.01.29 11:10:27.251,1.24081,1.24092,3.75,1.50
2013.01.29 11:10:28.892,1.24081,1.24091,3.75,1.50
2013.01.29 11:10:29.366,1.24077,1.24091,1.50,3.00
2013.01.29 11:10:29.434,1.24078,1.24089,1.50,1.50
2013.01.29 11:10:29.960,1.24078,1.24089,1.50,1.50
2013.01.29 11:10:31.391,1.24078,1.24092,1.50,3.00
2013.01.29 11:10:31.928,1.24078,1.24089,1.50,1.50
2013.01.29 11:10:32.009,1.24073,1.24089,1.35,1.50
2013.01.29 11:10:32.142,1.24073,1.24089,1.35,1.50
2013.01.29 11:10:32.451,1.24078,1.24091,1.50,3.00
2013.01.29 11:10:32.693,1.24076,1.24092,2.25,1.50
2013.01.29 11:10:32.822,1.24075,1.24091,3.75,1.50
2013.01.29 11:10:33.335,1.24073,1.24089,1.50,1.50
2013.01.29 11:10:33.461,1.24072,1.24089,1.50,1.50
2013.01.29 11:10:34.001,1.24071,1.24088,4.50,3.00
2013.01.29 11:10:34.062,1.24069,1.24086,4.50,1.88
2013.01.29 11:10:34.372,1.24067,1.24083,2.25,1.50
2013.01.29 11:10:34.732,1.24064,1.24081,1.50,1.50
2013.01.29 11:10:35.825,1.24066,1.2408,3.75,1.50
2013.01.29 11:10:35.894,1.24063,1.24078,1.50,1.50
2013.01.29 11:10:36.082,1.24062,1.24076,4.50,1.50
2013.01.29 11:10:37.113,1.2406,1.24076,5.07,1.50
2013.01.29 11:10:39.421,1.24059,1.24076,1.50,1.50
2013.01.29 11:10:39.482,1.24058,1.24073,2.25,1.50
2013.01.29 11:10:40.031,1.24058,1.24072,1.50,1.50
2013.01.29 11:10:40.092,1.24057,1.2407,3.00,1.50
2013.01.29 11:10:40.927,1.24057,1.2407,1.13,1.50
2013.01.29 11:10:41.961,1.24056,1.2407,5.63,1.50
2013.01.29 11:10:42.499,1.24058,1.2407,1.50,1.50
2013.01.29 11:10:42.683,1.24059,1.24072,1.50,3.00
2013.01.29 11:10:42.932,1.24059,1.24074,1.50,1.50
2013.01.29 11:10:43.171,1.24057,1.24074,1.50,1.50
2013.01.29 11:10:43.350,1.24057,1.24072,1.50,1.50
2013.01.29 11:10:43.711,1.24057,1.24069,1.13,1.50
2013.01.29 11:10:44.252,1.24057,1.24069,5.63,1.50
2013.01.29 11:10:45.271,1.24056,1.24067,2.48,1.50
2013.01.29 11:10:46.401,1.24055,1.24067,1.65,1.50
2013.01.29 11:10:47.023,1.24056,1.24067,1.13,1.50
2013.01.29 11:10:47.091,1.24056,1.24067,1.13,1.50
2013.01.29 11:10:47.351,1.24056,1.24069,1.13,1.50
2013.01.29 11:10:50.873,1.24056,1.24069,1.13,1.50
2013.01.29 11:10:51.421,1.24055,1.24069,1.65,1.50
2013.01.29 11:10:53.143,1.24055,1.2407,1.65,3.00
2013.01.29 11:10:53.946,1.24055,1.24068,2.25,1.50
2013.01.29 11:10:54.952,1.24055,1.24071,1.65,1.50
2013.01.29 11:10:55.693,1.24056,1.24073,2.07,2.25
2013.01.29 11:10:55.764,1.24054,1.24071,1.50,2.25
2013.01.29 11:10:56.071,1.24053,1.24068,1.50,1.50
2013.01.29 11:10:56.682,1.24053,1.24066,1.50,1.50
2013.01.29 11:10:56.991,1.2405,1.24064,1.88,1.50
2013.01.29 11:10:57.051,1.2405,1.24064,1.13,1.50
2013.01.29 11:10:57.603,1.24049,1.24067,3.75,3.38
2013.01.29 11:10:58.160,1.24049,1.24066,1.50,2.25
2013.01.29 11:10:58.762,1.2405,1.24067,1.32,1.88
2013.01.29 11:10:59.832,1.2405,1.24067,1.50,1.88
2013.01.29 11:11:00.621,1.24052,1.24068,3.00,3.00
2013.01.29 11:11:00.681,1.24052,1.2407,3.00,1.88
2013.01.29 11:11:01.160,1.24051,1.24067,2.25,1.50
2013.01.29 11:11:01.462,1.24045,1.24057,1.50,1.50
2013.01.29 11:11:01.582,1.24045,1.24061,1.50,3.00
2013.01.29 11:11:02.001,1.2404,1.24059,3.00,2.63
2013.01.29 11:11:02.243,1.24038,1.24058,4.50,2.25
2013.01.29 11:11:03.327,1.24039,1.24057,2.25,1.50
2013.01.29 11:11:03.790,1.2404,1.24057,2.25,1.50
2013.01.29 11:11:04.091,1.24043,1.24055,1.50,1.50
2013.01.29 11:11:04.609,1.24038,1.24055,3.00,1.50
2013.01.29 11:11:05.082,1.24043,1.24057,1.32,1.88
2013.01.29 11:11:05.631,1.24044,1.2406,1.50,1.88
2013.01.29 11:11:05.751,1.24044,1.2406,1.50,1.50
2013.01.29 11:11:05.936,1.24041,1.24057,4.50,1.50
2013.01.29 11:11:07.391,1.24041,1.24055,4.50,1.50
2013.01.29 11:11:07.511,1.24041,1.24058,4.50,1.50
2013.01.29 11:11:07.842,1.24041,1.24055,4.50,1.50
2013.01.29 11:11:08.101,1.24041,1.24055,4.50,1.50
2013.01.29 11:11:08.775,1.24041,1.24056,1.50,1.50
2013.01.29 11:11:08.962,1.24043,1.2406,4.50,1.50
2013.01.29 11:11:12.171,1.24043,1.24058,1.50,1.50
2013.01.29 11:11:12.351,1.2404,1.24058,2.10,2.25
2013.01.29 11:11:12.411,1.24039,1.24055,2.10,1.50
2013.01.29 11:11:12.915,1.24036,1.24053,1.50,1.50
2013.01.29 11:11:12.984,1.24036,1.24053,1.50,1.50
2013.01.29 11:11:13.172,1.24036,1.24049,1.50,1.50
2013.01.29 11:11:13.291,1.24032,1.24046,1.50,1.50
2013.01.29 11:11:14.120,1.24032,1.24049,1.50,3.75
2013.01.29 11:11:14.241,1.24032,1.24049,1.50,1.50
2013.01.29 11:11:15.263,1.24035,1.2405,4.50,1.50
2013.01.29 11:11:15.331,1.24035,1.24052,4.50,1.50
2013.01.29 11:11:15.832,1.24035,1.24052,4.50,1.50
2013.01.29 11:11:16.153,1.24038,1.24054,2.07,3.00
2013.01.29 11:11:16.461,1.24041,1.24054,5.25,3.00
2013.01.29 11:11:16.823,1.24041,1.24057,1.50,3.00
2013.01.29 11:11:16.893,1.24038,1.24055,2.25,1.50
2013.01.29 11:11:17.381,1.24036,1.24052,1.50,1.50
2013.01.29 11:11:17.442,1.24036,1.24052,1.50,1.50
2013.01.29 11:11:17.981,1.24037,1.24052,1.50,1.50
2013.01.29 11:11:18.042,1.24034,1.24051,1.50,2.25
2013.01.29 11:11:18.172,1.24033,1.24048,4.50,1.50
2013.01.29 11:11:18.422,1.2403,1.24048,3.75,2.25
2013.01.29 11:11:19.261,1.24031,1.24045,1.50,1.50
2013.01.29 11:11:21.223,1.24031,1.24048,1.50,3.00
2013.01.29 11:11:21.590,1.24034,1.24049,3.75,1.13
2013.01.29 11:11:25.401,1.24034,1.24048,4.50,1.88
2013.01.29 11:11:25.719,1.24038,1.24049,4.50,1.50
2013.01.29 11:11:26.433,1.24038,1.2405,4.50,1.50
2013.01.29 11:11:27.120,1.24037,1.24052,5.85,1.50
2013.01.29 11:11:28.056,1.24037,1.24051,5.85,2.25
2013.01.29 11:11:42.871,1.24038,1.24053,1.50,2.07
2013.01.29 11:11:44.502,1.24039,1.24053,1.50,1.50
2013.01.29 11:11:44.854,1.24042,1.24053,1.50,1.50
2013.01.29 11:11:45.112,1.24042,1.24055,3.00,1.88
2013.01.29 11:11:45.411,1.24042,1.24058,3.00,1.50
2013.01.29 11:11:46.074,1.24039,1.24054,1.50,1.50
2013.01.29 11:11:47.541,1.24039,1.24054,1.50,2.25
2013.01.29 11:11:48.091,1.24039,1.24051,1.50,1.50
2013.01.29 11:11:48.710,1.24039,1.24051,1.50,1.50
2013.01.29 11:11:51.967,1.24037,1.24051,2.25,1.50
2013.01.29 11:11:52.092,1.24037,1.24049,2.25,1.50
2013.01.29 11:11:52.152,1.24038,1.24051,1.50,1.50
2013.01.29 11:11:52.866,1.24038,1.24052,2.25,1.50
2013.01.29 11:11:53.651,1.24038,1.24054,2.25,2.25
2013.01.29 11:11:55.572,1.24038,1.24054,1.50,1.50
2013.01.29 11:11:56.401,1.24039,1.24054,2.25,1.50
2013.01.29 11:11:57.024,1.24041,1.24055,4.50,1.50
2013.01.29 11:11:59.321,1.24043,1.24055,3.00,1.50
2013.01.29 11:11:59.622,1.24043,1.24055,2.25,1.50
2013.01.29 11:12:00.172,1.24041,1.24056,5.25,3.00
2013.01.29 11:12:00.602,1.24041,1.24058,5.25,2.63
2013.01.29 11:12:00.870,1.24041,1.24056,5.25,1.50
2013.01.29 11:12:02.003,1.24039,1.24056,2.25,2.25
2013.01.29 11:12:02.313,1.24039,1.24053,2.25,1.50
2013.01.29 11:12:03.132,1.2404,1.24055,1.50,1.50
2013.01.29 11:12:03.192,1.24041,1.24055,4.50,1.50
2013.01.29 11:12:03.322,1.24041,1.24057,6.00,1.50
2013.01.29 11:12:04.651,1.24041,1.24056,4.50,1.50
2013.01.29 11:12:05.191,1.24038,1.24054,1.35,2.07
2013.01.29 11:12:05.433,1.24035,1.24052,4.88,2.07
2013.01.29 11:12:05.879,1.24034,1.24052,2.85,1.50
2013.01.29 11:12:06.653,1.24035,1.24053,2.25,2.63
2013.01.29 11:12:06.728,1.24034,1.2405,5.25,1.50
2013.01.29 11:12:07.111,1.24036,1.24052,1.50,1.50
2013.01.29 11:12:07.640,1.24034,1.24052,5.25,1.50
2013.01.29 11:12:08.481,1.24035,1.24052,1.50,1.50
2013.01.29 11:12:08.791,1.24041,1.24053,4.50,1.50
2013.01.29 11:12:08.974,1.24041,1.24055,4.50,2.44
2013.01.29 11:12:09.280,1.24037,1.24055,3.00,2.44
2013.01.29 11:12:09.462,1.24037,1.24053,2.25,1.50
2013.01.29 11:12:09.822,1.24037,1.24051,1.50,1.50
2013.01.29 11:12:10.125,1.24038,1.24051,4.50,1.50
2013.01.29 11:12:10.192,1.24037,1.24053,2.48,1.50
2013.01.29 11:12:10.722,1.24037,1.24053,2.63,2.07
2013.01.29 11:12:10.912,1.24037,1.24053,2.63,2.07
2013.01.29 11:12:11.152,1.24037,1.24053,2.63,2.07
2013.01.29 11:12:11.220,1.24037,1.24053,2.25,2.44
2013.01.29 11:12:11.341,1.24036,1.24053,1.50,3.38
2013.01.29 11:12:11.642,1.24034,1.24048,1.50,1.32
2013.01.29 11:12:11.952,1.24034,1.24043,1.50,1.32
2013.01.29 11:12:12.011,1.24034,1.24044,1.50,1.32
2013.01.29 11:12:12.373,1.24034,1.24045,1.50,1.69
2013.01.29 11:12:12.930,1.24034,1.24044,1.50,1.50
2013.01.29 11:12:13.078,1.24029,1.24042,1.50,1.50
2013.01.29 11:12:13.580,1.24029,1.24042,1.50,1.50
2013.01.29 11:12:14.461,1.24026,1.24042,3.60,2.07
2013.01.29 11:12:14.641,1.24026,1.24042,3.75,1.50
2013.01.29 11:12:15.631,1.24029,1.24042,1.50,1.50
2013.01.29 11:12:16.181,1.24028,1.24043,5.25,2.07
2013.01.29 11:12:17.270,1.24031,1.24043,1.50,1.50
2013.01.29 11:12:17.582,1.24032,1.24045,2.25,1.50
2013.01.29 11:12:18.084,1.24032,1.24046,2.25,2.07
2013.01.29 11:12:19.471,1.24032,1.24046,1.50,2.07
2013.01.29 11:12:19.831,1.2403,1.24046,1.50,2.07
2013.01.29 11:12:20.132,1.2403,1.24045,1.50,1.32
2013.01.29 11:12:21.400,1.2403,1.24046,1.50,2.82
2013.01.29 11:12:22.097,1.2403,1.24046,1.50,2.82
2013.01.29 11:12:22.236,1.24031,1.24046,1.50,1.32
2013.01.29 11:12:22.740,1.24031,1.24046,6.75,2.07
2013.01.29 11:12:24.443,1.24032,1.24046,1.50,2.07
2013.01.29 11:12:24.751,1.24034,1.24048,1.50,1.50
2013.01.29 11:12:25.270,1.24035,1.24049,1.50,2.44
2013.01.29 11:12:25.574,1.24035,1.24049,1.50,2.07
2013.01.29 11:12:26.065,1.24037,1.24049,1.35,2.07
2013.01.29 11:12:27.201,1.24037,1.24052,1.50,1.50
2013.01.29 11:12:27.584,1.24037,1.24052,1.50,2.07
2013.01.29 11:12:27.894,1.24037,1.24052,1.50,2.07
2013.01.29 11:12:28.092,1.24037,1.24052,1.50,2.07
2013.01.29 11:12:28.642,1.24037,1.24052,2.10,3.57
2013.01.29 11:12:29.121,1.24034,1.2405,7.50,1.32
2013.01.29 11:12:29.650,1.24034,1.2405,6.75,1.32
2013.01.29 11:12:29.711,1.24034,1.24046,6.75,1.32
2013.01.29 11:12:29.952,1.24033,1.24046,2.25,1.32
2013.01.29 11:12:30.145,1.24029,1.24045,3.00,2.07
2013.01.29 11:12:30.211,1.24029,1.24044,3.00,1.32
2013.01.29 11:12:30.582,1.24028,1.24044,1.50,2.82
2013.01.29 11:12:31.151,1.2403,1.24044,1.50,2.07
2013.01.29 11:12:31.558,1.2403,1.24044,1.50,2.07
2013.01.29 11:12:31.762,1.2403,1.24044,1.50,2.07
2013.01.29 11:12:32.877,1.2403,1.24044,1.50,2.07
2013.01.29 11:12:33.162,1.2403,1.24044,1.50,2.07
2013.01.29 11:12:33.281,1.24028,1.24044,1.35,2.07
2013.01.29 11:12:33.641,1.24028,1.24044,1.35,2.82
2013.01.29 11:12:34.182,1.24029,1.24045,3.00,2.07
2013.01.29 11:12:34.721,1.24031,1.24045,1.50,2.07
2013.01.29 11:12:34.840,1.24031,1.24045,1.50,2.82
2013.01.29 11:12:35.143,1.24031,1.24044,1.50,2.82
2013.01.29 11:12:35.393,1.24031,1.24043,1.50,1.32
2013.01.29 11:12:35.761,1.24026,1.24042,1.50,2.07
2013.01.29 11:12:35.941,1.24026,1.24042,1.65,2.07
2013.01.29 11:12:36.283,1.24026,1.24042,1.65,2.07
2013.01.29 11:12:36.362,1.24026,1.24043,3.00,1.32
2013.01.29 11:12:36.495,1.2403,1.24044,1.50,2.07
2013.01.29 11:12:36.562,1.2403,1.24044,1.50,1.50
2013.01.29 11:12:36.622,1.2403,1.24042,1.50,1.50
2013.01.29 11:12:37.172,1.2403,1.24043,1.50,1.50
2013.01.29 11:12:37.731,1.24026,1.24042,1.50,1.50
2013.01.29 11:12:39.172,1.24026,1.24042,1.50,1.50
2013.01.29 11:12:39.602,1.24026,1.24042,1.50,2.07
2013.01.29 11:12:40.214,1.24025,1.24042,2.10,2.44
2013.01.29 11:12:40.281,1.24025,1.24036,2.10,1.13
2013.01.29 11:12:40.461,1.24019,1.24034,2.25,4.50
2013.01.29 11:12:40.520,1.24019,1.24035,4.50,1.50
2013.01.29 11:12:40.581,1.24022,1.24039,1.35,4.13
2013.01.29 11:12:41.001,1.2402,1.24036,6.00,1.50
2013.01.29 11:12:41.540,1.2402,1.24036,2.25,3.94
2013.01.29 11:12:41.965,1.2402,1.24032,2.25,1.50
2013.01.29 11:12:43.051,1.2402,1.24032,1.50,2.07
2013.01.29 11:12:43.591,1.24019,1.24031,1.50,1.50
2013.01.29 11:12:43.900,1.2402,1.24037,1.50,2.25
2013.01.29 11:12:47.315,1.24022,1.24036,1.35,1.50
2013.01.29 11:12:47.562,1.24023,1.24039,1.50,1.88
2013.01.29 11:12:48.042,1.24021,1.24039,4.35,1.88
2013.01.29 11:12:49.136,1.24021,1.24039,3.75,1.50
2013.01.29 11:12:50.921,1.24021,1.24039,3.75,3.00
2013.01.29 11:12:51.900,1.24021,1.24037,3.00,1.88
2013.01.29 11:12:52.461,1.24021,1.24036,1.50,1.50
2013.01.29 11:12:52.820,1.24024,1.24036,2.10,1.50
2013.01.29 11:12:53.360,1.24026,1.24036,5.10,1.50
2013.01.29 11:12:53.780,1.24025,1.24036,1.50,2.25
2013.01.29 11:12:53.960,1.24022,1.24033,2.25,1.32
2013.01.29 11:12:54.201,1.24021,1.2403,1.50,1.50
2013.01.29 11:12:54.382,1.24018,1.2403,2.10,1.50
2013.01.29 11:12:54.750,1.24019,1.24035,1.50,3.19
2013.01.29 11:12:55.250,1.24019,1.24035,1.50,3.19
2013.01.29 11:12:55.431,1.24018,1.24033,2.10,1.32
2013.01.29 11:12:55.491,1.24018,1.24032,2.10,2.25
2013.01.29 11:12:56.036,1.24018,1.24032,2.10,1.50
2013.01.29 11:12:56.580,1.24019,1.24033,1.50,2.44
2013.01.29 11:12:56.940,1.24018,1.24033,2.10,2.44
2013.01.29 11:12:58.740,1.24018,1.24032,2.10,2.07
2013.01.29 11:12:59.232,1.24018,1.24033,2.10,1.50
2013.01.29 11:12:59.361,1.24018,1.24035,2.10,2.63
2013.01.29 11:12:59.542,1.24018,1.24035,1.35,2.63
2013.01.29 11:13:00.073,1.24018,1.24035,2.25,3.38
2013.01.29 11:13:00.143,1.24018,1.24035,2.25,3.94
2013.01.29 11:13:00.213,1.24018,1.24032,1.50,2.07
2013.01.29 11:13:00.346,1.24018,1.24032,1.50,1.50
2013.01.29 11:13:02.271,1.24017,1.24032,1.50,3.19
2013.01.29 11:13:02.390,1.24012,1.24028,2.25,1.50
2013.01.29 11:13:02.514,1.24012,1.24028,1.50,1.50
2013.01.29 11:13:03.340,1.24012,1.24029,1.50,1.50
2013.01.29 11:13:03.830,1.24011,1.24027,6.75,1.50
2013.01.29 11:13:05.740,1.24011,1.24026,5.25,1.50
2013.01.29 11:13:06.293,1.24012,1.24026,1.50,1.50
2013.01.29 11:13:06.930,1.24018,1.24026,2.10,1.50
2013.01.29 11:13:07.052,1.24022,1.24034,1.50,1.13
2013.01.29 11:13:07.182,1.24021,1.24033,2.25,2.25
2013.01.29 11:13:07.253,1.24016,1.24033,1.50,1.50
2013.01.29 11:13:07.432,1.24018,1.24034,1.50,2.63
2013.01.29 11:13:08.981,1.24016,1.24034,4.50,2.63
2013.01.29 11:13:09.502,1.24016,1.24034,4.50,3.75
2013.01.29 11:13:10.163,1.24016,1.24029,4.50,1.50
2013.01.29 11:13:10.681,1.24016,1.24028,4.50,1.50
2013.01.29 11:13:13.147,1.24013,1.24028,1.50,1.50
2013.01.29 11:13:13.344,1.24012,1.24023,2.48,1.50
2013.01.29 11:13:13.773,1.24016,1.24029,1.50,1.50
2013.01.29 11:13:14.442,1.24015,1.2403,6.00,1.50
2013.01.29 11:13:16.120,1.24018,1.2403,1.50,1.50
2013.01.29 11:13:16.181,1.24021,1.24035,1.50,2.25
2013.01.29 11:13:20.443,1.24021,1.24037,1.50,2.25
2013.01.29 11:13:20.511,1.24021,1.24037,1.50,2.25
2013.01.29 11:13:22.182,1.24021,1.24037,1.50,2.25
2013.01.29 11:13:22.610,1.24018,1.24031,1.50,1.50
2013.01.29 11:13:22.770,1.24015,1.24031,5.25,1.50
2013.01.29 11:13:23.752,1.24015,1.24028,4.50,1.50
2013.01.29 11:13:24.002,1.24016,1.24034,3.00,2.82
2013.01.29 11:13:24.962,1.24016,1.24034,3.00,3.19
2013.01.29 11:13:25.140,1.24016,1.24031,1.50,1.50
2013.01.29 11:13:25.981,1.24016,1.24031,3.00,1.32
2013.01.29 11:13:26.374,1.24014,1.2403,2.25,1.88
2013.01.29 11:13:26.872,1.24012,1.24031,3.00,3.00
2013.01.29 11:13:27.493,1.24012,1.24028,1.50,2.07
2013.01.29 11:13:28.003,1.24012,1.24028,2.25,1.50
2013.01.29 11:13:28.533,1.24012,1.24029,1.50,2.25
2013.01.29 11:13:28.923,1.24016,1.24029,1.50,1.50
2013.01.29 11:13:29.353,1.24016,1.24033,2.25,3.75
2013.01.29 11:13:29.751,1.24014,1.24031,6.00,2.25
2013.01.29 11:13:30.052,1.24017,1.24031,4.50,2.07
2013.01.29 11:13:30.122,1.24016,1.24031,1.50,1.50
2013.01.29 11:13:30.301,1.24017,1.24032,1.35,1.50
2013.01.29 11:13:30.601,1.24015,1.24032,1.50,2.82
2013.01.29 11:13:30.998,1.24016,1.24033,1.50,2.25
2013.01.29 11:13:31.501,1.24017,1.24034,2.25,2.63
2013.01.29 11:13:31.862,1.24015,1.24032,1.50,2.25
2013.01.29 11:13:31.921,1.24018,1.24033,1.50,1.13
2013.01.29 11:13:32.041,1.24014,1.24032,2.25,1.50
2013.01.29 11:13:32.415,1.24013,1.2403,4.50,1.50
2013.01.29 11:13:32.843,1.24014,1.2403,2.25,1.50
2013.01.29 11:13:32.971,1.24014,1.2403,1.50,2.25
2013.01.29 11:13:34.012,1.24016,1.24034,1.50,2.25
2013.01.29 11:13:34.142,1.24014,1.2403,1.50,1.50
2013.01.29 11:13:34.680,1.24013,1.2403,3.75,1.88
2013.01.29 11:13:35.300,1.24013,1.2403,4.50,1.88
2013.01.29 11:13:35.481,1.24012,1.2403,2.25,2.63
2013.01.29 11:13:36.774,1.2401,1.24028,3.00,1.50
2013.01.29 11:13:36.964,1.2401,1.24028,2.25,2.25
2013.01.29 11:13:37.411,1.24009,1.24026,3.00,3.00
2013.01.29 11:13:37.482,1.24009,1.24026,3.00,2.25
2013.01.29 11:13:37.840,1.24008,1.24023,2.25,1.50
2013.01.29 11:13:38.381,1.24008,1.24021,2.85,2.07
2013.01.29 11:13:39.672,1.24009,1.24023,1.50,2.25
2013.01.29 11:13:40.004,1.24008,1.2402,2.10,1.50
2013.01.29 11:13:42.091,1.24009,1.2402,1.50,2.07
2013.01.29 11:13:42.841,1.24007,1.24019,1.50,1.32
2013.01.29 11:13:42.961,1.24006,1.24018,1.50,1.50
2013.01.29 11:13:43.567,1.24006,1.24021,1.50,2.25
2013.01.29 11:13:43.882,1.24004,1.24019,1.50,1.32
2013.01.29 11:13:44.061,1.24006,1.24017,1.50,2.25
2013.01.29 11:13:44.427,1.24003,1.2402,3.00,3.75
2013.01.29 11:13:44.851,1.24008,1.24024,1.50,2.25
2013.01.29 11:13:45.151,1.24008,1.24026,4.35,1.50
2013.01.29 11:13:45.282,1.24008,1.24026,5.10,1.50
2013.01.29 11:13:45.595,1.24008,1.24024,2.85,1.50
2013.01.29 11:13:46.930,1.24009,1.24022,1.50,1.50
2013.01.29 11:13:47.879,1.24009,1.24022,1.50,1.50
2013.01.29 11:13:48.712,1.24008,1.24024,2.85,2.25
2013.01.29 11:13:48.891,1.24008,1.24022,2.85,1.50
2013.01.29 11:13:49.252,1.24007,1.24022,1.50,2.82
2013.01.29 11:13:49.611,1.24006,1.24019,1.50,2.07
2013.01.29 11:13:50.204,1.24007,1.24018,1.50,1.50
2013.01.29 11:13:50.691,1.24007,1.24022,1.35,1.50
2013.01.29 11:13:51.014,1.24007,1.2402,1.35,1.50
2013.01.29 11:13:51.322,1.24008,1.2402,1.50,1.50
2013.01.29 11:13:51.643,1.24008,1.24022,1.50,3.57
2013.01.29 11:13:51.893,1.24007,1.2402,2.10,1.50
2013.01.29 11:13:51.961,1.24007,1.24022,2.10,2.82
2013.01.29 11:13:52.485,1.24007,1.24022,1.35,2.25
2013.01.29 11:13:52.981,1.24005,1.24022,2.25,2.82
2013.01.29 11:13:53.101,1.24005,1.24022,2.25,2.25
2013.01.29 11:13:53.620,1.24005,1.24022,2.25,2.25
2013.01.29 11:13:54.101,1.24005,1.24021,2.25,2.07
2013.01.29 11:13:54.941,1.24005,1.24021,1.50,2.25
2013.01.29 11:13:56.451,1.24004,1.24019,2.48,2.07
2013.01.29 11:13:56.752,1.24005,1.24021,1.50,3.00
2013.01.29 11:13:57.231,1.24005,1.24021,1.50,2.07
2013.01.29 11:13:58.144,1.24004,1.24018,1.35,2.07
2013.01.29 11:13:58.515,1.24004,1.24017,1.35,1.50
2013.01.29 11:13:58.941,1.24002,1.24017,2.34,1.50
2013.01.29 11:13:59.486,1.24009,1.24023,1.50,1.69
2013.01.29 11:13:59.803,1.24008,1.24025,3.00,2.07
2013.01.29 11:14:00.340,1.24008,1.24025,2.25,2.82
2013.01.29 11:14:00.760,1.24009,1.24022,1.50,1.50
2013.01.29 11:14:02.482,1.24008,1.24021,3.00,1.50
2013.01.29 11:14:02.851,1.24006,1.2402,2.25,1.50
2013.01.29 11:14:03.030,1.24006,1.24022,2.25,2.07
2013.01.29 11:14:03.552,1.24006,1.24022,2.25,1.50
2013.01.29 11:14:03.673,1.24006,1.24022,2.25,2.07
2013.01.29 11:14:03.861,1.24006,1.24022,2.25,2.07
2013.01.29 11:14:04.427,1.24006,1.24022,2.25,2.07
2013.01.29 11:14:04.931,1.24006,1.24022,2.25,1.50
2013.01.29 11:14:06.371,1.24004,1.24022,2.34,2.25
2013.01.29 11:14:06.974,1.24004,1.24018,2.25,2.25
2013.01.29 11:14:07.283,1.24005,1.24017,1.35,1.32
2013.01.29 11:14:07.481,1.24005,1.24017,1.35,1.32
2013.01.29 11:14:08.810,1.24005,1.24017,1.35,1.32
2013.01.29 11:14:09.361,1.24005,1.24019,1.35,2.07
2013.01.29 11:14:09.922,1.24003,1.24014,2.25,1.65
2013.01.29 11:14:10.111,1.23999,1.24012,2.85,1.50
2013.01.29 11:14:10.671,1.23998,1.24012,2.63,1.50
2013.01.29 11:14:11.181,1.23999,1.24012,1.50,2.25
2013.01.29 11:14:11.482,1.23998,1.24011,1.50,2.25
2013.01.29 11:14:11.721,1.23998,1.24008,1.50,1.50
2013.01.29 11:14:12.022,1.23998,1.24008,1.50,1.77
2013.01.29 11:14:12.331,1.23996,1.24008,1.50,1.50
2013.01.29 11:14:12.573,1.23996,1.24006,1.50,1.50
2013.01.29 11:14:12.880,1.23996,1.24011,1.50,1.77
2013.01.29 11:14:13.911,1.23996,1.24011,1.50,1.50
2013.01.29 11:14:14.151,1.23996,1.24009,1.50,1.50
2013.01.29 11:14:15.362,1.23996,1.24012,1.50,1.50
2013.01.29 11:14:16.073,1.23999,1.24015,1.50,1.77
2013.01.29 11:14:16.563,1.23999,1.24017,3.00,1.77
2013.01.29 11:14:17.181,1.23999,1.24017,3.00,1.77
2013.01.29 11:14:18.912,1.23999,1.24017,3.00,1.50
2013.01.29 11:14:19.399,1.23999,1.24017,3.00,1.77
2013.01.29 11:14:20.320,1.24,1.24017,1.50,1.77
2013.01.29 11:14:20.554,1.24,1.24017,2.25,1.50
2013.01.29 11:14:20.861,1.24008,1.24023,1.35,1.50
2013.01.29 11:14:21.221,1.24008,1.24025,2.85,2.63
2013.01.29 11:14:21.882,1.24008,1.24025,2.85,2.52
2013.01.29 11:14:21.944,1.24008,1.24025,2.85,2.52
2013.01.29 11:14:22.130,1.24008,1.24025,2.85,2.52
2013.01.29 11:14:22.672,1.24008,1.24024,2.85,1.77
2013.01.29 11:14:22.876,1.24008,1.24024,2.85,1.50
2013.01.29 11:14:23.062,1.24008,1.24024,2.85,1.50
2013.01.29 11:14:23.302,1.24009,1.24027,2.25,2.25
2013.01.29 11:14:24.191,1.24009,1.24027,2.25,2.52
2013.01.29 11:14:24.551,1.2401,1.24023,1.50,1.77
2013.01.29 11:14:24.851,1.24008,1.24023,3.60,1.50
2013.01.29 11:14:25.390,1.24009,1.24024,1.50,1.50
2013.01.29 11:14:25.631,1.24009,1.24027,3.00,1.88
2013.01.29 11:14:25.993,1.24011,1.24027,1.50,1.77
2013.01.29 11:14:26.721,1.24011,1.24023,1.50,1.50
2013.01.29 11:14:26.781,1.24011,1.24025,1.50,1.77
2013.01.29 11:14:26.841,1.24011,1.24027,3.00,1.50
2013.01.29 11:14:26.901,1.24011,1.24027,3.00,1.50
2013.01.29 11:14:27.020,1.24014,1.24031,3.00,1.50
2013.01.29 11:14:27.621,1.24014,1.2403,1.50,1.77
2013.01.29 11:14:27.921,1.24014,1.2403,1.50,1.77
2013.01.29 11:14:28.412,1.24015,1.2403,4.50,1.77
2013.01.29 11:14:28.961,1.24015,1.24031,1.50,1.50
2013.01.29 11:14:29.954,1.24015,1.2403,1.50,1.02
2013.01.29 11:14:30.283,1.24012,1.24031,2.85,3.27
2013.01.29 11:14:30.473,1.24011,1.24025,2.10,1.65
2013.01.29 11:14:30.660,1.2401,1.24023,1.50,1.77
2013.01.29 11:14:30.960,1.24007,1.24022,1.50,1.50
2013.01.29 11:14:32.991,1.24007,1.24023,2.25,2.25
2013.01.29 11:14:33.051,1.24007,1.24023,3.00,1.50
2013.01.29 11:14:33.110,1.24009,1.24025,1.50,1.77
2013.01.29 11:14:36.397,1.24009,1.24025,1.50,1.77
2013.01.29 11:14:36.703,1.24009,1.24025,2.25,1.50
2013.01.29 11:14:36.771,1.24011,1.24025,5.10,1.50
2013.01.29 11:14:36.831,1.24012,1.24028,3.00,2.14
2013.01.29 11:14:38.360,1.24012,1.24031,3.00,2.52
2013.01.29 11:14:38.632,1.24012,1.24031,3.00,2.25
2013.01.29 11:14:38.694,1.24012,1.24031,2.25,3.00
2013.01.29 11:14:40.531,1.24014,1.2403,1.50,1.02
2013.01.29 11:14:40.833,1.24013,1.24029,1.50,1.77
2013.01.29 11:14:41.141,1.24011,1.24025,1.73,1.50
2013.01.29 11:14:41.443,1.24011,1.24028,4.73,3.27
2013.01.29 11:14:41.511,1.24011,1.24028,5.48,2.25
2013.01.29 11:14:41.752,1.24014,1.24028,1.50,1.50
2013.01.29 11:14:42.301,1.24014,1.2403,1.50,2.25
2013.01.29 11:14:42.662,1.24014,1.24029,1.50,2.52
2013.01.29 11:14:42.901,1.24014,1.24029,1.50,3.00
2013.01.29 11:14:43.319,1.24012,1.24026,1.50,1.50
2013.01.29 11:14:43.405,1.24012,1.24028,3.00,1.77
2013.01.29 11:14:44.292,1.24012,1.24027,1.50,1.77
2013.01.29 11:14:44.361,1.24012,1.24027,1.50,1.77
2013.01.29 11:14:44.722,1.24013,1.24031,1.50,4.02
2013.01.29 11:14:45.510,1.24013,1.24031,1.50,3.27
2013.01.29 11:14:46.012,1.24015,1.24031,1.50,1.50
2013.01.29 11:14:46.260,1.24013,1.24031,1.50,3.00
2013.01.29 11:14:48.561,1.24013,1.24031,1.50,3.27
2013.01.29 11:14:49.182,1.24012,1.24029,3.00,1.50
2013.01.29 11:14:51.290,1.24012,1.24029,3.60,1.50
2013.01.29 11:14:51.910,1.24014,1.2403,1.50,1.50
2013.01.29 11:14:52.663,1.24015,1.24031,1.50,1.50
2013.01.29 11:14:52.851,1.24017,1.24034,1.50,1.88
2013.01.29 11:14:54.211,1.24017,1.24033,1.50,1.02
2013.01.29 11:14:54.572,1.24015,1.24032,1.50,1.77
2013.01.29 11:14:57.244,1.24014,1.24031,5.10,2.25
2013.01.29 11:14:57.767,1.24015,1.24032,1.50,2.25
2013.01.29 11:14:59.943,1.24015,1.24032,2.25,1.50
2013.01.29 11:15:00.081,1.24016,1.24032,1.50,1.50
2013.01.29 11:15:00.202,1.24018,1.24034,3.00,2.63
2013.01.29 11:15:00.843,1.24018,1.24033,1.50,1.50
2013.01.29 11:15:01.346,1.2402,1.24036,1.50,2.40
2013.01.29 11:15:01.530,1.2402,1.24036,1.50,1.65
2013.01.29 11:15:02.011,1.24023,1.24039,1.50,1.65
2013.01.29 11:15:02.461,1.24021,1.24039,3.00,1.65
2013.01.29 11:15:02.953,1.24021,1.24036,1.50,1.09
2013.01.29 11:15:03.081,1.24021,1.24035,1.50,1.02
2013.01.29 11:15:03.741,1.24021,1.24036,1.50,1.09
2013.01.29 11:15:03.860,1.24019,1.24036,2.25,2.59
2013.01.29 11:15:04.600,1.24018,1.24035,1.50,2.52
2013.01.29 11:15:05.131,1.24018,1.24033,1.50,1.50
2013.01.29 11:15:05.691,1.24018,1.24034,3.00,1.50
2013.01.29 11:15:08.672,1.24017,1.24034,1.50,3.27
2013.01.29 11:15:08.791,1.24018,1.24032,2.25,1.02
2013.01.29 11:15:09.032,1.24016,1.24032,1.50,2.25
2013.01.29 11:15:09.094,1.24014,1.24031,2.85,1.50
2013.01.29 11:15:09.652,1.24014,1.2403,2.85,1.50
2013.01.29 11:15:10.113,1.24014,1.24032,4.51,2.25
2013.01.29 11:15:10.301,1.24016,1.24034,1.66,2.25
2013.01.29 11:15:12.260,1.24017,1.24034,1.51,3.00
2013.01.29 11:15:12.321,1.24017,1.24031,1.51,1.50
2013.01.29 11:15:12.381,1.24015,1.24031,3.00,1.50
2013.01.29 11:15:12.501,1.24014,1.24031,2.10,2.25
2013.01.29 11:15:12.561,1.24014,1.24031,2.10,1.50
2013.01.29 11:15:13.412,1.24018,1.24031,1.50,1.50
2013.01.29 11:15:13.481,1.24018,1.24033,1.50,1.50
2013.01.29 11:15:13.999,1.24018,1.24035,1.50,2.52
2013.01.29 11:15:17.684,1.24018,1.2403,1.50,1.50
2013.01.29 11:15:17.751,1.24016,1.2403,1.88,1.50
2013.01.29 11:15:17.873,1.24016,1.2403,2.03,1.50
2013.01.29 11:15:20.560,1.24015,1.24032,2.40,1.50
2013.01.29 11:15:22.265,1.24015,1.24032,2.40,1.77
2013.01.29 11:15:22.392,1.24015,1.24032,3.75,1.77
2013.01.29 11:15:22.823,1.24014,1.24031,2.10,1.77
2013.01.29 11:15:23.310,1.24015,1.24033,2.25,2.25
2013.01.29 11:15:25.213,1.24015,1.24033,2.25,2.52
2013.01.29 11:15:26.385,1.24015,1.24032,2.25,1.77
2013.01.29 11:15:27.322,1.24017,1.24032,1.13,1.50
2013.01.29 11:15:27.392,1.24018,1.24032,1.35,1.50
2013.01.29 11:15:27.571,1.24018,1.24035,1.35,1.50
2013.01.29 11:15:28.414,1.24018,1.24035,1.35,1.77
2013.01.29 11:15:28.960,1.24019,1.24035,1.50,1.50
2013.01.29 11:15:29.113,1.2402,1.24037,1.50,1.65
2013.01.29 11:15:29.768,1.2402,1.24037,1.50,1.65
2013.01.29 11:15:33.513,1.24019,1.24034,1.50,1.50
2013.01.29 11:15:34.321,1.24018,1.24034,2.48,1.77
2013.01.29 11:15:34.442,1.24018,1.24034,2.10,1.50
2013.01.29 11:15:34.511,1.24021,1.24034,4.50,1.50
2013.01.29 11:15:35.062,1.2402,1.24035,1.50,1.50
2013.01.29 11:15:37.591,1.24019,1.24035,2.10,1.50
2013.01.29 11:15:37.652,1.24019,1.24029,2.10,1.50
2013.01.29 11:15:37.891,1.24019,1.24034,2.10,1.50
2013.01.29 11:15:43.814,1.24019,1.24036,2.10,1.58
2013.01.29 11:15:43.943,1.24019,1.24034,2.10,1.50
2013.01.29 11:15:44.921,1.24019,1.24035,2.10,1.50
2013.01.29 11:15:48.571,1.24019,1.24035,2.10,1.77
2013.01.29 11:15:49.111,1.24019,1.24032,2.10,1.50
2013.01.29 11:15:52.823,1.24019,1.24032,2.10,1.50
2013.01.29 11:15:52.894,1.24019,1.24035,2.10,1.50
2013.01.29 11:15:54.481,1.24021,1.24035,1.32,1.50
2013.01.29 11:15:54.723,1.2402,1.24038,2.25,1.65
2013.01.29 11:15:54.851,1.24019,1.24035,5.10,1.50
2013.01.29 11:15:55.152,1.24019,1.24033,2.10,1.50
2013.01.29 11:15:55.757,1.24019,1.24033,2.10,1.77
2013.01.29 11:15:56.311,1.24019,1.24036,2.10,1.50
2013.01.29 11:15:56.856,1.24021,1.24036,1.50,1.58
2013.01.29 11:16:00.378,1.24021,1.24038,1.50,1.65
2013.01.29 11:16:01.512,1.24031,1.2404,7.43,1.58
2013.01.29 11:16:01.634,1.24029,1.24041,1.88,4.50
2013.01.29 11:16:01.702,1.24028,1.24041,2.25,5.25
2013.01.29 11:16:01.763,1.24027,1.2404,1.50,2.25
2013.01.29 11:16:02.011,1.24027,1.24038,1.50,1.50
2013.01.29 11:16:02.371,1.24021,1.24038,2.25,1.50
2013.01.29 11:16:02.671,1.24019,1.24034,1.50,1.50
2013.01.29 11:16:02.972,1.24018,1.24031,1.88,1.50
2013.01.29 11:16:04.410,1.24018,1.24034,1.50,1.50
2013.01.29 11:16:04.931,1.24018,1.24036,3.00,3.00
2013.01.29 11:16:05.738,1.24019,1.24036,4.50,1.50
2013.01.29 11:16:05.855,1.24019,1.24036,3.00,1.50
2013.01.29 11:16:06.161,1.24018,1.24031,2.85,1.50
2013.01.29 11:16:06.702,1.24018,1.24031,2.10,1.50
2013.01.29 11:16:07.000,1.24018,1.24033,2.10,1.50
2013.01.29 11:16:09.843,1.24018,1.24033,5.25,1.50
2013.01.29 11:16:10.409,1.24018,1.24034,2.25,1.50
2013.01.29 11:16:10.772,1.24018,1.24034,2.25,1.50
2013.01.29 11:16:11.296,1.24019,1.24035,1.50,1.50
2013.01.29 11:16:14.071,1.24018,1.24035,1.50,2.07
2013.01.29 11:16:14.193,1.24018,1.24035,1.50,1.50
2013.01.29 11:16:14.323,1.24018,1.24033,1.50,1.50
2013.01.29 11:16:14.882,1.24018,1.24032,1.50,1.50
2013.01.29 11:16:16.203,1.24018,1.24032,1.50,1.50
2013.01.29 11:16:16.573,1.24017,1.24031,2.85,1.50
2013.01.29 11:16:17.731,1.24017,1.24031,1.35,1.50
2013.01.29 11:16:20.244,1.24017,1.24034,1.35,1.50
2013.01.29 11:16:20.713,1.24017,1.24031,1.35,1.50
2013.01.29 11:16:20.842,1.24017,1.24033,2.85,1.50
2013.01.29 11:16:21.391,1.24017,1.24033,2.25,1.50
2013.01.29 11:16:22.392,1.24017,1.24033,2.25,2.07
2013.01.29 11:16:22.451,1.24017,1.24033,1.50,1.50
2013.01.29 11:16:22.571,1.24015,1.24031,3.15,1.50
2013.01.29 11:16:26.318,1.24016,1.24031,1.35,1.50
2013.01.29 11:16:26.801,1.24017,1.24029,1.35,1.13
2013.01.29 11:16:26.980,1.24015,1.24028,1.50,4.13
2013.01.29 11:16:27.490,1.24014,1.24031,1.50,2.25
2013.01.29 11:16:28.041,1.24014,1.24032,1.50,3.00
2013.01.29 11:16:34.132,1.24014,1.24031,1.50,1.13
2013.01.29 11:16:35.772,1.24014,1.24029,1.50,1.69
2013.01.29 11:16:36.081,1.24013,1.24029,1.50,3.94
2013.01.29 11:16:36.512,1.24013,1.24029,1.50,3.94
2013.01.29 11:16:37.070,1.24013,1.24029,1.50,3.19
2013.01.29 11:16:38.773,1.24013,1.24029,1.50,2.82
2013.01.29 11:16:39.405,1.24013,1.24029,1.50,2.82
2013.01.29 11:16:41.353,1.24013,1.24029,1.50,2.82
2013.01.29 11:16:42.232,1.24013,1.24029,1.50,2.82
2013.01.29 11:16:43.471,1.24013,1.24029,1.50,2.25
2013.01.29 11:16:44.022,1.24013,1.24029,1.50,2.82
2013.01.29 11:16:44.422,1.24013,1.24029,1.50,2.82
2013.01.29 11:16:44.684,1.2401,1.24027,3.75,1.32
2013.01.29 11:16:45.122,1.2401,1.24027,3.75,1.32
2013.01.29 11:16:46.112,1.2401,1.24027,3.75,1.32
2013.01.29 11:16:46.662,1.24012,1.24029,1.50,1.69
2013.01.29 11:16:46.723,1.24012,1.24029,1.50,1.69
2013.01.29 11:16:47.282,1.2401,1.24028,3.75,2.07
2013.01.29 11:16:48.054,1.24012,1.24027,1.50,1.32
2013.01.29 11:16:48.241,1.24012,1.24027,1.50,1.32
2013.01.29 11:16:48.781,1.24012,1.24027,1.50,1.32
2013.01.29 11:16:48.851,1.2401,1.24027,5.25,1.32
2013.01.29 11:16:49.383,1.24013,1.24027,1.50,1.32
2013.01.29 11:16:49.451,1.24013,1.24027,1.50,1.32
2013.01.29 11:16:51.692,1.24013,1.24027,1.50,1.32
2013.01.29 11:16:52.799,1.24013,1.24027,1.50,1.32
2013.01.29 11:16:57.133,1.24011,1.24027,1.50,1.32
2013.01.29 11:16:57.691,1.2401,1.24027,3.75,1.32
2013.01.29 11:17:02.272,1.2401,1.24028,3.75,2.07
2013.01.29 11:17:02.335,1.24011,1.24028,4.50,1.50
2013.01.29 11:17:02.403,1.24015,1.24029,1.50,1.50
2013.01.29 11:17:02.712,1.24015,1.24031,2.25,1.50
2013.01.29 11:17:02.781,1.24015,1.24031,2.25,1.50
2013.01.29 11:17:02.911,1.24018,1.24034,1.50,2.25
2013.01.29 11:17:04.561,1.24016,1.24032,7.50,1.50
2013.01.29 11:17:04.841,1.24017,1.24034,2.25,1.50
2013.01.29 11:17:05.032,1.24017,1.24035,4.73,2.25
2013.01.29 11:17:05.390,1.24024,1.24038,2.63,2.07
2013.01.29 11:17:08.601,1.24024,1.24039,1.88,1.50
2013.01.29 11:17:09.111,1.24024,1.24039,1.88,1.50
2013.01.29 11:17:10.253,1.24024,1.24039,2.63,1.50
2013.01.29 11:17:11.055,1.24025,1.24039,1.50,2.07
2013.01.29 11:17:11.138,1.24025,1.24039,1.50,2.07
2013.01.29 11:17:11.651,1.24025,1.24039,1.50,1.50
2013.01.29 11:17:11.952,1.24025,1.24041,2.25,1.50
2013.01.29 11:17:16.142,1.24025,1.24041,3.00,2.07
2013.01.29 11:17:16.269,1.24025,1.24041,3.00,2.07
2013.01.29 11:17:16.481,1.24025,1.24041,3.00,2.07
2013.01.29 11:17:19.814,1.24026,1.24041,1.50,1.50
2013.01.29 11:17:24.131,1.24026,1.24039,1.50,1.50
2013.01.29 11:17:24.314,1.24025,1.24042,1.50,3.00
2013.01.29 11:17:25.074,1.24025,1.24042,1.50,2.07
2013.01.29 11:17:25.202,1.24025,1.24042,1.50,2.07
2013.01.29 11:17:25.740,1.24025,1.24042,1.50,2.07
2013.01.29 11:17:25.922,1.24025,1.24042,1.50,2.07
2013.01.29 11:17:26.404,1.24025,1.24041,1.50,1.32
2013.01.29 11:17:26.471,1.24025,1.24042,1.50,3.98
2013.01.29 11:17:26.532,1.24024,1.24038,2.25,2.25
2013.01.29 11:17:26.771,1.24023,1.24037,1.50,1.32
2013.01.29 11:17:27.010,1.24021,1.24035,1.50,1.50
2013.01.29 11:17:27.513,1.2402,1.24035,1.50,1.50
2013.01.29 11:17:27.641,1.24017,1.24035,3.00,1.50
2013.01.29 11:17:29.621,1.24017,1.24035,6.75,1.50
2013.01.29 11:17:30.671,1.24019,1.24037,3.00,3.57
2013.01.29 11:17:31.673,1.24019,1.24037,3.00,1.50
2013.01.29 11:17:32.692,1.24019,1.24034,1.50,1.50
2013.01.29 11:17:34.221,1.24019,1.24032,1.50,1.50
2013.01.29 11:17:34.402,1.24018,1.24035,2.25,1.50
2013.01.29 11:17:35.414,1.24018,1.24034,3.00,1.50
2013.01.29 11:17:36.729,1.2402,1.24036,1.50,2.25
2013.01.29 11:17:37.280,1.2402,1.24036,3.00,1.50
2013.01.29 11:17:39.977,1.2402,1.24036,2.25,1.50
2013.01.29 11:17:41.771,1.24018,1.24034,3.00,1.50
2013.01.29 11:17:44.291,1.24019,1.24037,3.00,2.07
2013.01.29 11:17:45.872,1.24019,1.24037,3.00,2.44
2013.01.29 11:17:45.935,1.24019,1.24037,3.00,1.88
2013.01.29 11:17:46.005,1.24017,1.24035,3.00,1.50
2013.01.29 11:17:46.135,1.24017,1.24035,3.00,1.50
2013.01.29 11:17:46.321,1.2402,1.24036,1.50,2.25
2013.01.29 11:17:46.622,1.24018,1.24034,1.50,1.50
2013.01.29 11:17:47.294,1.2402,1.24036,1.50,2.82
2013.01.29 11:17:51.202,1.24017,1.24035,2.25,1.50
2013.01.29 11:17:51.382,1.24019,1.24036,1.50,1.50
2013.01.29 11:17:51.892,1.24019,1.24036,1.50,1.32
2013.01.29 11:17:52.231,1.24019,1.24037,1.50,3.57
2013.01.29 11:17:52.413,1.24019,1.24037,2.25,2.25
2013.01.29 11:17:52.851,1.24023,1.24039,1.50,2.25
2013.01.29 11:17:59.421,1.24023,1.24039,2.25,1.50
2013.01.29 11:18:03.157,1.24023,1.24039,1.50,1.50
2013.01.29 11:18:03.293,1.2402,1.24038,2.25,2.25
2013.01.29 11:18:03.545,1.24022,1.24039,2.25,4.50
2013.01.29 11:18:03.614,1.24022,1.2404,3.75,2.07
2013.01.29 11:18:03.933,1.24023,1.24039,2.25,1.50
2013.01.29 11:18:04.471,1.24023,1.24039,2.25,2.25
2013.01.29 11:18:06.042,1.24023,1.24039,2.25,1.50
2013.01.29 11:18:06.226,1.24025,1.24041,2.25,6.00
2013.01.29 11:18:06.292,1.24027,1.24043,2.25,1.13
2013.01.29 11:18:06.852,1.24026,1.24042,2.25,1.50
2013.01.29 11:18:09.411,1.24026,1.24042,1.50,2.25
2013.01.29 11:18:12.873,1.24023,1.24041,3.75,1.50
2013.01.29 11:18:12.944,1.24023,1.24041,1.50,2.25
2013.01.29 11:18:13.251,1.24022,1.24038,1.50,3.00
2013.01.29 11:18:13.311,1.2402,1.24036,2.25,1.50
2013.01.29 11:18:13.731,1.24021,1.24039,1.50,4.50
2013.01.29 11:18:14.282,1.24021,1.24039,2.25,2.25
2013.01.29 11:18:15.082,1.24021,1.24039,2.82,1.50
2013.01.29 11:18:15.384,1.24025,1.24043,2.25,3.00
2013.01.29 11:18:15.692,1.24025,1.24043,2.25,2.25
2013.01.29 11:18:21.562,1.24033,1.24044,1.50,6.00
2013.01.29 11:18:21.623,1.24033,1.24044,2.25,1.50
2013.01.29 11:18:21.683,1.24033,1.24049,2.25,2.33
2013.01.29 11:18:21.743,1.24034,1.24049,1.13,2.33
2013.01.29 11:18:25.861,1.24034,1.24048,1.13,2.33
2013.01.29 11:18:26.041,1.24035,1.24048,1.65,1.58
2013.01.29 11:18:26.353,1.24035,1.2405,1.65,1.50
2013.01.29 11:18:33.274,1.24034,1.2405,2.63,2.25
2013.01.29 11:18:33.522,1.24034,1.24048,1.13,1.50
2013.01.29 11:18:33.896,1.24035,1.24048,1.13,1.50
2013.01.29 11:18:36.344,1.24035,1.24051,2.44,2.25
2013.01.29 11:18:36.774,1.24037,1.24052,1.50,2.25
2013.01.29 11:18:37.435,1.24037,1.24052,1.50,2.25
2013.01.29 11:18:40.404,1.24037,1.24052,1.50,2.25
2013.01.29 11:18:51.351,1.24039,1.24054,1.50,2.25
2013.01.29 11:18:51.675,1.24044,1.24058,1.50,2.25
2013.01.29 11:18:51.981,1.24044,1.24061,1.50,1.50
2013.01.29 11:18:53.821,1.24043,1.24061,2.63,3.00
2013.01.29 11:18:53.881,1.24043,1.2406,1.88,4.50
2013.01.29 11:18:54.281,1.24043,1.24058,1.65,1.13
2013.01.29 11:18:57.760,1.24041,1.24058,1.50,3.98
2013.01.29 11:18:58.300,1.2404,1.24056,1.50,3.15
2013.01.29 11:19:00.881,1.2404,1.24054,1.50,1.35
2013.01.29 11:19:01.420,1.24037,1.24054,1.88,1.50
2013.01.29 11:19:01.963,1.24035,1.24053,2.63,1.50
2013.01.29 11:19:02.565,1.24035,1.24053,2.25,1.50
2013.01.29 11:19:02.812,1.24035,1.24053,2.82,2.25
2013.01.29 11:19:03.172,1.24038,1.24055,1.50,2.63
2013.01.29 11:19:03.231,1.2404,1.24055,1.50,2.63
2013.01.29 11:19:03.963,1.24038,1.24054,3.57,1.50
2013.01.29 11:19:04.471,1.24037,1.24054,1.50,1.50
2013.01.29 11:19:05.941,1.24037,1.24054,1.50,2.07
2013.01.29 11:19:06.566,1.24037,1.24054,1.50,1.50
2013.01.29 11:19:10.623,1.2404,1.24054,1.50,1.50
2013.01.29 11:19:11.253,1.2404,1.24056,3.00,1.88
2013.01.29 11:19:11.382,1.24041,1.24058,1.50,2.25
2013.01.29 11:19:11.941,1.24041,1.24059,2.25,1.50
2013.01.29 11:19:12.491,1.24045,1.24058,1.50,1.50
2013.01.29 11:19:12.851,1.24042,1.24056,1.50,1.50
2013.01.29 11:19:15.061,1.2404,1.24056,1.50,1.50
2013.01.29 11:19:49.303,1.24041,1.24057,1.50,3.00
2013.01.29 11:19:51.311,1.24041,1.24055,1.50,2.25
2013.01.29 11:19:51.491,1.24038,1.24055,1.50,7.50
2013.01.29 11:19:55.341,1.24036,1.24054,2.25,2.25
2013.01.29 11:19:58.222,1.24037,1.24054,1.32,2.25
2013.01.29 11:19:59.214,1.24037,1.24055,2.25,7.13
2013.01.29 11:19:59.765,1.24037,1.24055,2.25,6.00
2013.01.29 11:20:06.482,1.2404,1.24055,1.50,6.00
2013.01.29 11:20:09.481,1.2404,1.24055,2.25,3.75
2013.01.29 11:20:10.022,1.24039,1.24056,3.00,4.13
2013.01.29 11:20:10.448,1.2404,1.24056,1.32,2.63
2013.01.29 11:20:10.518,1.2404,1.24056,1.32,2.25
2013.01.29 11:20:12.452,1.24041,1.24056,1.50,1.50
2013.01.29 11:20:18.502,1.24042,1.24056,1.50,2.25
2013.01.29 11:20:19.041,1.24039,1.24056,2.48,2.63
2013.01.29 11:20:19.593,1.24039,1.24056,2.25,2.63
2013.01.29 11:20:20.083,1.24039,1.24056,2.25,2.40
2013.01.29 11:20:20.596,1.24039,1.24056,2.25,2.40
2013.01.29 11:20:20.901,1.24037,1.24055,2.25,2.25
2013.01.29 11:20:22.982,1.24037,1.24055,2.48,2.63
2013.01.29 11:20:25.491,1.24037,1.24055,3.04,1.50
2013.01.29 11:20:26.163,1.24041,1.24056,2.25,1.50
2013.01.29 11:20:29.351,1.24041,1.24056,1.50,1.13
2013.01.29 11:20:33.271,1.24041,1.24056,2.07,1.13
2013.01.29 11:20:33.832,1.24041,1.24056,1.50,1.13
2013.01.29 11:20:34.561,1.24041,1.24053,1.50,2.25
2013.01.29 11:20:34.833,1.24039,1.24053,1.50,2.25
2013.01.29 11:20:36.012,1.24039,1.24053,2.25,2.63
2013.01.29 11:20:36.131,1.24042,1.24055,1.50,1.13
2013.01.29 11:20:36.503,1.24042,1.24056,1.50,1.65
2013.01.29 11:20:36.818,1.24038,1.24056,2.25,3.90
2013.01.29 11:20:38.642,1.24038,1.24055,2.25,1.50
2013.01.29 11:20:39.350,1.24038,1.24055,2.25,1.50
2013.01.29 11:20:44.093,1.24038,1.24054,2.25,1.50
2013.01.29 11:20:44.165,1.24038,1.24054,1.50,1.50
2013.01.29 11:20:44.711,1.24039,1.24052,1.50,2.25
2013.01.29 11:20:45.371,1.24039,1.24054,1.50,1.50
2013.01.29 11:20:46.131,1.2404,1.24055,1.50,1.50
2013.01.29 11:20:46.984,1.2404,1.24055,2.25,1.50
2013.01.29 11:20:48.697,1.2404,1.24055,2.25,1.50
2013.01.29 11:20:50.240,1.24041,1.24055,2.25,1.50
2013.01.29 11:20:51.392,1.24042,1.24055,1.32,1.50
2013.01.29 11:20:52.230,1.2404,1.24055,3.00,2.25
2013.01.29 11:20:53.451,1.24038,1.24055,2.25,2.63
2013.01.29 11:20:55.042,1.24038,1.24055,2.25,2.63
2013.01.29 11:20:55.587,1.24038,1.24055,2.25,2.63
2013.01.29 11:20:58.314,1.24038,1.24055,2.25,2.63
2013.01.29 11:21:01.452,1.24038,1.24055,2.25,2.63
2013.01.29 11:21:01.632,1.24038,1.24055,2.25,2.63
2013.01.29 11:21:05.821,1.24038,1.24055,2.25,2.63
2013.01.29 11:21:15.071,1.24037,1.24053,2.25,2.25
2013.01.29 11:21:17.091,1.24037,1.24053,2.25,2.25
2013.01.29 11:21:17.272,1.24036,1.24051,1.65,2.63
2013.01.29 11:21:17.839,1.24037,1.24053,3.00,2.25
2013.01.29 11:21:18.695,1.24037,1.24053,3.00,2.25
2013.01.29 11:21:24.592,1.24037,1.24051,1.50,1.50
2013.01.29 11:21:25.181,1.24037,1.24053,1.50,1.50
2013.01.29 11:21:30.902,1.24037,1.24053,1.50,1.50
2013.01.29 11:21:31.443,1.24037,1.24053,1.50,1.50
2013.01.29 11:21:36.983,1.24037,1.24054,1.50,3.75
2013.01.29 11:21:41.772,1.24037,1.24051,1.50,1.50
2013.01.29 11:21:44.742,1.24036,1.2405,1.13,1.50
2013.01.29 11:21:45.047,1.24035,1.24048,1.50,3.00
2013.01.29 11:21:45.232,1.24032,1.24048,1.50,3.00
2013.01.29 11:21:45.731,1.24032,1.24045,1.50,4.50
2013.01.29 11:21:46.377,1.24031,1.24045,1.50,4.50
2013.01.29 11:21:50.392,1.2403,1.24045,1.50,5.25
2013.01.29 11:21:50.702,1.2403,1.24039,1.50,4.50
2013.01.29 11:21:50.882,1.24024,1.24039,1.50,6.75
2013.01.29 11:21:51.063,1.24021,1.24037,1.50,1.50
2013.01.29 11:21:51.210,1.24021,1.24037,1.50,5.25
2013.01.29 11:22:00.001,1.24021,1.24039,2.25,2.25
2013.01.29 11:22:00.181,1.24021,1.24039,2.25,2.25
2013.01.29 11:22:00.245,1.24023,1.2404,2.25,2.48
2013.01.29 11:22:02.672,1.24023,1.24038,1.50,1.50
2013.01.29 11:22:06.221,1.24023,1.24039,1.50,1.50
2013.01.29 11:22:06.402,1.24026,1.24041,1.50,4.50
2013.01.29 11:22:07.305,1.24025,1.24041,3.75,6.00
2013.01.29 11:22:07.612,1.24026,1.24041,2.25,2.25
2013.01.29 11:22:08.123,1.24027,1.24043,1.50,1.32
2013.01.29 11:22:10.713,1.24027,1.24044,2.25,5.07
2013.01.29 11:22:11.303,1.24027,1.24041,2.25,1.32
2013.01.29 11:22:11.372,1.24026,1.24042,2.25,2.25
2013.01.29 11:22:11.623,1.24026,1.24041,2.25,1.32
2013.01.29 11:22:11.745,1.24026,1.24041,2.25,1.32
2013.01.29 11:22:12.182,1.24026,1.24041,2.25,4.50
2013.01.29 11:22:12.242,1.24026,1.24042,2.25,2.25
2013.01.29 11:22:27.311,1.24028,1.24044,2.25,6.00
2013.01.29 11:22:30.834,1.24032,1.24044,1.50,4.50
2013.01.29 11:22:31.502,1.24034,1.24044,1.50,4.50
2013.01.29 11:22:35.622,1.24035,1.24044,1.50,4.50
2013.01.29 11:22:35.803,1.24035,1.24047,1.50,1.65
2013.01.29 11:22:37.001,1.24035,1.24049,2.25,1.50
2013.01.29 11:22:37.373,1.24036,1.24049,1.50,5.40
2013.01.29 11:22:44.951,1.24036,1.24049,1.50,1.50
2013.01.29 11:22:45.013,1.24036,1.24051,2.25,1.50
2013.01.29 11:22:45.552,1.24038,1.24052,2.25,4.88
2013.01.29 11:22:46.464,1.24038,1.24051,2.25,2.25
2013.01.29 11:23:01.331,1.2404,1.24051,1.50,5.25
2013.01.29 11:23:01.833,1.24039,1.24051,2.25,5.25
2013.01.29 11:23:05.091,1.2404,1.24051,1.50,5.25
2013.01.29 11:23:06.298,1.24038,1.24051,2.25,5.25
2013.01.29 11:23:12.015,1.24038,1.24051,2.25,5.25
2013.01.29 11:23:12.561,1.24037,1.2405,1.50,1.50
2013.01.29 11:23:17.461,1.24037,1.2405,1.50,1.50
2013.01.29 11:23:26.231,1.24043,1.24051,1.50,3.75
2013.01.29 11:23:26.353,1.24047,1.24057,2.25,1.50
2013.01.29 11:23:26.422,1.24047,1.24058,2.25,4.50
2013.01.29 11:23:26.485,1.24048,1.2406,1.50,2.40
2013.01.29 11:23:26.852,1.24052,1.24062,1.50,2.25
2013.01.29 11:23:27.032,1.24052,1.24062,1.50,1.50
2013.01.29 11:23:27.341,1.24052,1.24067,3.75,1.32
2013.01.29 11:23:33.062,1.24054,1.24069,2.25,6.00
2013.01.29 11:23:33.122,1.24055,1.24069,1.50,1.50
2013.01.29 11:23:33.490,1.24057,1.24072,1.50,3.00
2013.01.29 11:23:33.905,1.24059,1.24072,2.25,4.50
2013.01.29 11:23:34.034,1.2406,1.24074,1.50,1.50
2013.01.29 11:23:35.573,1.2406,1.24074,1.50,1.32
2013.01.29 11:23:35.692,1.2406,1.24075,1.50,1.50
2013.01.29 11:23:37.122,1.24064,1.24077,1.88,2.44
2013.01.29 11:23:37.246,1.24069,1.24077,2.25,1.50
2013.01.29 11:23:37.384,1.24069,1.24081,1.50,1.88
2013.01.29 11:23:37.451,1.2407,1.24081,1.50,1.50
2013.01.29 11:23:37.991,1.24066,1.24081,1.50,1.13
2013.01.29 11:23:38.051,1.24064,1.24078,1.88,3.38
2013.01.29 11:23:38.111,1.24064,1.24078,1.13,4.13
2013.01.29 11:23:38.171,1.24061,1.24077,1.50,4.88
2013.01.29 11:23:40.734,1.24064,1.24077,1.50,4.88
2013.01.29 11:23:40.984,1.24076,1.24088,2.25,3.68
2013.01.29 11:23:41.053,1.24076,1.24089,3.00,1.43
2013.01.29 11:23:41.492,1.24076,1.24094,3.75,2.25
2013.01.29 11:23:41.567,1.24084,1.24094,1.50,1.50
2013.01.29 11:23:41.693,1.24085,1.24096,1.50,1.50
2013.01.29 11:23:41.884,1.24085,1.24098,1.50,2.07
2013.01.29 11:23:42.072,1.24084,1.24097,1.50,1.50
2013.01.29 11:23:43.837,1.24083,1.24097,1.50,3.19
2013.01.29 11:23:44.142,1.24081,1.24095,1.50,3.00
2013.01.29 11:23:44.763,1.24081,1.24094,1.50,1.50
2013.01.29 11:23:44.942,1.24081,1.24095,1.50,1.50
2013.01.29 11:23:45.062,1.24082,1.24097,1.50,1.50
2013.01.29 11:23:45.182,1.24083,1.24097,3.00,1.50
2013.01.29 11:23:45.963,1.24083,1.24097,1.50,2.25
2013.01.29 11:23:46.922,1.24083,1.24096,1.50,2.25
2013.01.29 11:23:47.102,1.24081,1.24094,1.50,1.35
2013.01.29 11:23:49.393,1.24082,1.24094,1.50,1.35
2013.01.29 11:23:49.944,1.24084,1.24098,1.50,1.50
2013.01.29 11:23:50.013,1.24083,1.24099,3.57,3.00
2013.01.29 11:23:50.132,1.24084,1.24099,1.32,3.00
2013.01.29 11:23:50.251,1.24083,1.24099,3.57,2.25
2013.01.29 11:23:50.762,1.24084,1.24099,1.32,3.00
2013.01.29 11:23:50.882,1.24083,1.24099,4.32,2.25
2013.01.29 11:23:51.421,1.24083,1.24098,3.57,1.35
2013.01.29 11:23:51.882,1.24083,1.24098,2.82,1.35
2013.01.29 11:23:51.941,1.24083,1.24098,2.82,1.35
2013.01.29 11:23:52.203,1.24083,1.24098,2.82,1.35
2013.01.29 11:23:52.513,1.24083,1.24098,2.25,1.35
2013.01.29 11:23:52.642,1.24083,1.24097,2.25,1.13
2013.01.29 11:23:53.183,1.24083,1.24094,1.50,1.35
2013.01.29 11:23:53.422,1.24081,1.24094,2.25,2.10
2013.01.29 11:23:57.222,1.24079,1.24094,4.50,2.85
2013.01.29 11:23:59.115,1.2408,1.24094,1.13,1.65
2013.01.29 11:23:59.254,1.24081,1.24094,1.65,1.65
2013.01.29 11:24:01.435,1.2408,1.24093,1.50,2.25
2013.01.29 11:24:02.231,1.24079,1.24093,1.50,2.25
2013.01.29 11:24:08.123,1.24079,1.24091,1.50,1.50
2013.01.29 11:24:08.242,1.24076,1.24091,1.88,2.25
2013.01.29 11:24:08.544,1.24074,1.24088,1.50,1.50
2013.01.29 11:24:09.052,1.24073,1.24086,1.50,1.50
2013.01.29 11:24:09.412,1.2407,1.24082,1.50,1.50
2013.01.29 11:24:10.093,1.24067,1.24082,1.50,1.50
2013.01.29 11:24:10.212,1.24066,1.2408,1.50,1.50
2013.01.29 11:24:10.993,1.24065,1.2408,1.50,1.50
2013.01.29 11:24:11.479,1.24061,1.24079,2.25,1.50
2013.01.29 11:24:12.096,1.24063,1.2408,2.63,2.25
2013.01.29 11:24:12.173,1.24063,1.24079,1.88,1.50
2013.01.29 11:24:12.730,1.2406,1.24075,1.13,3.38
2013.01.29 11:24:12.807,1.24056,1.2407,4.13,1.50
2013.01.29 11:24:13.194,1.24057,1.2407,1.50,1.50
2013.01.29 11:24:13.562,1.24059,1.2407,1.50,1.50
2013.01.29 11:24:14.313,1.24059,1.24069,1.50,1.50
2013.01.29 11:24:16.273,1.24059,1.24069,1.50,1.50
2013.01.29 11:24:16.602,1.24056,1.24069,3.00,1.50
2013.01.29 11:24:16.841,1.24052,1.2407,3.38,2.25
2013.01.29 11:24:21.285,1.24052,1.2407,2.25,2.25
2013.01.29 11:24:21.356,1.24051,1.24064,1.50,1.50
2013.01.29 11:24:21.902,1.24051,1.24064,1.50,1.50
2013.01.29 11:24:22.266,1.24051,1.24064,1.50,1.50
2013.01.29 11:24:22.332,1.24051,1.24066,1.50,3.00
2013.01.29 11:24:24.452,1.24051,1.24066,1.50,1.50
2013.01.29 11:24:24.577,1.24055,1.24068,1.50,3.00
2013.01.29 11:24:24.702,1.24055,1.24071,1.50,3.00
2013.01.29 11:24:25.725,1.24057,1.24072,1.50,1.50
2013.01.29 11:24:25.975,1.24057,1.24072,1.50,1.50
2013.01.29 11:24:26.636,1.24057,1.24073,1.50,1.50
2013.01.29 11:24:28.702,1.24064,1.24073,2.10,1.50
2013.01.29 11:24:28.943,1.24075,1.24086,2.25,1.88
2013.01.29 11:24:29.003,1.24076,1.24089,2.25,2.07
2013.01.29 11:24:29.483,1.24073,1.24089,1.65,2.22
2013.01.29 11:24:30.031,1.24075,1.24089,2.25,1.50
2013.01.29 11:24:33.501,1.24073,1.24089,2.03,1.50
2013.01.29 11:24:33.623,1.24073,1.24089,1.13,1.50
2013.01.29 11:24:33.752,1.24071,1.24083,2.25,1.50
2013.01.29 11:24:33.811,1.24068,1.24083,1.50,1.50
2013.01.29 11:24:33.945,1.24067,1.2408,2.25,1.50
2013.01.29 11:24:34.792,1.24067,1.2408,1.50,1.50
2013.01.29 11:24:34.971,1.24063,1.24077,1.88,1.50
2013.01.29 11:24:35.392,1.24063,1.24079,3.38,1.50
2013.01.29 11:24:35.631,1.24063,1.24077,1.88,1.50
2013.01.29 11:24:40.152,1.24063,1.24076,1.50,1.50
2013.01.29 11:24:40.851,1.24062,1.24077,1.50,1.50
2013.01.29 11:24:41.382,1.24062,1.24078,1.50,1.50
2013.01.29 11:24:44.313,1.24061,1.24078,1.50,1.50
2013.01.29 11:24:45.332,1.2406,1.24078,3.00,2.25
2013.01.29 11:24:45.641,1.24059,1.24076,1.32,1.50
2013.01.29 11:24:46.248,1.24061,1.24077,2.25,1.50
2013.01.29 11:24:48.742,1.24061,1.24076,2.25,4.50
2013.01.29 11:24:48.802,1.24059,1.24076,1.50,6.00
2013.01.29 11:24:49.332,1.24058,1.24076,2.25,6.00
2013.01.29 11:24:49.474,1.24058,1.24076,2.25,1.50
2013.01.29 11:24:49.606,1.24058,1.24076,2.25,6.00
2013.01.29 11:24:49.674,1.24057,1.24073,3.75,1.50
2013.01.29 11:24:49.802,1.24055,1.24071,3.00,1.50
2013.01.29 11:24:52.222,1.24055,1.24071,3.75,1.50
2013.01.29 11:24:52.572,1.24057,1.24071,1.50,1.50
2013.01.29 11:24:53.853,1.24057,1.24071,1.50,2.25
2013.01.29 11:24:53.914,1.24055,1.24071,3.00,2.25
2013.01.29 11:24:53.994,1.24052,1.2407,2.25,2.25
2013.01.29 11:24:54.061,1.24052,1.24067,2.25,4.50
2013.01.29 11:24:54.121,1.24052,1.24067,1.50,4.50
2013.01.29 11:24:54.662,1.24051,1.24066,1.50,4.50
2013.01.29 11:24:55.225,1.24051,1.24066,2.25,4.50
2013.01.29 11:24:55.291,1.24051,1.24067,2.25,1.50
2013.01.29 11:24:58.535,1.24051,1.24067,2.25,1.50
2013.01.29 11:24:58.843,1.24058,1.24069,1.88,1.50
2013.01.29 11:24:59.082,1.24058,1.24072,1.88,1.88
2013.01.29 11:24:59.621,1.24058,1.24073,1.88,1.50
2013.01.29 11:25:00.552,1.24058,1.24075,1.88,2.25
2013.01.29 11:25:01.151,1.24062,1.24075,1.50,2.25
2013.01.29 11:25:01.272,1.24062,1.24076,1.50,1.50
2013.01.29 11:25:01.451,1.24062,1.24079,1.50,3.98
2013.01.29 11:25:02.882,1.24062,1.24079,1.50,2.10
2013.01.29 11:25:10.332,1.24066,1.24079,1.35,1.50
2013.01.29 11:25:10.515,1.24071,1.24082,2.25,4.50
2013.01.29 11:25:10.582,1.24071,1.24085,5.25,2.25
2013.01.29 11:25:10.641,1.24069,1.24085,1.50,3.00
2013.01.29 11:25:10.822,1.24068,1.24083,1.50,1.50
2013.01.29 11:25:11.002,1.24068,1.24081,1.50,1.50
2013.01.29 11:25:12.872,1.24069,1.24081,1.50,1.50
2013.01.29 11:25:13.283,1.2407,1.24081,1.50,1.50
2013.01.29 11:25:15.343,1.2407,1.24084,1.50,1.50
2013.01.29 11:25:15.781,1.2407,1.24086,1.50,1.50
2013.01.29 11:25:16.311,1.24071,1.24087,2.25,1.50
2013.01.29 11:25:17.272,1.2407,1.24085,1.50,1.50
2013.01.29 11:25:17.462,1.2407,1.24088,3.00,4.13
2013.01.29 11:25:18.831,1.2407,1.24088,1.50,4.13
2013.01.29 11:25:21.532,1.24069,1.24085,2.25,1.50
2013.01.29 11:25:22.193,1.24067,1.24083,2.63,1.50
2013.01.29 11:25:27.400,1.24069,1.24085,2.25,1.50
2013.01.29 11:25:36.141,1.24066,1.24084,4.50,1.50
2013.01.29 11:25:36.680,1.24069,1.24085,2.25,1.50
2013.01.29 11:25:38.502,1.24067,1.24083,2.40,1.50
2013.01.29 11:25:39.808,1.24068,1.24086,2.25,2.25
2013.01.29 11:25:41.852,1.24069,1.24086,1.32,2.25
2013.01.29 11:25:49.802,1.24068,1.24086,2.40,2.25
2013.01.29 11:25:50.763,1.24069,1.24086,1.32,2.25
2013.01.29 11:25:52.662,1.24069,1.24086,1.32,2.25
2013.01.29 11:25:54.013,1.2407,1.24087,2.44,2.25
2013.01.29 11:25:54.192,1.2407,1.24088,3.19,2.85
2013.01.29 11:25:54.551,1.2407,1.24088,3.19,2.85
2013.01.29 11:25:54.611,1.2407,1.24088,3.19,2.85
2013.01.29 11:25:54.824,1.2407,1.24088,3.19,3.60
2013.01.29 11:25:56.022,1.2407,1.24088,3.19,3.60
2013.01.29 11:25:56.503,1.2407,1.24088,3.19,3.60
2013.01.29 11:25:56.572,1.2407,1.24088,3.19,3.60
2013.01.29 11:25:57.212,1.2407,1.24088,3.19,3.60
2013.01.29 11:25:57.902,1.2407,1.24088,3.19,3.60
2013.01.29 11:25:58.081,1.24072,1.24088,1.47,3.60
2013.01.29 11:25:59.617,1.24073,1.24088,1.69,2.10
2013.01.29 11:26:00.152,1.24074,1.2409,2.07,5.85
2013.01.29 11:26:04.303,1.24073,1.24088,1.69,2.10
2013.01.29 11:26:08.803,1.24073,1.24088,1.28,2.25
2013.01.29 11:26:09.282,1.2407,1.24086,3.00,1.50
2013.01.29 11:26:09.801,1.2407,1.24087,1.32,3.60
2013.01.29 11:26:13.875,1.2407,1.24087,1.50,3.60
2013.01.29 11:26:14.194,1.24077,1.24087,2.44,2.25
2013.01.29 11:26:14.264,1.24077,1.24087,2.44,1.50
2013.01.29 11:26:14.335,1.24081,1.24087,1.32,1.50
2013.01.29 11:26:14.464,1.24082,1.24089,1.50,1.50
2013.01.29 11:26:14.592,1.24083,1.24092,1.32,1.50
2013.01.29 11:26:14.653,1.24083,1.24095,1.32,1.50
2013.01.29 11:26:14.917,1.24085,1.24097,1.32,1.80
2013.01.29 11:26:15.242,1.24085,1.24098,1.32,1.50
2013.01.29 11:26:15.484,1.24087,1.24098,1.32,1.50
2013.01.29 11:26:15.626,1.24087,1.241,1.32,1.50
2013.01.29 11:26:16.143,1.24087,1.241,1.32,1.50
2013.01.29 11:26:16.562,1.24085,1.24099,2.25,4.50
2013.01.29 11:26:16.863,1.24083,1.24099,2.25,6.00
2013.01.29 11:26:16.926,1.24083,1.24097,1.50,1.50
2013.01.29 11:26:22.695,1.24083,1.24097,2.07,1.50
2013.01.29 11:26:23.624,1.24086,1.24099,1.32,2.25
2013.01.29 11:26:23.754,1.24088,1.241,1.32,1.50
2013.01.29 11:26:23.884,1.24087,1.24101,1.47,1.50
2013.01.29 11:26:24.013,1.24088,1.24101,1.32,1.50
2013.01.29 11:26:24.253,1.24088,1.24103,2.07,1.65
2013.01.29 11:26:24.535,1.24091,1.24104,2.40,1.50
2013.01.29 11:26:24.734,1.24091,1.24103,2.40,1.50
2013.01.29 11:26:24.933,1.24091,1.24105,1.50,1.13
2013.01.29 11:26:25.184,1.24091,1.24102,1.50,4.50
2013.01.29 11:26:25.698,1.24091,1.24103,1.50,1.50
2013.01.29 11:26:26.069,1.24089,1.24103,1.50,2.25
2013.01.29 11:26:26.384,1.2409,1.24105,2.82,2.25
2013.01.29 11:26:26.717,1.24091,1.24105,1.32,1.50
2013.01.29 11:26:27.412,1.24095,1.24106,1.32,7.50
2013.01.29 11:26:27.953,1.24091,1.24106,1.32,3.00
2013.01.29 11:26:28.492,1.24088,1.24103,2.63,2.25
2013.01.29 11:26:28.792,1.24089,1.24103,1.50,1.50
2013.01.29 11:26:29.033,1.24089,1.24105,1.50,1.88
2013.01.29 11:26:29.095,1.24091,1.24105,1.50,1.88
2013.01.29 11:26:29.402,1.24097,1.24108,2.25,1.50
2013.01.29 11:26:29.463,1.24097,1.24112,3.00,1.50
2013.01.29 11:26:29.524,1.24097,1.24113,5.25,2.25
2013.01.29 11:26:29.600,1.241,1.24115,2.25,1.65
2013.01.29 11:26:29.842,1.241,1.24116,2.25,2.40
2013.01.29 11:26:31.695,1.241,1.24116,2.25,2.40
2013.01.29 11:26:32.062,1.24105,1.24121,1.50,2.25
2013.01.29 11:26:32.182,1.24112,1.24128,1.50,3.75
2013.01.29 11:26:32.303,1.24113,1.2413,2.25,2.25
2013.01.29 11:26:32.484,1.24116,1.24131,1.50,1.50
2013.01.29 11:26:33.032,1.24116,1.24133,1.50,1.69
2013.01.29 11:26:33.803,1.24119,1.24135,2.25,3.57
2013.01.29 11:26:34.042,1.24121,1.24137,2.25,2.07
2013.01.29 11:26:34.162,1.24121,1.24137,2.25,1.50
2013.01.29 11:26:34.342,1.24123,1.24139,1.50,2.25
2013.01.29 11:26:34.834,1.24131,1.24146,2.25,1.32
2013.01.29 11:26:35.395,1.24131,1.24147,2.25,2.07
2013.01.29 11:26:36.852,1.24133,1.24149,1.50,2.82
2013.01.29 11:26:37.352,1.24133,1.24141,1.50,2.40
2013.01.29 11:26:37.472,1.2413,1.2414,2.25,2.25
2013.01.29 11:26:37.675,1.2413,1.24148,3.75,2.44
2013.01.29 11:26:39.093,1.24132,1.24148,1.50,2.07
2013.01.29 11:26:39.643,1.24132,1.24148,1.50,2.07
2013.01.29 11:26:40.064,1.24132,1.2415,2.25,1.50
2013.01.29 11:26:40.123,1.24133,1.2415,2.25,1.50
2013.01.29 11:26:40.302,1.24137,1.24153,1.50,1.50
2013.01.29 11:26:40.832,1.24137,1.24153,2.25,1.50
2013.01.29 11:26:41.822,1.24137,1.24153,1.50,2.25
2013.01.29 11:26:42.004,1.24137,1.24152,1.50,2.25
2013.01.29 11:26:42.803,1.24137,1.2415,1.50,1.32
2013.01.29 11:26:42.863,1.24132,1.2415,2.25,2.63
2013.01.29 11:26:43.283,1.24137,1.24151,1.50,1.13
2013.01.29 11:26:44.226,1.24137,1.24152,1.50,1.50
2013.01.29 11:26:44.884,1.24137,1.24151,1.50,1.50
2013.01.29 11:26:45.429,1.24137,1.2415,1.50,1.50
2013.01.29 11:26:45.505,1.24132,1.2415,2.25,3.00
2013.01.29 11:26:45.695,1.24132,1.2415,1.50,3.00
2013.01.29 11:26:46.012,1.24129,1.24144,1.50,2.25
2013.01.29 11:26:46.448,1.24127,1.24142,2.40,1.50
2013.01.29 11:26:46.521,1.24127,1.24144,2.25,1.13
2013.01.29 11:26:47.084,1.24127,1.24143,2.25,1.50
2013.01.29 11:26:47.154,1.24127,1.24142,1.50,5.25
2013.01.29 11:26:47.222,1.24124,1.2414,1.50,1.50
2013.01.29 11:26:47.833,1.24125,1.2414,1.50,1.50
2013.01.29 11:26:47.894,1.24126,1.24144,1.50,2.63
2013.01.29 11:26:47.963,1.24126,1.24144,2.25,1.88
2013.01.29 11:26:48.322,1.24126,1.24141,1.50,1.50
2013.01.29 11:26:48.562,1.24126,1.24143,3.75,1.50
2013.01.29 11:26:48.623,1.24127,1.24141,1.13,1.50
2013.01.29 11:26:48.932,1.24126,1.24139,1.50,1.50
2013.01.29 11:26:49.293,1.24127,1.24141,1.13,1.50
2013.01.29 11:26:49.352,1.24129,1.24145,1.50,1.50
2013.01.29 11:26:49.412,1.24129,1.24145,1.50,5.25
2013.01.29 11:26:49.598,1.24129,1.24145,1.50,1.50
2013.01.29 11:26:51.411,1.24129,1.24146,1.88,1.50
2013.01.29 11:26:51.952,1.24129,1.24142,1.50,1.35
2013.01.29 11:26:52.014,1.24127,1.24141,1.50,1.50
2013.01.29 11:26:52.496,1.24127,1.24141,1.50,2.25
2013.01.29 11:26:52.576,1.24123,1.2414,3.00,1.50
2013.01.29 11:26:53.122,1.24121,1.24139,2.25,2.25
2013.01.29 11:26:53.935,1.24121,1.24136,2.25,4.50
2013.01.29 11:26:54.493,1.24121,1.24137,1.50,1.50
2013.01.29 11:26:55.352,1.24121,1.24137,1.50,1.50
2013.01.29 11:26:55.602,1.24121,1.24138,1.50,1.50
2013.01.29 11:26:55.843,1.24121,1.24136,1.50,5.25
2013.01.29 11:26:56.082,1.24121,1.24137,1.50,1.50
2013.01.29 11:26:56.263,1.24119,1.24137,2.63,2.25
2013.01.29 11:26:57.029,1.24122,1.24136,1.50,5.25
2013.01.29 11:26:57.222,1.24122,1.24138,1.50,3.00
2013.01.29 11:26:57.343,1.24122,1.24138,1.50,3.00
2013.01.29 11:26:57.522,1.24122,1.24138,1.50,3.00
2013.01.29 11:27:00.936,1.24122,1.24138,2.82,2.25
2013.01.29 11:27:01.474,1.24124,1.24139,1.50,1.50
2013.01.29 11:27:02.028,1.2412,1.24137,2.25,1.50
2013.01.29 11:27:02.534,1.24122,1.24138,1.50,3.00
2013.01.29 11:27:02.951,1.24119,1.24137,2.25,1.50
2013.01.29 11:27:03.832,1.24119,1.24137,1.50,2.25
2013.01.29 11:27:04.012,1.24119,1.24137,2.25,2.25
2013.01.29 11:27:04.632,1.24119,1.24136,1.50,1.50
2013.01.29 11:27:05.172,1.24119,1.24137,2.25,2.25
2013.01.29 11:27:05.233,1.24117,1.24135,1.50,3.00
2013.01.29 11:27:05.474,1.24117,1.24135,1.50,3.00
2013.01.29 11:27:05.545,1.24115,1.2413,1.50,1.50
2013.01.29 11:27:05.615,1.24115,1.24132,3.00,1.50
2013.01.29 11:27:06.115,1.24117,1.24133,1.32,1.50
2013.01.29 11:27:06.802,1.24117,1.24135,2.82,3.00
2013.01.29 11:27:07.134,1.24122,1.2414,3.57,6.75
2013.01.29 11:27:07.443,1.24129,1.24142,1.50,1.50
2013.01.29 11:27:07.503,1.24127,1.24143,1.50,2.25
2013.01.29 11:27:07.633,1.2413,1.24144,1.50,1.50
2013.01.29 11:27:08.316,1.24128,1.24144,1.50,3.00
2013.01.29 11:27:10.100,1.2413,1.24144,1.50,1.50
2013.01.29 11:27:10.432,1.24127,1.24144,1.50,1.50
2013.01.29 11:27:14.344,1.24125,1.24143,1.50,2.25
2013.01.29 11:27:14.902,1.24125,1.24143,2.25,2.25
2013.01.29 11:27:15.262,1.24125,1.24143,2.82,2.25
2013.01.29 11:27:15.324,1.24125,1.24143,3.38,2.25
2013.01.29 11:27:15.382,1.2413,1.24144,1.50,1.50
2013.01.29 11:27:15.923,1.24129,1.24145,1.50,2.40
2013.01.29 11:27:16.103,1.2413,1.24148,2.25,7.88
2013.01.29 11:27:16.163,1.24133,1.24148,1.50,5.63
2013.01.29 11:27:16.474,1.2414,1.24154,5.25,2.25
2013.01.29 11:27:16.603,1.24145,1.24158,5.25,3.38
2013.01.29 11:27:16.783,1.24143,1.24158,1.50,1.88
2013.01.29 11:27:16.973,1.24144,1.24161,1.50,1.32
2013.01.29 11:27:17.092,1.24145,1.2416,4.50,1.50
2013.01.29 11:27:17.287,1.24142,1.24159,1.88,1.50
2013.01.29 11:27:17.834,1.24142,1.2416,2.63,1.50
2013.01.29 11:27:17.953,1.24146,1.24164,1.50,2.25
2013.01.29 11:27:18.463,1.24146,1.24164,1.50,2.25
2013.01.29 11:27:19.013,1.24146,1.24164,6.00,2.25
2013.01.29 11:27:19.553,1.24142,1.2416,4.50,2.25
2013.01.29 11:27:19.674,1.24145,1.24161,1.50,2.25
2013.01.29 11:27:19.803,1.24142,1.2416,6.00,2.25
2013.01.29 11:27:20.177,1.24141,1.24158,1.13,2.25
2013.01.29 11:27:20.752,1.2414,1.24158,3.75,2.25
2013.01.29 11:27:21.291,1.24141,1.24157,2.63,2.25
2013.01.29 11:27:21.832,1.24141,1.24157,1.50,2.25
2013.01.29 11:27:22.133,1.24141,1.24157,1.50,3.00
2013.01.29 11:27:22.193,1.24139,1.24155,2.25,2.25
2013.01.29 11:27:23.222,1.24137,1.24153,6.00,1.50
2013.01.29 11:27:24.904,1.24137,1.24153,6.00,2.25
2013.01.29 11:27:25.093,1.24135,1.24151,1.50,2.25
2013.01.29 11:27:25.154,1.24135,1.24149,1.50,1.50
2013.01.29 11:27:25.706,1.24136,1.2415,1.50,1.50
2013.01.29 11:27:25.783,1.24136,1.24152,3.00,1.50
2013.01.29 11:27:26.304,1.24136,1.24152,2.25,1.50
2013.01.29 11:27:27.663,1.24136,1.24152,2.25,2.25
2013.01.29 11:27:27.903,1.24134,1.24149,5.25,1.50
2013.01.29 11:27:28.023,1.24133,1.24149,1.50,1.50
2013.01.29 11:27:31.072,1.24133,1.24151,3.00,2.25
2013.01.29 11:27:33.502,1.24133,1.24151,2.25,6.75
2013.01.29 11:27:33.623,1.24132,1.24148,2.25,1.50
2013.01.29 11:27:33.683,1.24132,1.24148,1.50,2.25
2013.01.29 11:27:34.852,1.2413,1.24147,1.50,1.50
2013.01.29 11:27:35.996,1.2413,1.24147,3.00,1.50
2013.01.29 11:27:36.544,1.24132,1.24148,2.25,1.50
2013.01.29 11:27:37.292,1.24131,1.24147,5.25,1.50
2013.01.29 11:27:37.352,1.24129,1.24146,2.25,2.25
2013.01.29 11:27:39.801,1.24127,1.24145,2.25,2.25
2013.01.29 11:27:41.491,1.24126,1.24142,3.75,1.50
2013.01.29 11:27:47.677,1.24126,1.24142,4.50,1.50
2013.01.29 11:27:50.632,1.24127,1.24145,2.40,2.25
2013.01.29 11:27:51.182,1.24127,1.24145,2.40,2.25
2013.01.29 11:27:53.593,1.24127,1.24144,2.40,1.50
2013.01.29 11:27:54.127,1.24126,1.24143,2.63,1.50
2013.01.29 11:27:54.644,1.24126,1.24143,2.63,1.50
2013.01.29 11:27:55.154,1.24125,1.24142,1.50,1.50
2013.01.29 11:27:55.461,1.24122,1.24138,3.53,1.50
2013.01.29 11:27:57.616,1.24122,1.24138,3.15,1.50
2013.01.29 11:27:57.696,1.24124,1.2414,1.65,2.25
2013.01.29 11:27:59.373,1.24124,1.2414,1.65,3.00
2013.01.29 11:27:59.923,1.2412,1.24138,2.55,1.50
2013.01.29 11:28:01.532,1.2412,1.24138,2.55,1.50
2013.01.29 11:28:02.225,1.2412,1.24138,2.55,1.50
2013.01.29 11:28:02.920,1.24123,1.24139,1.65,2.25
2013.01.29 11:28:03.502,1.24123,1.24139,1.65,1.50
2013.01.29 11:28:04.623,1.24123,1.24139,1.65,1.50
2013.01.29 11:28:05.182,1.24123,1.24139,1.65,3.00
2013.01.29 11:28:05.732,1.24121,1.24137,2.40,1.50
2013.01.29 11:28:06.300,1.24121,1.24137,2.55,1.50
2013.01.29 11:28:06.958,1.24121,1.24137,2.55,1.50
2013.01.29 11:28:08.003,1.24121,1.24137,2.25,2.10
2013.01.29 11:28:08.643,1.24121,1.24137,1.50,1.50
2013.01.29 11:28:09.232,1.24119,1.24135,3.00,1.50
2013.01.29 11:28:09.533,1.24116,1.24133,1.88,1.50
2013.01.29 11:28:10.148,1.24119,1.24135,1.50,3.08
2013.01.29 11:28:10.675,1.24119,1.24135,1.50,2.33
2013.01.29 11:28:11.123,1.24119,1.24135,2.07,2.33
2013.01.29 11:28:11.192,1.24119,1.24135,1.50,2.33
2013.01.29 11:28:12.083,1.24119,1.24135,2.25,1.58
2013.01.29 11:28:12.654,1.24119,1.24135,1.50,2.33
2013.01.29 11:28:13.184,1.24119,1.24135,1.50,2.25
2013.01.29 11:28:13.243,1.24121,1.24137,1.50,4.13
2013.01.29 11:28:15.884,1.24118,1.24136,2.25,2.25
2013.01.29 11:28:25.731,1.24118,1.24136,2.25,2.25
2013.01.29 11:28:27.362,1.2412,1.24137,2.25,1.50
2013.01.29 11:28:27.881,1.2412,1.24138,2.25,2.25
2013.01.29 11:28:28.912,1.2412,1.24138,1.50,2.25
2013.01.29 11:28:29.633,1.2412,1.24138,6.00,2.25
2013.01.29 11:28:30.161,1.24123,1.24139,1.50,1.88
2013.01.29 11:28:30.702,1.24121,1.24138,1.50,1.50
2013.01.29 11:28:31.061,1.24122,1.24138,1.50,1.50
2013.01.29 11:28:31.482,1.24121,1.24137,3.00,1.50
2013.01.29 11:28:33.863,1.24121,1.24137,3.00,1.50
2013.01.29 11:28:34.222,1.24128,1.24142,1.50,1.50
2013.01.29 11:28:34.523,1.24125,1.24142,5.25,2.25
2013.01.29 11:28:34.651,1.24125,1.24138,5.25,1.50
2013.01.29 11:28:34.783,1.24125,1.24141,6.75,3.00
2013.01.29 11:28:35.423,1.24127,1.24143,2.25,3.75
2013.01.29 11:28:35.937,1.24127,1.24143,3.00,1.50
2013.01.29 11:28:36.007,1.24129,1.24145,1.50,2.63
2013.01.29 11:28:37.923,1.24131,1.24147,1.50,2.25
2013.01.29 11:28:38.495,1.24131,1.24147,3.00,1.50
2013.01.29 11:28:38.637,1.24132,1.24149,2.25,2.25
2013.01.29 11:28:39.053,1.24132,1.24148,2.25,4.50
2013.01.29 11:28:39.173,1.2413,1.24148,2.25,1.50
2013.01.29 11:28:39.235,1.24132,1.24149,1.50,1.50
2013.01.29 11:28:39.483,1.2413,1.24148,2.25,1.50
2013.01.29 11:28:40.555,1.2413,1.24148,2.25,2.25
2013.01.29 11:28:40.875,1.24125,1.24141,1.50,2.25
2013.01.29 11:28:41.224,1.24123,1.24136,2.25,1.50
2013.01.29 11:28:41.572,1.24123,1.24136,2.25,2.07
2013.01.29 11:28:41.754,1.2412,1.24133,2.25,1.50
2013.01.29 11:28:41.813,1.2412,1.24136,2.25,1.50
2013.01.29 11:28:41.993,1.2412,1.24134,2.25,1.50
2013.01.29 11:28:42.672,1.24122,1.24134,2.25,1.50
2013.01.29 11:28:42.913,1.24122,1.24137,2.25,1.88
2013.01.29 11:28:49.282,1.24121,1.24137,1.50,1.50
2013.01.29 11:28:49.582,1.24121,1.24139,3.00,1.50
2013.01.29 11:28:49.643,1.24125,1.24139,2.25,1.50
2013.01.29 11:28:49.823,1.24125,1.24141,3.00,1.50
2013.01.29 11:28:50.341,1.24127,1.24141,1.50,1.50
2013.01.29 11:28:50.892,1.24127,1.24143,1.50,1.50
2013.01.29 11:28:53.173,1.24127,1.24143,1.50,1.50
2013.01.29 11:28:53.232,1.24129,1.24145,2.25,1.50
2013.01.29 11:28:53.732,1.24131,1.24146,2.25,1.50
2013.01.29 11:28:54.283,1.24132,1.2415,2.25,2.25
2013.01.29 11:28:54.602,1.24133,1.24147,1.13,1.50
2013.01.29 11:28:59.313,1.24131,1.24147,3.38,1.50
2013.01.29 11:28:59.733,1.24133,1.24149,2.25,1.50
2013.01.29 11:29:00.154,1.24131,1.24147,4.13,1.50
2013.01.29 11:29:00.485,1.24129,1.24144,1.50,2.07
2013.01.29 11:29:00.626,1.24129,1.24144,1.50,1.50
2013.01.29 11:29:01.182,1.24131,1.24146,3.00,1.50
2013.01.29 11:29:02.823,1.24127,1.2414,2.25,1.13
2013.01.29 11:29:02.886,1.2413,1.24141,2.25,1.13
2013.01.29 11:29:02.953,1.24127,1.24137,2.25,1.50
2013.01.29 11:29:03.025,1.24124,1.24137,2.25,1.50
2013.01.29 11:29:03.214,1.24124,1.24139,1.50,3.00
2013.01.29 11:29:03.731,1.24125,1.24139,1.50,1.50
2013.01.29 11:29:03.852,1.24125,1.24139,1.50,2.07
2013.01.29 11:29:05.748,1.24126,1.24139,1.50,2.07
2013.01.29 11:29:05.883,1.24126,1.24139,1.50,1.50
2013.01.29 11:29:06.403,1.24126,1.2414,1.50,1.50
2013.01.29 11:29:06.592,1.24126,1.24138,1.50,1.50
2013.01.29 11:29:07.353,1.24133,1.24138,1.50,1.50
2013.01.29 11:29:07.662,1.24134,1.2414,1.13,1.50
2013.01.29 11:29:08.202,1.24139,1.24144,1.50,2.07
2013.01.29 11:29:08.263,1.24142,1.24158,3.00,2.07
2013.01.29 11:29:16.093,1.24142,1.24158,3.00,2.07
2013.01.29 11:29:16.775,1.24142,1.24158,1.50,2.25
2013.01.29 11:29:16.905,1.24142,1.24158,1.50,2.82
2013.01.29 11:29:17.154,1.2414,1.24156,2.25,2.25
2013.01.29 11:29:17.223,1.2414,1.24156,2.25,2.82
2013.01.29 11:29:17.924,1.2414,1.24156,2.25,1.50
2013.01.29 11:29:18.053,1.2414,1.24156,3.00,1.50
2013.01.29 11:29:18.174,1.2414,1.24156,2.25,1.50
2013.01.29 11:29:21.934,1.24141,1.24159,2.25,2.07
2013.01.29 11:29:22.053,1.24141,1.24159,2.25,1.50
2013.01.29 11:29:22.713,1.24144,1.2416,2.25,1.50
2013.01.29 11:29:23.023,1.24148,1.24163,1.50,2.07
2013.01.29 11:29:23.264,1.24148,1.24165,1.50,2.07
2013.01.29 11:29:23.886,1.24148,1.24164,4.50,1.50
2013.01.29 11:29:24.406,1.2415,1.24166,1.50,2.07
2013.01.29 11:29:24.545,1.2415,1.24166,1.50,2.07
2013.01.29 11:29:24.796,1.2415,1.24166,2.25,2.07
2013.01.29 11:29:24.984,1.2415,1.24166,2.25,1.50
2013.01.29 11:29:25.045,1.24149,1.24164,1.50,1.50
2013.01.29 11:29:25.654,1.24151,1.24167,1.50,2.25
2013.01.29 11:29:26.583,1.24151,1.24167,1.50,3.57
2013.01.29 11:29:27.123,1.24149,1.24165,3.38,1.50
2013.01.29 11:29:27.453,1.24149,1.24163,1.88,1.50
2013.01.29 11:29:27.946,1.24151,1.24165,1.50,1.50
2013.01.29 11:29:28.313,1.24151,1.24168,1.50,2.25
2013.01.29 11:29:28.854,1.24153,1.24168,1.50,2.25
2013.01.29 11:29:29.244,1.24153,1.24167,1.50,1.35
2013.01.29 11:29:29.364,1.24149,1.24165,2.63,1.50
2013.01.29 11:29:29.782,1.24152,1.24165,1.50,1.50
2013.01.29 11:29:32.923,1.24152,1.24165,1.50,2.07
2013.01.29 11:29:33.225,1.24152,1.24165,1.50,2.07
2013.01.29 11:29:33.294,1.24152,1.24165,1.50,2.07
2013.01.29 11:29:33.353,1.24152,1.24163,1.50,1.50
2013.01.29 11:29:33.907,1.24152,1.24163,1.50,2.07
2013.01.29 11:29:36.802,1.24149,1.24163,1.88,2.07
2013.01.29 11:29:38.594,1.24149,1.24163,1.50,2.07
2013.01.29 11:29:38.712,1.24149,1.24163,1.50,2.25
2013.01.29 11:29:38.834,1.24149,1.24163,1.50,2.82
2013.01.29 11:29:39.193,1.24149,1.24163,1.50,2.07
2013.01.29 11:29:40.243,1.24149,1.24161,1.50,2.07
2013.01.29 11:29:40.423,1.2415,1.24161,1.50,2.07
2013.01.29 11:29:40.834,1.2415,1.24162,1.50,2.07
2013.01.29 11:29:41.393,1.2415,1.24161,1.50,1.32
2013.01.29 11:29:41.512,1.2415,1.24161,1.50,1.32
2013.01.29 11:29:41.693,1.24147,1.24161,1.13,3.57
2013.01.29 11:29:41.813,1.24147,1.24161,1.13,2.82
2013.01.29 11:29:41.873,1.24145,1.24158,2.25,2.07
2013.01.29 11:29:42.474,1.24145,1.24158,1.50,2.07
2013.01.29 11:29:42.774,1.24143,1.24156,1.50,1.32
2013.01.29 11:29:42.834,1.24141,1.24155,1.88,1.50
2013.01.29 11:29:43.035,1.24139,1.24155,1.50,1.50
2013.01.29 11:29:43.504,1.24139,1.24153,1.50,1.50
2013.01.29 11:29:44.527,1.24139,1.24153,1.50,2.82
2013.01.29 11:29:46.392,1.24138,1.24153,1.50,2.82
2013.01.29 11:29:49.024,1.24138,1.24153,1.50,2.25
2013.01.29 11:29:49.433,1.24138,1.24153,1.50,2.82
2013.01.29 11:29:49.675,1.24137,1.24151,1.50,2.07
2013.01.29 11:29:49.745,1.24135,1.24147,1.50,1.50
2013.01.29 11:29:50.523,1.24133,1.24147,1.50,1.50
2013.01.29 11:29:56.974,1.24133,1.24147,1.50,1.50
2013.01.29 11:29:57.162,1.24133,1.24149,3.00,1.50
2013.01.29 11:29:57.713,1.24133,1.24147,1.50,1.50
2013.01.29 11:30:00.090,1.24133,1.24145,1.50,2.25
2013.01.29 11:30:00.538,1.24131,1.24139,2.25,1.13
2013.01.29 11:30:00.612,1.24129,1.2414,1.50,2.25
2013.01.29 11:30:00.685,1.24127,1.24137,1.50,1.50
2013.01.29 11:30:00.753,1.24126,1.24137,1.50,1.50
2013.01.29 11:30:01.500,1.24125,1.24137,1.50,1.50
2013.01.29 11:30:01.584,1.24124,1.2414,2.25,1.50
2013.01.29 11:30:01.655,1.24124,1.24137,2.25,1.50
2013.01.29 11:30:03.023,1.24121,1.24137,3.00,1.50
2013.01.29 11:30:04.753,1.24122,1.2414,2.25,2.25
2013.01.29 11:30:04.815,1.24125,1.24141,2.25,2.25
2013.01.29 11:30:05.363,1.24125,1.24141,3.00,1.50
2013.01.29 11:30:06.294,1.24125,1.24141,3.00,1.50
2013.01.29 11:30:06.842,1.24125,1.24141,3.00,1.50
2013.01.29 11:30:07.464,1.24125,1.24141,2.25,2.07
2013.01.29 11:30:07.772,1.24124,1.24137,4.50,1.50
2013.01.29 11:30:07.833,1.24121,1.24137,3.00,1.50
2013.01.29 11:30:08.443,1.24122,1.24137,1.50,1.50
2013.01.29 11:30:10.076,1.24121,1.24137,2.25,2.25
2013.01.29 11:30:10.325,1.2412,1.24134,1.50,1.50
2013.01.29 11:30:15.343,1.24118,1.24134,2.25,1.50
2013.01.29 11:30:15.643,1.24117,1.24131,1.13,1.50
2013.01.29 11:30:17.412,1.24117,1.24133,2.25,1.50
2013.01.29 11:30:17.774,1.24117,1.24133,2.25,2.07
2013.01.29 11:30:17.834,1.24117,1.24133,2.25,2.07
2013.01.29 11:30:18.074,1.24115,1.24129,1.50,1.50
2013.01.29 11:30:18.313,1.24115,1.24131,3.00,1.50
2013.01.29 11:30:18.854,1.24115,1.24131,3.15,2.07
2013.01.29 11:30:19.274,1.24116,1.24131,1.13,1.50
2013.01.29 11:30:19.764,1.24115,1.24131,3.75,2.07
2013.01.29 11:30:20.284,1.24115,1.24131,3.75,2.07
2013.01.29 11:30:23.562,1.24117,1.24131,1.50,1.50
2013.01.29 11:30:23.980,1.24118,1.24131,1.50,1.50
2013.01.29 11:30:26.873,1.24118,1.24131,1.50,2.07
2013.01.29 11:30:27.644,1.24118,1.24131,1.50,2.07
2013.01.29 11:30:27.943,1.24118,1.24131,1.50,1.50
2013.01.29 11:30:31.944,1.24115,1.24131,4.65,1.50
2013.01.29 11:30:55.613,1.24116,1.24134,3.00,2.25
2013.01.29 11:31:05.025,1.24116,1.24133,3.00,2.07
2013.01.29 11:31:05.342,1.24115,1.24132,2.25,2.07
2013.01.29 11:31:05.463,1.24115,1.24132,2.25,2.07
2013.01.29 11:31:06.004,1.24115,1.24132,2.25,2.07
2013.01.29 11:31:07.824,1.24115,1.24131,2.25,1.32
2013.01.29 11:31:08.973,1.24115,1.24131,2.25,1.32
2013.01.29 11:31:09.098,1.24115,1.24131,2.25,1.32
2013.01.29 11:31:09.166,1.24115,1.24131,2.25,1.32
2013.01.29 11:31:09.353,1.24115,1.24129,2.25,2.25
2013.01.29 11:31:10.044,1.24115,1.24131,1.50,1.32
2013.01.29 11:31:10.905,1.24115,1.24131,1.50,2.07
2013.01.29 11:31:11.213,1.24114,1.24125,1.50,1.13
2013.01.29 11:31:11.514,1.24112,1.24125,1.50,1.13
2013.01.29 11:31:12.023,1.24112,1.24124,1.50,1.50
2013.01.29 11:31:12.083,1.24109,1.24124,2.18,1.50
2013.01.29 11:31:12.633,1.24106,1.24121,1.50,1.50
2013.01.29 11:31:12.753,1.24105,1.24121,3.38,1.50
2013.01.29 11:31:14.153,1.2411,1.24123,3.00,2.07
2013.01.29 11:31:14.394,1.24113,1.24128,2.40,2.25
2013.01.29 11:31:14.703,1.24113,1.24129,3.75,1.88
2013.01.29 11:31:14.765,1.24119,1.2413,2.25,1.13
2013.01.29 11:31:14.893,1.24117,1.24132,2.25,1.50
2013.01.29 11:31:15.433,1.24117,1.24131,2.25,2.07
2013.01.29 11:31:15.614,1.24117,1.24131,2.25,2.25
2013.01.29 11:31:15.815,1.24114,1.2413,2.25,1.32
2013.01.29 11:31:16.972,1.24113,1.24129,5.25,2.07
2013.01.29 11:31:17.722,1.24113,1.24129,1.50,3.57
2013.01.29 11:31:18.272,1.24115,1.24129,1.35,2.25
2013.01.29 11:31:18.575,1.24118,1.24132,2.25,1.13
2013.01.29 11:31:18.765,1.24116,1.24131,3.00,1.50
2013.01.29 11:31:18.833,1.24116,1.2413,1.50,2.25
2013.01.29 11:31:19.134,1.24112,1.24126,3.75,1.32
2013.01.29 11:31:19.373,1.24108,1.24124,3.75,2.07
2013.01.29 11:31:19.433,1.24108,1.24121,3.00,1.32
2013.01.29 11:31:19.552,1.24105,1.24121,4.88,1.32
2013.01.29 11:31:20.164,1.24105,1.24121,1.88,2.82
2013.01.29 11:31:21.012,1.24104,1.24121,1.58,1.50
2013.01.29 11:31:22.064,1.24105,1.24121,1.65,1.50
2013.01.29 11:31:22.304,1.24113,1.24128,2.25,2.25
2013.01.29 11:31:22.365,1.24116,1.24128,2.25,1.50
2013.01.29 11:31:22.434,1.24117,1.24131,1.50,4.13
2013.01.29 11:31:23.204,1.24117,1.24132,1.50,1.50
2013.01.29 11:31:25.544,1.24117,1.2413,1.50,1.50
2013.01.29 11:31:26.963,1.24117,1.24132,2.25,1.50
2013.01.29 11:31:28.317,1.24117,1.24131,2.25,1.50
2013.01.29 11:31:28.863,1.24115,1.24131,2.25,1.50
2013.01.29 11:31:29.164,1.24121,1.24131,1.35,1.50
2013.01.29 11:31:29.284,1.24122,1.24134,4.50,1.50
2013.01.29 11:31:29.343,1.24124,1.24136,3.00,1.50
2013.01.29 11:31:29.406,1.24125,1.24138,1.50,2.25
2013.01.29 11:31:29.916,1.24125,1.24138,1.50,2.25
2013.01.29 11:31:31.394,1.24125,1.24138,1.50,2.82
2013.01.29 11:31:33.125,1.24125,1.24136,1.50,1.69
2013.01.29 11:31:33.376,1.24122,1.24137,5.25,2.25
2013.01.29 11:31:33.865,1.24121,1.24136,1.50,1.13
2013.01.29 11:31:34.055,1.24119,1.24136,1.50,1.88
2013.01.29 11:31:34.655,1.24117,1.24134,3.00,1.50
2013.01.29 11:31:34.857,1.24117,1.24131,2.25,1.50
2013.01.29 11:31:37.274,1.24116,1.24131,3.00,1.50
2013.01.29 11:31:38.383,1.24117,1.24131,1.50,1.50
2013.01.29 11:31:38.926,1.24118,1.24134,2.85,3.00
2013.01.29 11:31:39.165,1.24118,1.24134,2.85,1.50
2013.01.29 11:31:39.847,1.24118,1.24134,1.50,2.25
2013.01.29 11:31:40.422,1.24116,1.24132,5.25,1.50
2013.01.29 11:31:44.654,1.24116,1.24131,3.75,1.50
2013.01.29 11:31:46.699,1.24116,1.24131,3.75,2.07
2013.01.29 11:31:46.884,1.24114,1.24129,2.25,1.13
2013.01.29 11:31:47.193,1.24113,1.24128,2.25,1.50
2013.01.29 11:31:47.493,1.24111,1.24125,2.25,1.50
2013.01.29 11:31:48.043,1.24107,1.24124,3.60,1.50
2013.01.29 11:31:48.165,1.24107,1.24121,1.35,1.50
2013.01.29 11:31:50.691,1.24106,1.2412,3.75,1.50
2013.01.29 11:31:53.355,1.24106,1.24121,3.75,1.50
2013.01.29 11:32:00.564,1.24106,1.2412,3.75,1.50
2013.01.29 11:32:01.933,1.24105,1.2412,1.50,1.50
2013.01.29 11:32:02.599,1.24104,1.2412,2.93,1.50
2013.01.29 11:32:07.433,1.24104,1.24119,3.75,1.50
2013.01.29 11:32:09.475,1.24107,1.24119,2.25,1.50
2013.01.29 11:32:09.603,1.24105,1.24119,1.50,1.50
2013.01.29 11:32:10.144,1.24106,1.24119,2.25,1.50
2013.01.29 11:32:10.323,1.24104,1.24119,2.85,1.50
2013.01.29 11:32:10.682,1.24105,1.24119,1.50,1.50
2013.01.29 11:32:11.206,1.24107,1.24119,3.00,1.50
2013.01.29 11:32:13.653,1.24103,1.24119,3.38,1.50
2013.01.29 11:32:14.973,1.24102,1.24117,3.00,1.50
2013.01.29 11:32:16.024,1.24101,1.24117,2.25,1.50
2013.01.29 11:32:17.917,1.24101,1.24117,2.25,2.25
2013.01.29 11:32:18.453,1.24101,1.24115,1.50,1.50
2013.01.29 11:32:19.348,1.24099,1.24115,1.50,2.25
2013.01.29 11:32:19.473,1.24099,1.24115,1.50,2.25
2013.01.29 11:32:22.034,1.24099,1.24115,1.50,2.63
2013.01.29 11:32:22.153,1.24097,1.24111,1.50,1.50
2013.01.29 11:32:25.362,1.24097,1.24111,1.50,3.00
2013.01.29 11:32:25.636,1.24094,1.24111,1.50,3.00
2013.01.29 11:32:26.513,1.24092,1.2411,2.25,1.88
2013.01.29 11:32:30.055,1.24092,1.24108,2.25,1.50
2013.01.29 11:32:30.808,1.24091,1.24107,3.00,1.88
2013.01.29 11:32:31.125,1.2409,1.24105,3.00,1.50
2013.01.29 11:32:33.926,1.24089,1.24105,1.50,1.50
2013.01.29 11:32:34.175,1.24089,1.24105,1.50,2.25
2013.01.29 11:32:34.686,1.24086,1.24102,1.50,1.50
2013.01.29 11:32:35.325,1.24084,1.24101,1.50,1.50
2013.01.29 11:32:36.924,1.24085,1.24101,1.50,1.50
2013.01.29 11:32:39.826,1.24087,1.24105,3.57,1.50
2013.01.29 11:32:39.897,1.24087,1.24105,3.57,1.50
2013.01.29 11:32:39.968,1.2409,1.24105,3.00,1.50
2013.01.29 11:32:40.706,1.24088,1.24105,2.07,1.50
2013.01.29 11:32:40.774,1.24089,1.24105,1.32,1.50
2013.01.29 11:32:41.796,1.24091,1.24106,1.50,1.50
2013.01.29 11:32:42.432,1.24091,1.24104,1.50,1.50
2013.01.29 11:32:42.833,1.24091,1.24107,1.50,1.50
2013.01.29 11:32:43.135,1.24093,1.24107,1.13,1.50
2013.01.29 11:32:43.759,1.24095,1.24108,1.65,1.50
2013.01.29 11:32:43.831,1.24093,1.24108,1.88,1.50
2013.01.29 11:32:43.899,1.24095,1.2411,1.50,1.50
2013.01.29 11:32:44.629,1.24095,1.24111,1.50,1.50
2013.01.29 11:32:45.703,1.24095,1.24113,3.00,3.75
2013.01.29 11:32:47.754,1.24095,1.24113,2.25,4.13
2013.01.29 11:32:47.993,1.24091,1.24109,3.00,1.50
2013.01.29 11:32:49.786,1.24095,1.24111,2.25,1.13
2013.01.29 11:32:50.096,1.24107,1.24115,1.50,1.88
2013.01.29 11:32:50.665,1.24107,1.24122,2.07,1.13
2013.01.29 11:32:56.184,1.24107,1.24123,2.07,4.50
2013.01.29 11:32:56.424,1.24107,1.24123,1.50,3.38
2013.01.29 11:32:56.544,1.24107,1.24123,1.88,3.38
2013.01.29 11:32:56.784,1.24117,1.24127,2.25,2.25
2013.01.29 11:32:56.963,1.24118,1.2413,1.50,1.50
2013.01.29 11:32:57.386,1.24118,1.24134,2.07,1.50
2013.01.29 11:32:57.573,1.24119,1.24135,2.25,1.50
2013.01.29 11:32:57.752,1.24121,1.24137,3.75,1.50
2013.01.29 11:32:59.643,1.24125,1.24141,1.50,3.00
2013.01.29 11:32:59.834,1.24125,1.24143,2.25,2.25
2013.01.29 11:33:00.038,1.24129,1.24144,1.50,1.50
2013.01.29 11:33:00.104,1.24129,1.24145,1.50,1.50
2013.01.29 11:33:00.465,1.24129,1.24147,2.25,1.88
2013.01.29 11:33:00.984,1.24131,1.24149,3.00,3.75
2013.01.29 11:33:01.364,1.24134,1.24149,1.50,2.25
2013.01.29 11:33:02.223,1.24134,1.24147,1.50,1.13
2013.01.29 11:33:03.435,1.24134,1.24146,1.50,1.50
2013.01.29 11:33:03.683,1.24131,1.24145,1.50,1.50
2013.01.29 11:33:04.573,1.24131,1.24145,1.50,1.50
2013.01.29 11:33:04.634,1.24131,1.24145,1.50,1.88
2013.01.29 11:33:04.694,1.24128,1.24145,2.25,1.88
2013.01.29 11:33:04.753,1.24128,1.24145,2.25,1.88
2013.01.29 11:33:05.275,1.24128,1.24145,1.50,1.88
2013.01.29 11:33:05.822,1.24126,1.24144,2.25,2.25
2013.01.29 11:33:08.375,1.24126,1.24144,3.75,2.25
2013.01.29 11:33:08.503,1.2413,1.24147,1.50,2.82
2013.01.29 11:33:08.623,1.24133,1.24147,1.50,2.07
2013.01.29 11:33:08.742,1.24129,1.24147,2.25,3.57
2013.01.29 11:33:12.033,1.24132,1.24146,1.50,1.50
2013.01.29 11:33:12.152,1.24132,1.24147,1.50,1.50
2013.01.29 11:33:12.654,1.24132,1.24148,1.50,2.25
2013.01.29 11:33:13.835,1.24133,1.24149,1.50,2.25
2013.01.29 11:33:15.182,1.24133,1.24149,1.50,2.25
2013.01.29 11:33:15.434,1.24136,1.24149,1.50,2.25
2013.01.29 11:33:16.153,1.24136,1.24149,1.50,2.25
2013.01.29 11:33:16.453,1.24134,1.24149,1.50,2.25
2013.01.29 11:33:16.633,1.24134,1.24149,1.50,3.60
2013.01.29 11:33:16.813,1.24132,1.24147,1.50,1.50
2013.01.29 11:33:17.052,1.24132,1.24148,1.50,8.25
2013.01.29 11:33:17.412,1.2413,1.24146,1.50,2.25
2013.01.29 11:33:22.327,1.2413,1.24146,1.50,2.25
2013.01.29 11:33:22.513,1.24127,1.24145,3.00,2.25
2013.01.29 11:33:22.693,1.24125,1.24143,3.38,1.50
2013.01.29 11:33:23.408,1.24125,1.24143,1.50,3.57
2013.01.29 11:33:23.656,1.24123,1.24139,1.50,1.50
2013.01.29 11:33:23.783,1.24121,1.24139,1.50,2.82
2013.01.29 11:33:24.293,1.24121,1.24137,2.25,1.50
2013.01.29 11:33:24.726,1.24122,1.24139,2.25,3.00
2013.01.29 11:33:25.282,1.24125,1.24139,1.50,1.50
2013.01.29 11:33:26.242,1.24122,1.24139,3.00,1.50
2013.01.29 11:33:27.713,1.24121,1.24139,3.00,2.25
2013.01.29 11:33:28.277,1.24121,1.24139,2.25,2.25
2013.01.29 11:33:28.484,1.24121,1.24139,2.25,2.34
2013.01.29 11:33:31.725,1.24123,1.24141,3.00,2.25
2013.01.29 11:33:31.794,1.24124,1.24141,2.25,2.25
2013.01.29 11:33:32.173,1.24125,1.24139,1.50,1.50
2013.01.29 11:33:33.222,1.24122,1.24139,1.50,1.50
2013.01.29 11:33:33.362,1.24125,1.24139,1.50,1.50
2013.01.29 11:33:33.803,1.24122,1.24139,3.00,1.50
2013.01.29 11:33:33.863,1.24123,1.24139,3.00,1.50
2013.01.29 11:33:34.923,1.24124,1.2414,1.50,3.00
2013.01.29 11:33:35.224,1.24125,1.2414,1.50,1.50
2013.01.29 11:33:35.942,1.24124,1.2414,1.50,1.50
2013.01.29 11:33:41.503,1.24124,1.2414,1.50,2.85
2013.01.29 11:33:41.565,1.24124,1.24138,1.50,1.13
2013.01.29 11:33:41.683,1.24121,1.24138,2.07,2.63
2013.01.29 11:33:42.224,1.24119,1.24135,2.25,3.00
2013.01.29 11:33:42.825,1.24117,1.24133,2.25,2.25
2013.01.29 11:33:43.368,1.24117,1.24133,2.25,2.25
2013.01.29 11:33:43.976,1.24117,1.24133,2.25,2.25
2013.01.29 11:33:45.953,1.24116,1.24131,2.25,1.50
2013.01.29 11:33:46.013,1.24117,1.24133,2.25,1.50
2013.01.29 11:33:46.194,1.24118,1.24133,1.50,1.50
2013.01.29 11:33:46.553,1.24121,1.24137,1.50,3.00
2013.01.29 11:33:46.612,1.24121,1.24137,1.50,3.00
2013.01.29 11:33:46.673,1.24123,1.24137,1.50,3.00
2013.01.29 11:33:46.733,1.24123,1.24138,1.50,1.50
2013.01.29 11:33:47.273,1.24123,1.24138,1.50,1.50
2013.01.29 11:33:47.812,1.24123,1.24138,1.50,1.50
2013.01.29 11:33:48.317,1.24123,1.24138,1.50,1.50
2013.01.29 11:33:48.822,1.24122,1.24138,3.00,1.50
2013.01.29 11:33:49.372,1.24122,1.24138,1.50,1.50
2013.01.29 11:33:49.553,1.24122,1.24138,3.57,1.50
2013.01.29 11:33:50.000,1.24123,1.24141,2.25,3.00
2013.01.29 11:33:58.022,1.24122,1.24139,2.25,1.50
2013.01.29 11:33:58.545,1.24124,1.2414,2.25,1.50
2013.01.29 11:33:59.274,1.24125,1.24141,1.50,2.25
2013.01.29 11:34:00.314,1.24122,1.24138,1.50,1.50
2013.01.29 11:34:00.863,1.24123,1.24138,1.50,1.50
2013.01.29 11:34:00.923,1.24124,1.2414,2.25,1.50
2013.01.29 11:34:01.043,1.24123,1.24138,1.50,1.50
2013.01.29 11:34:01.464,1.24122,1.24138,2.25,1.50
2013.01.29 11:34:02.002,1.24122,1.24138,4.50,1.50
2013.01.29 11:34:06.683,1.24123,1.24138,1.50,1.50
2013.01.29 11:34:06.743,1.24123,1.2414,3.00,2.25
2013.01.29 11:34:06.803,1.24123,1.2414,3.00,2.25
2013.01.29 11:34:09.323,1.24123,1.24141,3.00,2.25
2013.01.29 11:34:09.737,1.24122,1.24139,1.50,1.50
2013.01.29 11:34:10.382,1.24122,1.24139,1.50,1.50
2013.01.29 11:34:10.442,1.24122,1.24139,1.50,2.25
2013.01.29 11:34:10.564,1.24122,1.24136,1.50,1.50
2013.01.29 11:34:10.753,1.24122,1.24138,3.75,1.50
2013.01.29 11:34:11.343,1.2412,1.24136,4.13,1.50
2013.01.29 11:34:11.947,1.24122,1.24136,3.00,1.50
2013.01.29 11:34:13.073,1.2412,1.24136,3.00,1.50
2013.01.29 11:34:13.449,1.24123,1.24138,1.50,1.50
2013.01.29 11:34:14.953,1.24122,1.24138,4.50,1.50
2013.01.29 11:34:15.905,1.24122,1.24136,2.07,1.50
2013.01.29 11:34:16.035,1.24122,1.24139,3.75,1.50
2013.01.29 11:34:16.165,1.24122,1.24139,3.00,2.25
2013.01.29 11:34:16.477,1.24119,1.24134,2.25,3.23
2013.01.29 11:34:16.845,1.24116,1.24133,2.25,1.50
2013.01.29 11:34:18.283,1.24116,1.24133,2.25,2.25
2013.01.29 11:34:18.854,1.24116,1.24131,2.25,1.88
2013.01.29 11:34:19.803,1.24116,1.24131,2.25,1.88
2013.01.29 11:34:21.208,1.24117,1.24131,1.50,1.88
2013.01.29 11:34:21.985,1.24117,1.24133,1.50,3.00
2013.01.29 11:34:26.273,1.24117,1.24133,1.50,3.00
2013.01.29 11:34:29.963,1.24117,1.24133,1.50,4.13
2013.01.29 11:34:30.650,1.24116,1.24133,2.25,3.38
2013.01.29 11:34:31.193,1.24117,1.24133,1.50,4.13
2013.01.29 11:34:35.623,1.24116,1.24133,1.50,3.00
2013.01.29 11:34:36.172,1.24116,1.24133,1.50,3.00
2013.01.29 11:34:38.044,1.24116,1.24133,1.50,4.13
2013.01.29 11:34:38.106,1.24116,1.24131,1.50,1.50
2013.01.29 11:34:38.419,1.24116,1.24129,1.50,1.69
2013.01.29 11:34:38.498,1.24116,1.24129,1.50,1.69
2013.01.29 11:34:39.353,1.24116,1.24129,1.50,1.69
2013.01.29 11:34:39.902,1.24116,1.24129,1.50,1.13
2013.01.29 11:34:40.453,1.24116,1.2413,1.50,1.50
2013.01.29 11:34:40.575,1.24116,1.24132,2.25,1.50
2013.01.29 11:34:41.353,1.24116,1.24132,2.25,1.50
2013.01.29 11:34:41.893,1.24116,1.24132,5.25,1.50
2013.01.29 11:34:43.985,1.24117,1.24132,2.82,1.50
2013.01.29 11:34:44.055,1.24118,1.24134,1.50,1.50
2013.01.29 11:34:44.123,1.2412,1.24136,1.50,3.75
2013.01.29 11:34:44.183,1.24117,1.24135,3.75,1.50
2013.01.29 11:34:44.423,1.24121,1.24135,1.65,1.50
2013.01.29 11:34:44.725,1.24125,1.24138,1.88,1.13
2013.01.29 11:34:45.367,1.24125,1.24141,1.88,1.50
2013.01.29 11:34:46.322,1.24125,1.24143,3.38,5.25
2013.01.29 11:34:54.353,1.24126,1.24143,1.13,3.00
2013.01.29 11:34:58.176,1.24126,1.24141,1.13,1.50
2013.01.29 11:34:58.542,1.24124,1.24141,1.50,2.25
2013.01.29 11:34:59.085,1.24123,1.24141,3.00,2.25
2013.01.29 11:34:59.344,1.24123,1.24139,1.50,1.50
2013.01.29 11:34:59.522,1.24121,1.24139,3.00,1.50
2013.01.29 11:35:00.124,1.24121,1.24137,1.50,1.50
2013.01.29 11:35:03.594,1.24121,1.24137,1.88,2.25
2013.01.29 11:35:03.653,1.24125,1.24139,1.50,1.88
2013.01.29 11:35:05.313,1.24125,1.2414,2.40,1.50
2013.01.29 11:35:06.153,1.24125,1.24139,2.40,1.50
2013.01.29 11:35:10.873,1.24125,1.2414,2.40,1.50
2013.01.29 11:35:13.853,1.24122,1.24139,4.50,1.50
2013.01.29 11:35:14.444,1.24121,1.24139,3.38,1.50
2013.01.29 11:35:14.505,1.24121,1.24134,1.88,1.50
2013.01.29 11:35:14.864,1.24121,1.24136,1.13,1.50
2013.01.29 11:35:15.624,1.24121,1.24137,2.25,1.50
2013.01.29 11:35:22.974,1.24123,1.24139,1.50,3.75
2013.01.29 11:35:25.239,1.24125,1.24141,1.50,6.38
2013.01.29 11:35:25.913,1.24122,1.2414,3.75,2.63
2013.01.29 11:35:26.444,1.24122,1.2414,1.50,2.63
2013.01.29 11:35:29.504,1.24121,1.24137,3.00,1.50
2013.01.29 11:35:31.337,1.24121,1.24137,1.50,2.82
2013.01.29 11:35:31.884,1.24121,1.24137,1.50,2.85
2013.01.29 11:35:40.505,1.24121,1.24137,2.25,1.50
2013.01.29 11:35:41.063,1.24121,1.24137,1.50,2.25
2013.01.29 11:35:41.744,1.24119,1.24135,2.25,1.50
2013.01.29 11:35:44.044,1.2412,1.24135,1.13,1.50
2013.01.29 11:35:44.285,1.24121,1.24137,1.50,2.25
2013.01.29 11:35:44.954,1.24121,1.24138,3.75,2.48
2013.01.29 11:35:45.494,1.24122,1.24137,1.50,1.50
2013.01.29 11:35:45.953,1.2412,1.24138,1.65,2.85
2013.01.29 11:35:46.072,1.24121,1.24138,2.25,2.10
2013.01.29 11:35:46.765,1.24121,1.24138,1.50,2.85
2013.01.29 11:35:47.275,1.24122,1.24138,1.50,2.10
2013.01.29 11:35:47.738,1.24125,1.24139,1.50,1.50
2013.01.29 11:35:47.819,1.24122,1.2414,4.50,2.63
2013.01.29 11:35:48.364,1.24122,1.2414,2.25,1.88
2013.01.29 11:35:49.503,1.24122,1.2414,2.82,2.48
2013.01.29 11:35:49.563,1.24122,1.2414,2.82,2.48
2013.01.29 11:35:49.745,1.24122,1.2414,2.25,2.48
2013.01.29 11:35:50.624,1.24122,1.2414,3.94,2.10
2013.01.29 11:35:51.163,1.24122,1.2414,3.38,3.60
2013.01.29 11:35:51.705,1.24122,1.2414,3.94,3.60
2013.01.29 11:35:51.825,1.24122,1.2414,3.94,3.60
2013.01.29 11:35:52.003,1.24124,1.2414,1.13,3.60
2013.01.29 11:35:52.244,1.24123,1.2414,3.00,1.50
2013.01.29 11:35:52.303,1.24123,1.2414,2.25,1.50
2013.01.29 11:35:52.853,1.24124,1.24141,1.50,5.10
2013.01.29 11:35:54.936,1.24124,1.24141,2.07,5.10
2013.01.29 11:35:56.524,1.24124,1.24141,1.50,5.10
2013.01.29 11:35:57.033,1.24122,1.2414,3.57,1.50
2013.01.29 11:35:58.651,1.24122,1.2414,3.57,1.88
2013.01.29 11:35:58.777,1.24125,1.2414,1.13,1.50
2013.01.29 11:35:59.144,1.24127,1.24143,1.50,3.75
2013.01.29 11:35:59.693,1.24127,1.24143,1.50,3.75
2013.01.29 11:36:00.784,1.24127,1.24143,2.25,3.00
2013.01.29 11:36:01.348,1.24129,1.24144,2.07,5.25
2013.01.29 11:36:02.333,1.24126,1.24143,2.25,1.50
2013.01.29 11:36:06.284,1.24126,1.24143,1.50,1.50
2013.01.29 11:36:06.837,1.24125,1.24141,1.50,2.25
2013.01.29 11:36:07.515,1.24127,1.24143,1.50,3.38
2013.01.29 11:36:20.963,1.24127,1.24143,2.07,3.00
2013.01.29 11:36:21.144,1.24127,1.24143,2.07,3.00
2013.01.29 11:36:24.535,1.24124,1.2414,2.25,1.50
2013.01.29 11:36:29.253,1.24126,1.24142,1.50,2.63
2013.01.29 11:36:33.345,1.24126,1.24142,2.07,2.25
2013.01.29 11:36:33.860,1.24126,1.24142,1.50,2.25
2013.01.29 11:36:34.523,1.24123,1.2414,1.50,1.50
2013.01.29 11:36:37.744,1.24122,1.2414,3.75,1.50
2013.01.29 11:36:37.923,1.24121,1.24137,3.00,1.50
2013.01.29 11:36:38.516,1.24123,1.24137,1.50,1.50
2013.01.29 11:36:38.884,1.24121,1.24137,1.50,1.50
2013.01.29 11:36:39.003,1.24122,1.24137,1.50,1.50
2013.01.29 11:36:39.365,1.2412,1.24138,2.25,3.75
2013.01.29 11:36:39.544,1.24119,1.24135,3.00,1.50
2013.01.29 11:36:40.175,1.2412,1.24138,2.25,2.25
2013.01.29 11:36:40.614,1.24118,1.24134,3.75,1.50
2013.01.29 11:36:40.977,1.24116,1.24132,1.50,2.25
2013.01.29 11:36:41.284,1.24115,1.24131,1.50,4.35
2013.01.29 11:36:41.644,1.24113,1.24131,2.25,4.35
2013.01.29 11:36:41.833,1.24111,1.24129,2.25,2.25
2013.01.29 11:36:42.323,1.24113,1.2413,1.50,2.25
2013.01.29 11:36:43.402,1.24113,1.24131,1.50,4.35
2013.01.29 11:36:46.354,1.24113,1.24131,2.82,5.25
2013.01.29 11:36:46.883,1.24115,1.24131,2.25,1.50
2013.01.29 11:36:55.425,1.24117,1.24133,1.50,1.50
2013.01.29 11:36:55.855,1.24116,1.24132,1.50,1.50
2013.01.29 11:36:55.915,1.24116,1.2413,1.50,1.50
2013.01.29 11:36:56.394,1.24114,1.24129,1.13,1.50
2013.01.29 11:36:56.516,1.24114,1.24127,1.13,1.50
2013.01.29 11:36:57.063,1.24112,1.24127,1.50,1.50
2013.01.29 11:36:57.303,1.24112,1.24127,1.50,1.50
2013.01.29 11:37:00.574,1.24117,1.24133,1.50,1.88
2013.01.29 11:37:01.094,1.24117,1.24133,1.50,1.50
2013.01.29 11:37:01.530,1.24115,1.24133,2.25,1.50
2013.01.29 11:37:01.594,1.24117,1.24133,1.50,1.50
2013.01.29 11:37:07.437,1.24117,1.24133,1.50,1.50
2013.01.29 11:37:07.573,1.24121,1.24137,2.25,5.63
2013.01.29 11:37:07.633,1.24121,1.24137,3.75,4.13
2013.01.29 11:37:08.463,1.24121,1.24137,3.75,4.13
2013.01.29 11:37:08.983,1.24121,1.24137,3.00,4.13
2013.01.29 11:37:09.734,1.24121,1.24137,2.25,4.13
2013.01.29 11:37:10.131,1.24121,1.24137,3.00,4.13
2013.01.29 11:37:10.663,1.24121,1.24137,2.25,3.75
2013.01.29 11:37:11.942,1.24121,1.24137,2.25,3.75
2013.01.29 11:37:15.533,1.24122,1.24137,1.50,3.75
2013.01.29 11:37:15.979,1.24123,1.24139,1.50,3.00
2013.01.29 11:37:16.544,1.24123,1.24139,1.50,2.25
2013.01.29 11:37:16.665,1.24123,1.24137,1.50,3.75
2013.01.29 11:37:16.975,1.24124,1.24139,1.50,2.25
2013.01.29 11:37:17.476,1.24122,1.24139,1.50,6.00
2013.01.29 11:37:18.013,1.24122,1.24139,1.50,6.00
2013.01.29 11:37:18.640,1.24122,1.24139,1.50,6.00
2013.01.29 11:37:19.133,1.24122,1.24136,1.50,3.75
2013.01.29 11:37:19.193,1.24122,1.24139,1.50,6.00
2013.01.29 11:37:19.961,1.24122,1.24139,1.50,6.75
2013.01.29 11:37:20.485,1.24123,1.24139,1.50,6.75
2013.01.29 11:37:21.035,1.24123,1.24139,1.50,3.00
2013.01.29 11:37:22.103,1.24126,1.24139,2.25,2.25
2013.01.29 11:37:23.043,1.24128,1.2414,2.25,1.13
2013.01.29 11:37:24.122,1.24128,1.2414,2.25,1.13
2013.01.29 11:37:24.641,1.24128,1.2414,2.25,1.13
2013.01.29 11:37:25.953,1.24128,1.24141,2.25,4.50
2013.01.29 11:37:26.494,1.24128,1.24141,2.25,4.50
2013.01.29 11:37:29.094,1.24128,1.24141,2.25,4.50
2013.01.29 11:37:30.014,1.24128,1.24141,2.18,4.50
2013.01.29 11:37:31.873,1.24124,1.2414,1.50,1.13
2013.01.29 11:37:32.671,1.24124,1.24139,1.50,1.50
2013.01.29 11:37:36.194,1.24122,1.24139,1.50,1.50
2013.01.29 11:37:36.834,1.24122,1.24139,2.25,1.50
2013.01.29 11:37:37.200,1.24125,1.2414,1.50,1.50
2013.01.29 11:37:37.782,1.24125,1.24141,3.00,1.50
2013.01.29 11:37:41.744,1.24125,1.24139,2.25,1.50
2013.01.29 11:37:41.984,1.24125,1.24141,2.40,2.25
2013.01.29 11:37:42.524,1.24127,1.24142,1.50,1.13
2013.01.29 11:37:43.913,1.24126,1.24141,1.50,1.50
2013.01.29 11:37:44.423,1.24126,1.24142,1.50,1.50
2013.01.29 11:37:44.935,1.24126,1.24143,3.00,1.28
2013.01.29 11:37:47.534,1.24126,1.24143,3.00,2.03
2013.01.29 11:37:48.072,1.24126,1.24143,3.00,1.65
2013.01.29 11:37:48.582,1.24126,1.24142,1.50,1.50
2013.01.29 11:37:52.823,1.24127,1.24143,1.50,3.15
2013.01.29 11:37:56.813,1.24128,1.24144,1.50,3.53
2013.01.29 11:37:57.353,1.24127,1.24143,2.25,2.25
2013.01.29 11:37:58.504,1.24129,1.24144,1.50,3.53
2013.01.29 11:37:58.816,1.24126,1.24144,2.25,4.65
2013.01.29 11:38:00.202,1.24126,1.24142,2.25,1.32
2013.01.29 11:38:00.289,1.24126,1.24142,2.25,1.32
2013.01.29 11:38:04.713,1.24126,1.24143,2.25,4.65
2013.01.29 11:38:05.014,1.24126,1.24143,3.00,2.25
2013.01.29 11:38:05.314,1.24128,1.24143,2.40,1.50
2013.01.29 11:38:05.644,1.24129,1.24144,2.85,1.13
2013.01.29 11:38:05.714,1.24131,1.24148,6.60,1.13
2013.01.29 11:38:05.973,1.24132,1.24147,1.50,1.32
2013.01.29 11:38:06.216,1.24132,1.24146,1.50,1.50
2013.01.29 11:38:08.275,1.24131,1.24146,6.00,2.07
2013.01.29 11:38:08.406,1.2413,1.24146,3.00,2.07
2013.01.29 11:38:08.953,1.24128,1.24144,8.25,2.44
2013.01.29 11:38:09.904,1.24128,1.24144,6.75,2.44
2013.01.29 11:38:10.144,1.24127,1.24141,1.50,1.50
2013.01.29 11:38:10.263,1.24129,1.24141,4.50,1.50
2013.01.29 11:38:10.394,1.24129,1.24143,4.50,2.07
2013.01.29 11:38:10.513,1.24127,1.24143,1.50,2.82
2013.01.29 11:38:11.024,1.24127,1.24143,1.50,4.32
2013.01.29 11:38:11.304,1.24127,1.24143,1.50,4.32
2013.01.29 11:38:11.368,1.24127,1.24143,1.50,4.32
2013.01.29 11:38:12.313,1.24127,1.24143,1.50,2.25
2013.01.29 11:38:12.494,1.24129,1.24143,4.50,1.50
2013.01.29 11:38:13.034,1.24129,1.24145,5.25,1.13
2013.01.29 11:38:14.204,1.2413,1.24146,1.50,2.25
2013.01.29 11:38:15.445,1.2413,1.24145,1.50,1.32
2013.01.29 11:38:15.565,1.2413,1.24145,1.50,2.82
2013.01.29 11:38:15.744,1.2413,1.24144,1.50,2.07
2013.01.29 11:38:16.044,1.2413,1.24145,1.50,2.25
2013.01.29 11:38:19.533,1.24129,1.24142,6.00,1.50
2013.01.29 11:38:19.594,1.24129,1.24142,1.50,1.50
2013.01.29 11:38:19.783,1.24125,1.24142,3.90,3.00
2013.01.29 11:38:21.015,1.24127,1.24143,2.40,1.88
2013.01.29 11:38:21.618,1.24128,1.24142,1.50,1.50
2013.01.29 11:38:21.686,1.24128,1.24144,1.50,2.25
2013.01.29 11:38:21.754,1.24128,1.24144,1.50,2.82
2013.01.29 11:38:21.986,1.24128,1.24144,1.50,2.25
2013.01.29 11:38:22.244,1.24128,1.24141,1.50,1.50
2013.01.29 11:38:22.423,1.24128,1.24143,1.50,1.50
2013.01.29 11:38:24.246,1.24128,1.24143,1.50,2.07
2013.01.29 11:38:24.373,1.24128,1.24143,1.50,2.07
2013.01.29 11:38:24.734,1.24128,1.24142,1.50,2.07
2013.01.29 11:38:24.794,1.24128,1.24142,1.50,1.50
2013.01.29 11:38:26.694,1.24128,1.24142,1.50,2.07
2013.01.29 11:38:26.754,1.24128,1.24142,1.50,1.50
2013.01.29 11:38:28.383,1.24127,1.24144,3.00,1.50
2013.01.29 11:38:30.759,1.2413,1.24144,2.25,1.50
2013.01.29 11:38:31.436,1.2413,1.24145,2.25,1.50
2013.01.29 11:38:35.253,1.2413,1.24145,2.25,2.07
2013.01.29 11:38:35.555,1.24131,1.24144,1.50,1.50
2013.01.29 11:38:35.686,1.2413,1.24144,2.25,1.50
2013.01.29 11:38:38.113,1.2413,1.24147,2.25,2.63
2013.01.29 11:38:39.824,1.2413,1.24143,3.00,1.50
2013.01.29 11:38:40.244,1.2413,1.24145,3.00,3.00
2013.01.29 11:38:55.826,1.24131,1.24145,1.50,1.50
2013.01.29 11:38:56.014,1.24131,1.24146,1.50,1.50
2013.01.29 11:38:59.077,1.24131,1.24144,1.50,1.50
2013.01.29 11:38:59.707,1.24128,1.24144,4.50,1.50
2013.01.29 11:39:00.074,1.24128,1.24142,1.50,1.50
2013.01.29 11:39:02.815,1.24128,1.2414,1.50,1.50
2013.01.29 11:39:03.294,1.24128,1.24143,1.50,2.25
2013.01.29 11:39:03.895,1.24128,1.24144,3.00,1.50
2013.01.29 11:39:06.113,1.24128,1.24143,1.50,1.50
2013.01.29 11:39:09.034,1.24128,1.24143,3.00,1.50
2013.01.29 11:39:09.093,1.24128,1.24146,4.50,2.07
2013.01.29 11:39:10.413,1.24131,1.24146,1.50,1.50
2013.01.29 11:39:11.124,1.24131,1.24146,1.50,1.50
2013.01.29 11:39:13.213,1.24131,1.24146,1.50,1.50
2013.01.29 11:39:13.765,1.24131,1.24147,3.00,1.88
2013.01.29 11:39:19.463,1.24131,1.24147,3.00,1.50
2013.01.29 11:39:22.683,1.24131,1.24145,1.50,1.50
2013.01.29 11:39:23.164,1.24131,1.24147,3.00,3.00
2013.01.29 11:39:23.679,1.24131,1.24146,1.50,1.50
2013.01.29 11:39:26.464,1.24129,1.24143,1.50,1.50
2013.01.29 11:39:26.525,1.24129,1.24143,1.50,1.50
2013.01.29 11:39:26.764,1.2413,1.24143,3.00,1.50
2013.01.29 11:39:26.823,1.2413,1.24146,3.00,1.50
2013.01.29 11:39:33.884,1.2413,1.24146,3.00,2.07
2013.01.29 11:39:34.006,1.2413,1.24146,3.00,3.00
2013.01.29 11:39:35.295,1.2413,1.24143,2.25,1.50
2013.01.29 11:39:35.474,1.24128,1.24143,1.50,1.50
2013.01.29 11:39:35.716,1.24128,1.24143,1.50,2.07
2013.01.29 11:39:35.784,1.24128,1.24143,1.50,2.44
2013.01.29 11:39:36.624,1.24127,1.24143,3.00,1.88
2013.01.29 11:39:37.784,1.24127,1.24144,1.50,2.25
2013.01.29 11:39:39.465,1.24128,1.24143,1.50,1.50
2013.01.29 11:39:40.125,1.24128,1.24143,1.50,2.07
2013.01.29 11:39:40.763,1.24128,1.24143,1.50,1.50
2013.01.29 11:39:51.335,1.24128,1.24143,1.50,2.07
2013.01.29 11:39:51.405,1.24128,1.24142,1.50,1.50
2013.01.29 11:39:51.976,1.24128,1.24144,1.50,2.07
2013.01.29 11:39:52.514,1.24128,1.24144,1.50,1.50
2013.01.29 11:39:52.633,1.24128,1.24142,1.50,1.50
2013.01.29 11:39:59.514,1.24128,1.24143,1.50,1.50
2013.01.29 11:40:01.675,1.24128,1.2414,1.50,1.50
2013.01.29 11:40:01.853,1.24128,1.24142,1.50,1.50
2013.01.29 11:40:07.779,1.24128,1.24141,1.50,2.07
2013.01.29 11:40:10.294,1.24126,1.24141,1.50,2.07
2013.01.29 11:40:11.394,1.24125,1.24141,2.25,1.50
2013.01.29 11:40:11.933,1.24125,1.24142,3.75,2.07
2013.01.29 11:40:12.053,1.24125,1.24143,3.75,2.97
2013.01.29 11:40:12.175,1.24125,1.2414,2.25,1.50
2013.01.29 11:40:12.724,1.24126,1.2414,1.50,1.50
2013.01.29 11:40:13.385,1.24126,1.24142,3.00,2.22
2013.01.29 11:40:14.853,1.24127,1.24142,3.00,2.22
2013.01.29 11:40:15.354,1.24129,1.24143,2.25,2.22
2013.01.29 11:40:15.953,1.24129,1.24143,2.25,2.22
2013.01.29 11:40:16.436,1.24127,1.24142,2.25,2.22
2013.01.29 11:40:16.984,1.24125,1.24142,1.50,2.22
2013.01.29 11:40:17.043,1.24125,1.24142,1.50,2.22
2013.01.29 11:40:17.402,1.24125,1.24142,1.50,2.22
2013.01.29 11:40:17.523,1.24125,1.24142,1.50,2.22
2013.01.29 11:40:18.073,1.24125,1.24142,1.50,2.22
2013.01.29 11:40:19.913,1.24124,1.24138,3.00,1.50
2013.01.29 11:40:19.973,1.24123,1.24138,1.50,1.50
2013.01.29 11:40:20.800,1.24123,1.24138,1.50,1.50
2013.01.29 11:40:21.304,1.24123,1.24138,1.50,3.00
2013.01.29 11:40:22.824,1.24123,1.24138,1.50,3.00
2013.01.29 11:40:24.734,1.24123,1.24138,1.50,1.88
2013.01.29 11:40:25.411,1.24123,1.24138,1.50,1.88
2013.01.29 11:40:26.083,1.24122,1.24138,2.25,1.88
2013.01.29 11:40:26.814,1.24122,1.24138,2.25,1.50
2013.01.29 11:40:28.363,1.24123,1.24138,1.50,1.50
2013.01.29 11:40:28.663,1.24125,1.24141,2.25,2.82
2013.01.29 11:40:29.733,1.24125,1.24141,3.00,2.25
2013.01.29 11:40:30.273,1.24126,1.24142,1.50,1.28
2013.01.29 11:40:32.833,1.24125,1.2414,2.25,1.50
2013.01.29 11:40:35.064,1.24126,1.24142,3.00,3.15
2013.01.29 11:40:39.563,1.24128,1.24142,1.50,3.00
2013.01.29 11:40:40.993,1.24128,1.24142,1.50,3.00
2013.01.29 11:40:43.303,1.24128,1.24142,1.50,3.00
2013.01.29 11:40:43.824,1.24128,1.24142,1.50,3.00
2013.01.29 11:40:44.734,1.24128,1.24142,1.50,3.00
2013.01.29 11:40:45.293,1.24128,1.24141,1.50,1.50
2013.01.29 11:40:47.764,1.24128,1.24141,1.50,1.50
2013.01.29 11:40:49.220,1.24128,1.24142,1.50,3.57
2013.01.29 11:40:51.115,1.24128,1.24142,1.50,3.57
2013.01.29 11:40:52.865,1.24128,1.24142,1.50,3.57
2013.01.29 11:40:54.239,1.24128,1.24142,1.50,3.57
2013.01.29 11:40:54.773,1.24128,1.24142,1.50,3.57
2013.01.29 11:40:55.313,1.24128,1.24142,1.50,1.50
2013.01.29 11:40:55.818,1.24128,1.24142,2.25,1.50
2013.01.29 11:40:57.825,1.24129,1.24143,3.75,1.50
2013.01.29 11:40:58.334,1.24129,1.24143,3.00,2.07
2013.01.29 11:40:59.124,1.24127,1.24143,3.00,2.63
2013.01.29 11:40:59.646,1.24127,1.24143,3.00,2.63
2013.01.29 11:41:00.273,1.24127,1.24143,3.00,2.40
2013.01.29 11:41:01.497,1.24127,1.24143,3.00,2.40
2013.01.29 11:41:02.024,1.24131,1.24144,1.70,2.40
2013.01.29 11:41:02.143,1.24127,1.24143,3.00,2.40
2013.01.29 11:41:03.382,1.24125,1.24141,6.00,1.50
2013.01.29 11:41:03.442,1.24126,1.24144,2.25,3.90
2013.01.29 11:41:04.594,1.24126,1.24143,2.25,1.65
2013.01.29 11:41:07.213,1.24125,1.24142,3.00,1.50
2013.01.29 11:41:09.268,1.24126,1.24142,1.50,1.50
2013.01.29 11:41:09.985,1.24128,1.24144,2.25,3.90
2013.01.29 11:41:17.884,1.24127,1.24144,3.00,2.40
2013.01.29 11:41:18.904,1.24128,1.24144,1.50,3.15
2013.01.29 11:41:26.054,1.24129,1.24144,1.50,2.25
2013.01.29 11:41:26.575,1.24129,1.24144,3.00,2.25
2013.01.29 11:41:27.623,1.24129,1.24144,3.00,2.25
2013.01.29 11:41:30.182,1.24129,1.24144,1.50,2.25
2013.01.29 11:41:30.436,1.24129,1.24144,1.88,2.25
2013.01.29 11:41:30.943,1.24129,1.24144,2.63,1.50
2013.01.29 11:41:31.713,1.24129,1.24144,2.63,1.65
2013.01.29 11:41:35.834,1.2413,1.24144,1.88,1.50
2013.01.29 11:41:36.374,1.2413,1.24144,1.88,1.50
2013.01.29 11:41:42.225,1.2413,1.24144,1.13,1.50
2013.01.29 11:41:42.653,1.2413,1.24146,2.63,1.50
2013.01.29 11:41:42.755,1.2413,1.24146,2.63,2.25
2013.01.29 11:41:43.283,1.2413,1.24146,1.88,2.25
2013.01.29 11:41:45.314,1.2413,1.24145,1.13,1.50
2013.01.29 11:41:45.913,1.2413,1.24145,1.13,1.50
2013.01.29 11:41:46.538,1.2413,1.24145,1.13,1.50
2013.01.29 11:41:47.167,1.24128,1.24143,1.50,2.07
2013.01.29 11:41:47.754,1.24128,1.24144,3.00,3.00
2013.01.29 11:41:48.956,1.2413,1.24144,1.13,3.00
2013.01.29 11:41:51.174,1.24128,1.24143,2.25,1.50
2013.01.29 11:41:51.654,1.24128,1.24143,3.00,1.13
2013.01.29 11:41:52.175,1.24128,1.24143,3.57,1.13
2013.01.29 11:41:52.732,1.24129,1.24144,1.88,1.50
2013.01.29 11:41:53.343,1.24129,1.24144,1.88,1.65
2013.01.29 11:41:54.044,1.24129,1.24144,1.88,1.50
2013.01.29 11:41:56.485,1.24128,1.24144,1.50,3.15
2013.01.29 11:41:58.683,1.24129,1.24144,1.88,1.50
2013.01.29 11:41:59.775,1.24129,1.24144,1.88,1.65
2013.01.29 11:42:00.472,1.24129,1.24144,2.44,1.50
2013.01.29 11:42:01.224,1.24129,1.24144,1.88,1.65
2013.01.29 11:42:02.748,1.24129,1.24144,2.44,1.50
2013.01.29 11:42:03.304,1.24129,1.24144,1.88,1.50
2013.01.29 11:42:03.826,1.24129,1.24144,2.44,1.50
2013.01.29 11:42:04.074,1.24129,1.24144,3.19,1.50
2013.01.29 11:42:04.135,1.24129,1.24144,2.78,1.65
2013.01.29 11:42:04.684,1.24129,1.24145,1.88,2.63
2013.01.29 11:42:05.233,1.24129,1.24145,1.88,3.38
2013.01.29 11:42:05.755,1.24129,1.24144,1.88,1.65
2013.01.29 11:42:06.472,1.24129,1.24144,1.88,1.65
2013.01.29 11:42:07.827,1.24128,1.24143,2.07,2.25
2013.01.29 11:42:10.448,1.24129,1.24145,1.88,3.75
2013.01.29 11:42:12.984,1.24129,1.24145,1.88,3.75
2013.01.29 11:42:13.735,1.24129,1.24145,1.88,4.50
2013.01.29 11:42:14.145,1.24128,1.24144,1.50,3.15
2013.01.29 11:42:16.790,1.24128,1.24144,3.00,1.50
2013.01.29 11:42:24.726,1.24128,1.24144,5.07,1.50
2013.01.29 11:42:24.845,1.24129,1.24144,2.82,1.50
2013.01.29 11:42:25.207,1.24131,1.24144,1.50,1.50
2013.01.29 11:42:25.419,1.24129,1.24147,2.25,1.50
2013.01.29 11:42:25.965,1.2413,1.24146,2.25,1.50
2013.01.29 11:42:26.503,1.2413,1.24146,2.25,2.25
2013.01.29 11:42:30.215,1.2413,1.24146,3.00,2.25
2013.01.29 11:42:33.844,1.2413,1.24146,3.00,2.25
2013.01.29 11:42:33.904,1.2413,1.24146,3.00,2.25
2013.01.29 11:42:35.737,1.2413,1.24146,3.00,2.25
2013.01.29 11:42:43.003,1.2413,1.24146,1.50,1.32
2013.01.29 11:42:45.193,1.24131,1.24146,1.50,1.32
2013.01.29 11:42:45.554,1.2413,1.24144,1.50,2.07
2013.01.29 11:42:46.048,1.2413,1.24141,1.50,1.32
2013.01.29 11:42:46.294,1.2413,1.24141,1.50,1.32
2013.01.29 11:42:47.806,1.2413,1.24142,1.50,2.07
2013.01.29 11:42:47.995,1.24128,1.2414,1.50,2.07
2013.01.29 11:42:48.055,1.24128,1.2414,1.50,1.50
2013.01.29 11:42:48.173,1.24125,1.2414,2.25,1.50
2013.01.29 11:42:48.354,1.24126,1.24141,2.10,1.50
2013.01.29 11:42:48.894,1.24128,1.24144,1.50,3.19
2013.01.29 11:42:49.608,1.24128,1.24144,1.50,2.63
2013.01.29 11:42:50.504,1.24128,1.24144,1.50,2.07
2013.01.29 11:42:50.684,1.24128,1.24144,2.14,1.50
2013.01.29 11:42:50.754,1.24128,1.24144,2.14,1.50
2013.01.29 11:42:51.066,1.24128,1.24145,3.64,3.19
2013.01.29 11:42:51.665,1.24129,1.24145,1.50,3.19
2013.01.29 11:43:06.515,1.24128,1.24143,1.50,1.50
2013.01.29 11:43:09.644,1.24128,1.24143,1.50,1.50
2013.01.29 11:43:11.214,1.24128,1.24143,1.50,1.50
2013.01.29 11:43:11.984,1.24128,1.24143,1.50,1.50
2013.01.29 11:43:12.533,1.24127,1.24143,1.50,2.25
2013.01.29 11:43:12.963,1.24129,1.24144,1.50,2.63
2013.01.29 11:43:14.265,1.24126,1.24142,3.90,1.50
2013.01.29 11:43:16.925,1.24129,1.24145,2.25,3.75
2013.01.29 11:43:21.987,1.24129,1.24145,3.00,2.63
2013.01.29 11:43:22.489,1.24129,1.24145,2.25,2.63
2013.01.29 11:43:23.494,1.24129,1.24145,2.25,4.50
2013.01.29 11:43:23.674,1.24126,1.24143,2.25,1.88
2013.01.29 11:43:24.214,1.24125,1.24142,1.50,1.50
2013.01.29 11:43:26.606,1.24127,1.24143,1.50,2.25
2013.01.29 11:43:27.164,1.24127,1.24143,3.75,2.25
2013.01.29 11:43:27.713,1.24128,1.24146,3.00,3.75
2013.01.29 11:43:30.134,1.24128,1.24146,3.00,3.00
2013.01.29 11:43:30.928,1.24128,1.24146,3.00,3.16
2013.01.29 11:43:32.724,1.24128,1.24146,3.00,3.00
2013.01.29 11:43:33.204,1.24131,1.24147,1.50,3.00
2013.01.29 11:43:35.404,1.24129,1.24145,2.25,1.50
2013.01.29 11:43:43.693,1.24129,1.24145,3.00,2.10
2013.01.29 11:43:44.317,1.24129,1.24145,1.50,3.23
2013.01.29 11:43:49.143,1.24129,1.24145,2.63,4.35
2013.01.29 11:43:49.263,1.2413,1.24145,1.50,2.25
2013.01.29 11:43:49.444,1.24131,1.24145,1.88,1.50
2013.01.29 11:43:55.659,1.24131,1.24145,1.13,1.50
2013.01.29 11:43:55.974,1.24129,1.24145,2.63,1.50
2013.01.29 11:43:56.503,1.24129,1.24147,4.50,3.38
2013.01.29 11:43:58.464,1.24129,1.24147,3.00,3.38
2013.01.29 11:43:58.527,1.24129,1.24144,1.50,1.50
2013.01.29 11:43:58.835,1.24129,1.24147,3.00,3.38
2013.01.29 11:44:04.576,1.24129,1.24147,3.00,3.00
2013.01.29 11:44:04.874,1.24129,1.24144,1.50,1.50
2013.01.29 11:44:08.317,1.24129,1.24144,1.50,1.50
2013.01.29 11:44:09.394,1.2413,1.24146,2.25,1.50
2013.01.29 11:44:10.790,1.2413,1.24146,2.25,2.07
2013.01.29 11:44:10.914,1.2413,1.24146,2.25,1.50
2013.01.29 11:44:11.034,1.24129,1.24144,1.50,1.50
2013.01.29 11:44:14.384,1.24131,1.24147,1.32,2.25
2013.01.29 11:44:14.894,1.24132,1.24148,2.25,1.88
2013.01.29 11:44:15.425,1.24131,1.24147,1.32,2.25
2013.01.29 11:44:16.007,1.24131,1.24147,1.32,1.50
2013.01.29 11:44:17.164,1.24131,1.24147,1.32,2.25
2013.01.29 11:44:17.704,1.24131,1.24147,1.47,1.50
2013.01.29 11:44:18.244,1.24131,1.24147,3.72,1.50
2013.01.29 11:44:19.655,1.24131,1.24147,3.57,2.25
2013.01.29 11:44:20.144,1.24131,1.24148,1.32,2.25
2013.01.29 11:44:21.229,1.2413,1.24147,2.63,1.50
2013.01.29 11:44:21.774,1.2413,1.24146,1.13,2.25
2013.01.29 11:44:24.059,1.24129,1.24143,2.25,1.50
2013.01.29 11:44:26.158,1.24129,1.24146,2.82,1.50
2013.01.29 11:44:28.294,1.2413,1.24146,1.32,1.50
2013.01.29 11:44:29.744,1.24131,1.24147,2.82,1.50
2013.01.29 11:44:30.286,1.24131,1.24148,2.22,3.00
2013.01.29 11:44:31.174,1.24131,1.24148,1.32,3.75
2013.01.29 11:44:31.872,1.24131,1.24148,1.32,2.25
2013.01.29 11:44:33.123,1.24131,1.24146,1.32,1.50
2013.01.29 11:44:33.843,1.24131,1.24147,2.44,1.88
2013.01.29 11:44:34.404,1.24131,1.24145,1.47,1.50
2013.01.29 11:44:36.564,1.24131,1.24148,2.07,2.25
2013.01.29 11:44:37.654,1.24131,1.24145,1.32,1.50
2013.01.29 11:44:40.334,1.2413,1.24147,2.25,1.50
2013.01.29 11:44:40.455,1.24129,1.24145,2.25,1.50
2013.01.29 11:44:40.635,1.24128,1.24145,2.07,1.50
2013.01.29 11:44:41.264,1.24129,1.24145,1.32,2.25
2013.01.29 11:44:42.268,1.24127,1.24145,2.25,2.25
2013.01.29 11:44:42.539,1.24127,1.24141,2.25,3.75
2013.01.29 11:44:43.083,1.24126,1.24142,2.25,2.25
2013.01.29 11:44:44.557,1.24126,1.24142,1.50,2.25
2013.01.29 11:44:44.767,1.24123,1.24141,2.80,6.38
2013.01.29 11:44:44.957,1.24123,1.24141,2.05,6.38
2013.01.29 11:44:45.266,1.24121,1.24136,2.07,1.50
2013.01.29 11:44:45.804,1.2412,1.24136,2.25,1.50
2013.01.29 11:44:46.305,1.2412,1.24136,2.82,1.50
2013.01.29 11:44:46.426,1.24122,1.24138,1.50,2.25
2013.01.29 11:44:48.580,1.24122,1.24138,2.25,2.25
2013.01.29 11:44:50.695,1.24122,1.24138,3.75,1.50
2013.01.29 11:44:50.873,1.24125,1.24142,1.50,1.50
2013.01.29 11:44:51.805,1.24124,1.24142,1.50,2.25
2013.01.29 11:44:51.985,1.24125,1.24142,1.50,1.50
2013.01.29 11:44:52.345,1.24125,1.2414,1.50,1.50
2013.01.29 11:44:52.405,1.24125,1.24142,1.50,1.50
2013.01.29 11:44:52.706,1.24125,1.2414,1.50,1.50
2013.01.29 11:44:53.224,1.24126,1.24141,1.50,1.50
2013.01.29 11:44:54.094,1.24125,1.24141,2.82,1.50
2013.01.29 11:44:54.334,1.24127,1.24143,2.82,1.50
2013.01.29 11:44:54.455,1.24125,1.2414,1.32,1.50
2013.01.29 11:44:54.515,1.24126,1.24142,2.25,1.50
2013.01.29 11:44:55.034,1.24126,1.24141,2.25,1.50
2013.01.29 11:44:55.605,1.24126,1.2414,1.50,1.50
2013.01.29 11:44:55.975,1.24126,1.24142,1.32,1.50
2013.01.29 11:44:56.154,1.24126,1.24142,1.32,1.50
2013.01.29 11:44:56.697,1.24126,1.24143,1.32,1.50
2013.01.29 11:45:07.342,1.24124,1.2414,3.00,1.50
2013.01.29 11:45:08.067,1.24126,1.2414,2.07,1.50
2013.01.29 11:45:08.315,1.24126,1.24142,3.00,1.88
2013.01.29 11:45:11.376,1.24126,1.24142,3.00,1.50
2013.01.29 11:45:11.447,1.24126,1.2414,1.50,1.50
2013.01.29 11:45:12.113,1.24125,1.2414,1.50,1.50
2013.01.29 11:45:12.654,1.24125,1.2414,1.50,1.50
2013.01.29 11:45:13.287,1.24125,1.2414,1.50,1.50
2013.01.29 11:45:16.385,1.24125,1.24139,1.50,1.50
2013.01.29 11:45:17.105,1.24125,1.24142,1.50,2.25
2013.01.29 11:45:17.655,1.24126,1.2414,1.50,1.50
2013.01.29 11:45:19.414,1.24126,1.2414,1.50,1.50
2013.01.29 11:45:19.726,1.24128,1.24143,3.00,1.50
2013.01.29 11:45:20.692,1.24128,1.24143,3.00,1.50
2013.01.29 11:45:21.776,1.24128,1.24143,3.00,1.50
2013.01.29 11:45:21.904,1.24128,1.24144,3.00,3.00
2013.01.29 11:45:22.472,1.24128,1.24144,3.00,2.25
2013.01.29 11:45:23.015,1.24128,1.24144,3.00,2.25
2013.01.29 11:45:23.534,1.24128,1.24144,3.00,2.25
2013.01.29 11:45:24.495,1.24128,1.24144,3.00,2.25
2013.01.29 11:45:25.165,1.24128,1.24144,3.00,2.25
2013.01.29 11:45:25.764,1.24128,1.24143,3.00,1.13
2013.01.29 11:45:26.330,1.24128,1.24143,3.00,1.13
2013.01.29 11:45:26.835,1.24128,1.24143,3.00,1.13
2013.01.29 11:45:27.965,1.24128,1.24143,3.00,1.13
2013.01.29 11:45:29.935,1.24128,1.24143,1.88,3.38
2013.01.29 11:45:30.186,1.24121,1.24135,1.50,1.50
2013.01.29 11:45:30.970,1.24121,1.24135,1.50,1.50
2013.01.29 11:45:32.251,1.24119,1.24134,1.50,1.50
2013.01.29 11:45:34.274,1.24119,1.24135,3.75,1.50
2013.01.29 11:45:39.115,1.2412,1.24134,1.50,1.50
2013.01.29 11:45:41.444,1.2412,1.24132,1.50,1.50
2013.01.29 11:45:41.994,1.24119,1.24132,1.50,1.50
2013.01.29 11:45:46.714,1.24119,1.24134,2.07,3.00
2013.01.29 11:45:47.905,1.24119,1.24133,1.50,1.50
2013.01.29 11:45:54.994,1.24119,1.24129,1.50,1.50
2013.01.29 11:45:55.514,1.24119,1.24129,1.50,1.50
2013.01.29 11:45:57.414,1.24119,1.24132,1.50,1.50
2013.01.29 11:45:59.856,1.24119,1.24133,2.07,1.50
2013.01.29 11:45:59.917,1.24119,1.24135,2.07,1.50
2013.01.29 11:46:00.289,1.24119,1.24135,2.07,1.50
2013.01.29 11:46:00.657,1.24119,1.24133,2.07,1.50
2013.01.29 11:46:00.844,1.24119,1.24136,2.07,1.50
2013.01.29 11:46:03.639,1.2412,1.24134,1.32,1.50
2013.01.29 11:46:04.184,1.2412,1.24135,1.32,1.50
2013.01.29 11:46:10.117,1.24122,1.24138,3.75,1.50
2013.01.29 11:46:10.198,1.24122,1.24138,4.32,1.50
2013.01.29 11:46:10.734,1.24123,1.2414,2.44,3.75
2013.01.29 11:46:11.704,1.24123,1.2414,2.44,3.75
2013.01.29 11:46:13.785,1.24123,1.2414,2.44,3.75
2013.01.29 11:46:15.645,1.24123,1.2414,2.44,3.75
2013.01.29 11:46:16.745,1.24123,1.2414,3.00,3.75
2013.01.29 11:46:17.294,1.24123,1.24136,1.50,1.50
2013.01.29 11:46:17.654,1.24122,1.24136,1.32,1.50
2013.01.29 11:46:18.545,1.2412,1.24134,2.25,1.50
2013.01.29 11:46:18.915,1.2412,1.24136,3.75,3.00
2013.01.29 11:46:18.973,1.24122,1.24136,1.50,1.50
2013.01.29 11:46:19.334,1.24125,1.24139,2.03,1.50
2013.01.29 11:46:19.604,1.24125,1.24136,2.03,1.50
2013.01.29 11:46:19.664,1.24125,1.24138,2.03,1.50
2013.01.29 11:46:19.844,1.24126,1.24139,2.25,1.50
2013.01.29 11:46:20.491,1.24126,1.2414,2.25,1.50
2013.01.29 11:46:21.161,1.24126,1.2414,2.25,1.50
2013.01.29 11:46:21.589,1.24126,1.24142,2.25,1.50
2013.01.29 11:46:23.516,1.24126,1.2414,2.25,1.50
2013.01.29 11:46:26.366,1.24126,1.24142,2.25,1.50
2013.01.29 11:46:27.586,1.24125,1.24142,2.25,2.07
2013.01.29 11:46:27.654,1.24125,1.24138,2.25,1.50
2013.01.29 11:46:28.075,1.24125,1.24142,2.25,1.50
2013.01.29 11:46:28.555,1.24125,1.24139,1.13,2.25
2013.01.29 11:46:29.074,1.24125,1.24139,1.88,1.50
2013.01.29 11:46:33.864,1.24125,1.24141,3.00,1.50
2013.01.29 11:46:34.045,1.24124,1.24138,1.13,1.80
2013.01.29 11:46:34.354,1.24119,1.24126,1.50,2.40
2013.01.29 11:46:34.744,1.2411,1.24126,1.88,2.40
2013.01.29 11:46:35.166,1.2411,1.24121,1.88,2.25
2013.01.29 11:46:35.838,1.24109,1.24121,1.50,2.25
2013.01.29 11:46:37.702,1.2411,1.24121,1.32,2.25
2013.01.29 11:46:37.771,1.2411,1.24125,2.82,4.50
2013.01.29 11:46:38.287,1.24114,1.24125,1.50,2.25
2013.01.29 11:46:38.415,1.24111,1.24124,2.07,2.25
2013.01.29 11:46:38.477,1.24111,1.24123,2.07,2.25
2013.01.29 11:46:39.004,1.24111,1.24123,2.82,2.25
2013.01.29 11:46:40.535,1.24111,1.24123,2.82,2.25
2013.01.29 11:46:41.574,1.24111,1.24123,2.25,2.25
2013.01.29 11:46:42.516,1.24109,1.24123,3.00,2.25
2013.01.29 11:46:44.344,1.24107,1.24123,2.07,3.75
2013.01.29 11:46:44.894,1.24107,1.24123,2.07,3.75
2013.01.29 11:46:46.094,1.24107,1.24123,2.07,3.75
2013.01.29 11:46:46.575,1.24107,1.24119,2.07,2.63
2013.01.29 11:46:46.776,1.24102,1.24116,1.41,4.50
2013.01.29 11:46:49.005,1.24101,1.24115,1.32,1.50
2013.01.29 11:46:49.544,1.24099,1.24116,1.32,4.50
2013.01.29 11:46:49.604,1.24097,1.24116,3.57,4.50
2013.01.29 11:46:49.844,1.24097,1.24113,2.44,2.25
2013.01.29 11:46:50.205,1.24093,1.24111,3.75,3.00
2013.01.29 11:46:50.265,1.24092,1.24109,2.25,2.25
2013.01.29 11:46:50.325,1.24091,1.24105,1.13,1.50
2013.01.29 11:46:50.685,1.24089,1.24102,1.50,1.50
2013.01.29 11:46:50.864,1.24086,1.24102,1.50,1.50
2013.01.29 11:46:51.405,1.24083,1.24102,3.19,1.50
2013.01.29 11:46:51.524,1.24083,1.24102,3.19,2.25
2013.01.29 11:46:51.585,1.24081,1.24097,2.82,1.50
2013.01.29 11:46:51.714,1.2408,1.24097,1.50,2.25
2013.01.29 11:46:51.835,1.24081,1.24097,1.50,1.50
2013.01.29 11:46:52.015,1.24084,1.24099,1.32,1.88
2013.01.29 11:46:52.864,1.24084,1.24099,1.69,1.50
2013.01.29 11:46:53.165,1.24091,1.24106,1.50,3.75
2013.01.29 11:46:53.284,1.24089,1.24103,1.13,1.50
2013.01.29 11:46:54.036,1.24086,1.24103,3.75,1.50
2013.01.29 11:46:54.855,1.24086,1.24104,2.25,2.25
2013.01.29 11:47:07.485,1.24085,1.24103,2.25,1.50
2013.01.29 11:47:08.002,1.24085,1.24103,2.25,1.50
2013.01.29 11:47:10.157,1.24085,1.24103,2.82,1.50
2013.01.29 11:47:12.317,1.24087,1.24099,1.32,1.50
2013.01.29 11:47:12.384,1.24085,1.24099,2.82,1.50
2013.01.29 11:47:12.446,1.24085,1.24096,1.32,1.50
2013.01.29 11:47:12.515,1.24082,1.24095,1.13,2.25
2013.01.29 11:47:12.575,1.2408,1.24095,2.25,2.25
2013.01.29 11:47:13.234,1.24077,1.24094,3.75,2.25
2013.01.29 11:47:15.856,1.24079,1.24094,1.50,1.50
2013.01.29 11:47:15.916,1.24079,1.24097,3.00,1.50
2013.01.29 11:47:16.779,1.24079,1.24096,2.25,1.50
2013.01.29 11:47:16.845,1.24078,1.24094,1.50,1.50
2013.01.29 11:47:17.844,1.24078,1.24094,2.25,1.50
2013.01.29 11:47:18.258,1.2408,1.24096,2.33,4.88
2013.01.29 11:47:19.464,1.2408,1.24093,2.33,1.50
2013.01.29 11:47:19.824,1.24079,1.24092,1.58,3.00
2013.01.29 11:47:20.794,1.24078,1.24093,3.83,1.50
2013.01.29 11:47:21.296,1.24078,1.24094,3.83,4.13
2013.01.29 11:47:24.994,1.24078,1.24094,1.50,4.88
2013.01.29 11:47:25.114,1.24076,1.24092,1.50,1.50
2013.01.29 11:47:26.394,1.24076,1.24092,2.55,1.50
2013.01.29 11:47:26.635,1.24081,1.24097,1.50,2.63
2013.01.29 11:47:42.136,1.24081,1.24097,1.50,3.00
2013.01.29 11:47:42.265,1.24077,1.24095,2.25,2.25
2013.01.29 11:47:53.565,1.24077,1.24095,2.25,2.25
2013.01.29 11:47:54.096,1.2408,1.24096,2.25,2.25
2013.01.29 11:47:58.794,1.2408,1.24096,1.50,3.75
2013.01.29 11:47:59.273,1.24078,1.24094,2.25,2.25
2013.01.29 11:47:59.918,1.24078,1.24094,2.63,2.25
2013.01.29 11:48:04.104,1.24078,1.24094,2.25,2.25
2013.01.29 11:48:14.634,1.24078,1.24094,2.25,2.25
2013.01.29 11:48:15.934,1.24078,1.24094,1.50,3.38
2013.01.29 11:48:16.575,1.24076,1.24093,2.25,1.50
2013.01.29 11:48:21.215,1.24074,1.2409,3.00,1.50
2013.01.29 11:48:22.186,1.24074,1.2409,2.25,1.50
2013.01.29 11:48:22.588,1.24073,1.24089,1.50,1.50
2013.01.29 11:48:25.475,1.24073,1.24086,1.50,1.50
2013.01.29 11:48:25.784,1.24068,1.24084,1.88,1.50
2013.01.29 11:48:25.844,1.24068,1.24081,1.50,2.25
2013.01.29 11:48:25.905,1.24066,1.24081,1.50,2.25
2013.01.29 11:48:28.324,1.24069,1.24081,1.50,2.25
2013.01.29 11:48:39.016,1.24067,1.24081,1.50,3.00
2013.01.29 11:48:43.574,1.24068,1.24081,1.50,3.00
2013.01.29 11:48:43.697,1.24065,1.24081,2.25,3.00
2013.01.29 11:48:44.594,1.24068,1.24081,1.50,2.25
2013.01.29 11:48:45.307,1.24068,1.24076,1.50,1.50
2013.01.29 11:48:48.186,1.2407,1.24076,1.50,1.50
2013.01.29 11:48:49.475,1.24067,1.24076,3.00,1.50
2013.01.29 11:48:49.845,1.24065,1.24076,3.00,1.50
2013.01.29 11:48:49.904,1.24067,1.24076,1.50,1.50
2013.01.29 11:48:50.256,1.24065,1.24076,3.00,1.50
2013.01.29 11:48:50.315,1.24067,1.24076,1.50,1.50
2013.01.29 11:48:53.326,1.24065,1.24074,1.50,1.50
2013.01.29 11:48:53.395,1.24063,1.24074,1.50,1.50
2013.01.29 11:48:53.454,1.24063,1.24076,1.50,1.50
2013.01.29 11:48:53.575,1.24065,1.24076,1.50,1.50
2013.01.29 11:48:53.934,1.24064,1.24075,1.50,1.50
2013.01.29 11:48:57.215,1.24065,1.24076,2.25,1.50
2013.01.29 11:48:57.274,1.24065,1.24076,2.25,1.50
2013.01.29 11:48:59.525,1.24063,1.24077,3.75,1.50
2013.01.29 11:49:00.336,1.24064,1.24077,1.50,1.50
2013.01.29 11:49:00.396,1.24066,1.24077,1.50,1.50
2013.01.29 11:49:07.154,1.24066,1.24077,1.50,1.50
2013.01.29 11:49:07.515,1.24069,1.24078,1.50,1.50
2013.01.29 11:49:09.061,1.24067,1.24078,1.50,1.50
2013.01.29 11:49:11.086,1.24067,1.24081,1.50,2.25
2013.01.29 11:49:12.736,1.24067,1.24082,1.50,5.25
2013.01.29 11:49:13.374,1.24066,1.24081,1.50,1.88
2013.01.29 11:49:17.554,1.24068,1.24081,1.50,1.88
2013.01.29 11:49:17.746,1.24065,1.24081,1.50,3.38
2013.01.29 11:49:17.875,1.24062,1.2408,1.50,2.25
2013.01.29 11:49:18.784,1.24062,1.2408,1.50,2.63
2013.01.29 11:49:19.625,1.24063,1.2408,1.50,2.63
2013.01.29 11:49:19.865,1.24065,1.2408,1.50,2.63
2013.01.29 11:49:20.704,1.24067,1.2408,1.50,1.13
2013.01.29 11:49:21.967,1.24067,1.24082,1.50,5.25
2013.01.29 11:49:26.946,1.24069,1.24082,1.50,1.13
2013.01.29 11:49:27.474,1.2407,1.24084,1.50,4.88
2013.01.29 11:49:28.684,1.2407,1.24085,1.50,2.63
2013.01.29 11:49:29.255,1.2407,1.24086,1.50,5.25
2013.01.29 11:49:29.603,1.24071,1.24086,1.50,4.50
2013.01.29 11:49:30.706,1.24076,1.24086,1.50,4.50
2013.01.29 11:49:30.824,1.24076,1.24092,1.50,4.02
2013.01.29 11:49:32.556,1.24077,1.24092,1.50,1.50
2013.01.29 11:49:32.765,1.24077,1.24091,1.50,2.25
2013.01.29 11:49:33.205,1.24077,1.24093,2.25,1.73
2013.01.29 11:49:33.265,1.24077,1.24093,1.50,1.88
2013.01.29 11:49:33.900,1.24077,1.24091,1.50,3.00
2013.01.29 11:49:41.162,1.24077,1.24091,2.25,3.00
2013.01.29 11:49:42.667,1.24081,1.24091,1.50,2.25
2013.01.29 11:49:42.857,1.24081,1.24097,2.25,1.69
2013.01.29 11:49:42.925,1.24081,1.24098,2.25,1.73
2013.01.29 11:49:43.055,1.24081,1.24098,6.75,1.50
2013.01.29 11:49:44.134,1.24083,1.24099,1.50,1.50
2013.01.29 11:49:44.675,1.24084,1.241,1.50,1.50
2013.01.29 11:49:46.155,1.24086,1.24102,1.50,1.50
2013.01.29 11:49:46.644,1.24087,1.24105,1.50,3.75
2013.01.29 11:49:46.719,1.2409,1.24105,1.50,1.50
2013.01.29 11:49:46.845,1.24088,1.24104,1.50,2.25
2013.01.29 11:49:48.115,1.24088,1.24104,1.50,2.25
2013.01.29 11:49:48.355,1.24086,1.24102,1.50,1.50
2013.01.29 11:49:48.478,1.24084,1.24102,2.25,1.50
2013.01.29 11:49:49.415,1.24088,1.24103,1.50,2.25
2013.01.29 11:49:49.917,1.24086,1.24102,1.50,1.50
2013.01.29 11:49:50.315,1.24088,1.24102,1.50,2.25
2013.01.29 11:49:50.495,1.24086,1.24104,1.50,2.25
2013.01.29 11:49:50.617,1.24089,1.24105,1.50,1.50
2013.01.29 11:49:50.864,1.24087,1.24103,1.50,2.25
2013.01.29 11:49:51.105,1.24087,1.24102,1.50,1.20
2013.01.29 11:49:51.465,1.24087,1.24099,1.50,1.50
2013.01.29 11:49:51.525,1.24081,1.24099,1.88,3.00
2013.01.29 11:49:51.644,1.24079,1.24095,2.63,1.50
2013.01.29 11:49:51.924,1.24079,1.24095,2.25,1.50
2013.01.29 11:49:52.998,1.24077,1.24093,1.50,1.50
2013.01.29 11:49:53.555,1.24076,1.24091,1.50,1.50
2013.01.29 11:49:53.995,1.24077,1.24092,2.25,1.50
2013.01.29 11:49:54.055,1.24079,1.24095,1.50,1.50
2013.01.29 11:49:54.235,1.24076,1.24094,3.00,3.00
2013.01.29 11:49:54.296,1.24076,1.24092,1.50,1.50
2013.01.29 11:49:54.655,1.24077,1.24093,6.75,1.50
2013.01.29 11:49:54.775,1.24077,1.24093,1.50,1.50
2013.01.29 11:49:55.321,1.24078,1.24093,3.00,1.50
2013.01.29 11:49:55.385,1.2408,1.24096,2.25,1.50
2013.01.29 11:49:55.626,1.24077,1.24095,2.25,2.63
2013.01.29 11:49:56.556,1.24077,1.24095,2.25,3.19
2013.01.29 11:49:56.675,1.24077,1.24094,1.50,1.50
2013.01.29 11:49:56.799,1.24076,1.24092,3.00,1.50
2013.01.29 11:50:00.475,1.24076,1.24092,1.50,2.25
2013.01.29 11:50:00.775,1.24079,1.24097,2.25,2.63
2013.01.29 11:50:01.477,1.24079,1.24097,2.25,2.25
2013.01.29 11:50:02.184,1.24082,1.24099,1.50,1.50
2013.01.29 11:50:03.335,1.24082,1.241,2.25,5.07
2013.01.29 11:50:03.694,1.2408,1.24096,1.88,3.00
2013.01.29 11:50:04.315,1.2408,1.24096,1.50,1.50
2013.01.29 11:50:10.030,1.24078,1.24094,2.25,1.50
2013.01.29 11:50:10.097,1.24076,1.24094,3.00,1.50
2013.01.29 11:50:10.166,1.24076,1.24094,2.25,2.25
2013.01.29 11:50:10.235,1.24076,1.24093,1.50,1.50
2013.01.29 11:50:10.596,1.24077,1.24094,2.25,1.88
2013.01.29 11:50:10.904,1.24082,1.24095,1.50,1.50
2013.01.29 11:50:11.025,1.24082,1.24097,1.50,1.50
2013.01.29 11:50:13.578,1.24082,1.24097,1.50,1.50
2013.01.29 11:50:13.646,1.2408,1.24095,1.50,3.00
2013.01.29 11:50:13.718,1.24078,1.24094,3.00,2.25
2013.01.29 11:50:16.486,1.24079,1.24096,1.50,1.13
2013.01.29 11:50:16.786,1.24081,1.24098,1.50,1.50
2013.01.29 11:50:17.096,1.24083,1.24097,1.50,1.32
2013.01.29 11:50:17.275,1.24081,1.24097,1.50,1.50
2013.01.29 11:50:18.004,1.24081,1.24098,1.50,1.50
2013.01.29 11:50:18.606,1.24081,1.24099,1.50,2.25
2013.01.29 11:50:20.888,1.24081,1.24099,1.50,2.25
2013.01.29 11:50:21.393,1.24084,1.241,1.50,4.50
2013.01.29 11:50:21.944,1.24084,1.241,1.50,2.25
2013.01.29 11:50:25.395,1.24086,1.24101,1.50,1.50
2013.01.29 11:50:30.146,1.24086,1.24102,1.50,1.50
2013.01.29 11:50:30.835,1.24084,1.24102,1.50,6.75
2013.01.29 11:50:31.905,1.24084,1.24101,1.50,1.50
2013.01.29 11:50:32.314,1.24081,1.24097,1.50,1.50
2013.01.29 11:50:35.214,1.24081,1.24096,1.50,1.50
2013.01.29 11:50:35.877,1.24081,1.24095,1.50,1.13
2013.01.29 11:50:45.026,1.24081,1.24095,1.50,1.13
2013.01.29 11:50:45.565,1.24081,1.24095,2.07,1.13
2013.01.29 11:50:47.355,1.24081,1.24097,1.50,2.63
2013.01.29 11:50:51.404,1.24081,1.24097,1.50,2.63
2013.01.29 11:50:52.880,1.24081,1.24097,2.07,2.63
2013.01.29 11:50:53.305,1.24083,1.24099,1.50,2.33
2013.01.29 11:50:53.814,1.24083,1.24099,1.50,2.33
2013.01.29 11:50:56.436,1.24085,1.24101,1.50,3.83
2013.01.29 11:50:57.366,1.24082,1.24099,1.88,2.33
2013.01.29 11:51:01.954,1.24083,1.241,1.50,1.20
2013.01.29 11:51:20.266,1.24085,1.24101,1.50,2.70
2013.01.29 11:51:20.337,1.24085,1.24101,1.50,1.13
2013.01.29 11:51:20.939,1.24087,1.24101,1.50,1.13
2013.01.29 11:51:21.244,1.24087,1.24104,1.50,2.10
2013.01.29 11:51:21.305,1.24087,1.24102,1.50,5.25
2013.01.29 11:51:21.424,1.24085,1.24102,1.50,7.50
2013.01.29 11:51:21.604,1.24087,1.24102,1.50,1.50
2013.01.29 11:51:21.724,1.24087,1.24102,1.50,1.50
2013.01.29 11:51:21.966,1.24087,1.24101,1.50,4.50
2013.01.29 11:51:23.178,1.24087,1.24102,1.50,1.13
2013.01.29 11:51:23.425,1.2409,1.24104,1.50,5.25
2013.01.29 11:51:23.485,1.2409,1.24105,1.50,3.00
2013.01.29 11:51:23.845,1.24091,1.24105,1.50,6.75
2013.01.29 11:51:24.025,1.24091,1.24105,1.50,2.25
2013.01.29 11:51:24.564,1.24091,1.24107,1.50,1.13
2013.01.29 11:51:25.166,1.24091,1.24105,1.50,1.88
2013.01.29 11:51:26.036,1.24091,1.24106,2.07,1.50
2013.01.29 11:51:26.297,1.24096,1.2411,1.50,1.50
2013.01.29 11:51:26.605,1.24096,1.2411,1.50,1.88
2013.01.29 11:51:27.171,1.24096,1.2411,1.50,1.88
2013.01.29 11:51:32.251,1.24096,1.24109,1.50,1.13
2013.01.29 11:51:32.715,1.24094,1.24109,3.00,1.13
2013.01.29 11:51:32.966,1.24094,1.2411,2.07,1.88
2013.01.29 11:51:33.267,1.24096,1.2411,2.07,1.50
2013.01.29 11:51:33.794,1.24096,1.24112,2.07,3.00
2013.01.29 11:51:34.344,1.24096,1.24112,2.07,1.50
2013.01.29 11:51:37.416,1.24096,1.24112,2.07,1.50
2013.01.29 11:51:37.894,1.24096,1.24112,2.07,1.50
2013.01.29 11:51:38.254,1.24097,1.24114,2.07,2.40
2013.01.29 11:51:39.105,1.24099,1.24115,2.07,3.00
2013.01.29 11:51:39.167,1.24099,1.24115,2.07,3.00
2013.01.29 11:51:39.595,1.24099,1.24114,1.50,1.13
2013.01.29 11:51:40.608,1.24099,1.24114,2.07,1.13
2013.01.29 11:51:40.735,1.24099,1.24115,2.07,3.00
2013.01.29 11:51:41.274,1.24099,1.24114,1.50,1.13
2013.01.29 11:51:42.071,1.24099,1.24114,2.07,1.13
2013.01.29 11:51:42.575,1.24099,1.24115,1.50,3.38
2013.01.29 11:51:45.184,1.24099,1.24115,1.50,3.38
2013.01.29 11:51:46.477,1.24099,1.24115,2.07,3.00
2013.01.29 11:51:47.079,1.241,1.24115,1.32,2.25
2013.01.29 11:51:49.916,1.24102,1.24119,2.82,3.38
2013.01.29 11:51:49.984,1.24104,1.24119,1.88,1.50
2013.01.29 11:51:50.344,1.2411,1.24122,1.50,1.13
2013.01.29 11:51:55.829,1.24109,1.24122,1.50,1.13
2013.01.29 11:52:08.726,1.24109,1.24124,1.50,1.13
2013.01.29 11:52:08.966,1.24111,1.24126,1.50,4.13
2013.01.29 11:52:09.336,1.24111,1.24127,2.25,6.75
2013.01.29 11:52:09.640,1.24115,1.24129,2.25,1.32
2013.01.29 11:52:09.947,1.24118,1.24129,1.50,1.32
2013.01.29 11:52:10.139,1.24118,1.24134,1.50,6.00
2013.01.29 11:52:10.326,1.2412,1.24134,1.50,3.00
2013.01.29 11:52:10.847,1.2412,1.24136,1.50,4.50
2013.01.29 11:52:11.365,1.2412,1.24134,1.50,2.25
2013.01.29 11:52:11.726,1.2412,1.24136,1.50,5.10
2013.01.29 11:52:11.966,1.24118,1.24134,2.07,3.00
2013.01.29 11:52:12.087,1.2412,1.24136,4.50,1.73
2013.01.29 11:52:12.634,1.24122,1.24137,1.50,1.13
2013.01.29 11:52:12.755,1.24122,1.24139,1.50,1.50
2013.01.29 11:52:15.316,1.24124,1.2414,1.50,1.50
2013.01.29 11:52:15.377,1.24124,1.24139,1.50,4.50
2013.01.29 11:52:15.794,1.24121,1.24137,2.25,1.50
2013.01.29 11:52:15.854,1.24122,1.2414,2.25,1.88
2013.01.29 11:52:17.211,1.24122,1.2414,1.50,2.63
2013.01.29 11:52:17.514,1.24118,1.24135,3.75,1.50
2013.01.29 11:52:17.755,1.24117,1.24135,2.25,2.25
2013.01.29 11:52:18.608,1.24117,1.24135,2.25,2.25
2013.01.29 11:52:19.876,1.24118,1.24135,1.32,1.50
2013.01.29 11:52:19.935,1.24118,1.24135,1.32,1.50
2013.01.29 11:52:19.996,1.24121,1.24135,1.50,1.50
2013.01.29 11:52:20.315,1.24119,1.24135,2.25,1.50
2013.01.29 11:52:20.375,1.24119,1.24137,3.00,1.50
2013.01.29 11:52:20.856,1.24119,1.24136,1.50,7.13
2013.01.29 11:52:20.985,1.24115,1.24132,1.50,2.25
2013.01.29 11:52:21.544,1.24114,1.24132,2.25,2.25
2013.01.29 11:52:21.775,1.24114,1.24132,2.25,2.63
2013.01.29 11:52:22.025,1.24113,1.24128,2.25,1.50
2013.01.29 11:52:22.085,1.24113,1.24129,1.50,2.25
2013.01.29 11:52:22.605,1.24113,1.24128,2.25,1.50
2013.01.29 11:52:23.201,1.24114,1.2413,1.88,1.50
2013.01.29 11:52:23.445,1.24113,1.24128,2.63,1.50
2013.01.29 11:52:24.826,1.24115,1.2413,1.50,1.50
2013.01.29 11:52:25.334,1.24115,1.24131,1.50,1.50
2013.01.29 11:52:25.787,1.24116,1.24131,1.50,1.50
2013.01.29 11:52:26.094,1.24115,1.24129,1.50,1.50
2013.01.29 11:52:26.617,1.24114,1.24129,5.63,1.50
2013.01.29 11:52:28.324,1.24114,1.24129,1.13,1.50
2013.01.29 11:52:29.835,1.24114,1.24132,2.63,3.75
2013.01.29 11:52:30.684,1.24114,1.24132,2.63,2.25
2013.01.29 11:52:33.114,1.24114,1.24132,2.25,3.00
2013.01.29 11:52:37.294,1.24115,1.24132,1.50,3.00
2013.01.29 11:52:37.960,1.24116,1.24132,1.50,1.50
2013.01.29 11:52:40.254,1.24116,1.24133,2.25,2.85
2013.01.29 11:52:40.315,1.24116,1.24133,3.38,1.50
2013.01.29 11:52:40.375,1.24117,1.24134,1.50,3.00
2013.01.29 11:52:40.495,1.2412,1.24136,2.25,3.00
2013.01.29 11:52:40.735,1.24117,1.24135,2.25,1.50
2013.01.29 11:52:40.855,1.24116,1.24132,3.00,1.50
2013.01.29 11:52:42.078,1.24116,1.24132,2.25,1.50
2013.01.29 11:52:42.504,1.24115,1.2413,1.50,1.50
2013.01.29 11:52:46.995,1.24116,1.24132,3.00,1.50
2013.01.29 11:52:48.098,1.24116,1.24129,1.50,2.10
2013.01.29 11:52:48.407,1.24108,1.24123,2.25,1.88
2013.01.29 11:52:48.784,1.24108,1.24121,1.88,5.25
2013.01.29 11:52:49.516,1.24106,1.2412,1.50,1.50
2013.01.29 11:52:50.055,1.24106,1.2412,1.50,1.50
2013.01.29 11:52:50.574,1.24104,1.2412,3.00,1.50
2013.01.29 11:52:50.875,1.24102,1.24115,1.13,1.50
2013.01.29 11:52:51.906,1.24103,1.24117,1.32,1.50
2013.01.29 11:52:55.947,1.24101,1.24116,3.57,4.50
2013.01.29 11:52:56.455,1.24101,1.24116,2.82,4.50
2013.01.29 11:52:57.075,1.24101,1.24116,2.82,4.50
2013.01.29 11:52:57.534,1.24101,1.24117,2.82,1.50
2013.01.29 11:52:58.156,1.24101,1.24117,2.82,1.50
2013.01.29 11:53:00.094,1.24103,1.24117,1.47,1.50
2013.01.29 11:53:12.035,1.24104,1.24119,1.32,2.25
2013.01.29 11:53:22.007,1.24104,1.2412,2.25,2.25
2013.01.29 11:53:23.154,1.24102,1.24118,3.53,1.50
2013.01.29 11:53:23.214,1.24103,1.24121,2.40,4.50
2013.01.29 11:53:32.564,1.24102,1.24118,3.53,1.50
2013.01.29 11:53:32.875,1.24104,1.2412,2.25,2.25
2013.01.29 11:53:39.526,1.24104,1.2412,2.25,2.25
2013.01.29 11:53:40.475,1.24104,1.2412,2.25,2.25
2013.01.29 11:53:41.415,1.24103,1.24119,1.47,1.50
2013.01.29 11:53:41.976,1.24104,1.24121,1.13,2.25
2013.01.29 11:53:42.593,1.24104,1.24121,1.13,2.25
2013.01.29 11:53:42.714,1.24104,1.24121,1.13,2.25
2013.01.29 11:53:44.086,1.24106,1.24122,2.82,3.90
2013.01.29 11:53:56.984,1.24106,1.24121,2.25,1.50
2013.01.29 11:53:57.374,1.24106,1.24121,2.25,1.50
2013.01.29 11:54:17.766,1.24107,1.24121,1.32,1.50
2013.01.29 11:54:18.279,1.24107,1.24121,2.82,1.50
2013.01.29 11:54:18.347,1.24107,1.24121,2.25,1.50
2013.01.29 11:54:30.205,1.24105,1.24121,2.25,1.50
2013.01.29 11:54:40.672,1.24106,1.24122,1.32,1.50
2013.01.29 11:54:44.783,1.24105,1.24122,2.25,1.50
2013.01.29 11:54:49.424,1.24106,1.24122,1.88,1.65
2013.01.29 11:54:49.495,1.24106,1.24123,2.03,2.25
2013.01.29 11:54:50.034,1.24106,1.24124,4.28,3.15
2013.01.29 11:54:54.454,1.24106,1.24124,4.32,3.38
2013.01.29 11:54:55.674,1.24106,1.24122,2.25,1.50
2013.01.29 11:54:56.917,1.24104,1.24122,2.25,3.00
2013.01.29 11:55:00.366,1.24104,1.24122,2.25,3.00
2013.01.29 11:55:00.921,1.24105,1.24121,2.25,2.25
2013.01.29 11:55:13.304,1.24106,1.24121,1.88,1.50
2013.01.29 11:55:13.826,1.24107,1.24121,1.65,1.50
2013.01.29 11:55:22.527,1.24107,1.24123,1.65,1.65
2013.01.29 11:55:25.868,1.24106,1.24122,4.13,2.25
2013.01.29 11:55:26.429,1.24106,1.24122,4.13,2.25
2013.01.29 11:55:26.494,1.24106,1.2412,2.63,1.50
2013.01.29 11:55:26.675,1.24106,1.24123,2.63,2.40
2013.01.29 11:55:33.765,1.24107,1.24122,1.13,2.25
2013.01.29 11:55:34.307,1.24107,1.24123,1.13,1.65
2013.01.29 11:55:47.384,1.24109,1.24125,2.25,3.00
2013.01.29 11:56:01.275,1.24109,1.24125,1.50,3.15
2013.01.29 11:56:01.814,1.24109,1.24125,1.50,3.15
2013.01.29 11:56:05.305,1.24109,1.24125,2.25,2.63
2013.01.29 11:56:08.627,1.24109,1.24125,2.25,2.63
2013.01.29 11:56:08.936,1.24112,1.24128,1.88,2.63
2013.01.29 11:56:09.246,1.24108,1.24123,2.03,3.00
2013.01.29 11:56:09.365,1.24107,1.24123,2.78,3.75
2013.01.29 11:56:09.487,1.24112,1.24125,1.50,1.65
2013.01.29 11:56:09.676,1.24112,1.24127,1.50,6.57
2013.01.29 11:56:11.255,1.24112,1.24127,1.50,4.88
2013.01.29 11:56:27.555,1.24112,1.24127,1.50,4.65
2013.01.29 11:56:30.524,1.24114,1.24127,1.50,4.65
2013.01.29 11:56:30.765,1.24118,1.24134,1.65,1.50
2013.01.29 11:56:30.826,1.24119,1.24134,2.25,1.50
2013.01.29 11:56:31.365,1.24121,1.24139,3.00,2.25
2013.01.29 11:56:59.606,1.24121,1.24139,3.94,2.25
2013.01.29 11:57:00.145,1.24121,1.24139,3.38,2.25
2013.01.29 11:57:12.185,1.24122,1.2414,1.50,3.00
2013.01.29 11:57:18.294,1.24124,1.2414,1.50,1.50
2013.01.29 11:57:18.995,1.24124,1.2414,1.50,1.50
2013.01.29 11:57:27.016,1.24124,1.24141,2.25,1.65
2013.01.29 11:57:28.355,1.24124,1.24141,1.50,2.40
2013.01.29 11:57:31.866,1.24124,1.24141,2.07,1.65
2013.01.29 11:57:34.905,1.24124,1.24142,2.25,7.13
2013.01.29 11:57:35.454,1.24124,1.24142,2.25,6.38
2013.01.29 11:57:37.006,1.24124,1.24142,1.50,7.13
2013.01.29 11:57:37.545,1.24124,1.24142,2.25,7.13
2013.01.29 11:57:43.287,1.24125,1.24142,2.25,1.65
2013.01.29 11:57:43.904,1.24125,1.24141,2.25,3.75
2013.01.29 11:57:48.790,1.24125,1.24141,2.25,4.50
2013.01.29 11:57:49.297,1.24124,1.2414,1.50,3.38
2013.01.29 11:57:49.716,1.24122,1.24138,1.50,1.50
2013.01.29 11:57:53.616,1.24123,1.24138,1.69,1.50
2013.01.29 11:57:54.785,1.24126,1.24142,2.82,6.90
2013.01.29 11:57:54.905,1.24126,1.24142,2.82,6.75
2013.01.29 11:57:55.026,1.24126,1.24142,1.50,6.75
2013.01.29 11:57:55.267,1.24123,1.24139,2.25,1.50
2013.01.29 11:57:57.255,1.24121,1.24139,2.25,2.40
2013.01.29 11:57:57.315,1.24122,1.24136,1.32,1.50
2013.01.29 11:58:00.066,1.2412,1.24136,2.25,1.50
2013.01.29 11:58:00.487,1.24118,1.24134,2.40,1.50
2013.01.29 11:58:05.016,1.24117,1.24132,1.28,1.50
2013.01.29 11:58:05.081,1.24117,1.24132,1.28,1.50
2013.01.29 11:58:05.385,1.24118,1.24134,2.25,3.00
2013.01.29 11:58:06.385,1.24117,1.24132,1.13,1.50
2013.01.29 11:58:08.325,1.24116,1.24132,1.50,2.25
2013.01.29 11:58:08.865,1.24114,1.24131,1.13,1.50
2013.01.29 11:58:10.705,1.24114,1.24131,1.50,1.50
2013.01.29 11:58:11.307,1.24116,1.24132,2.25,2.25
2013.01.29 11:58:18.465,1.24116,1.24132,2.63,2.25
2013.01.29 11:58:24.286,1.24117,1.24134,1.50,2.25
2013.01.29 11:58:24.734,1.24115,1.24132,1.50,2.25
2013.01.29 11:58:28.965,1.24114,1.24132,2.63,2.25
2013.01.29 11:58:29.445,1.24115,1.24132,1.50,3.00
2013.01.29 11:58:29.945,1.24114,1.24132,2.63,3.00
2013.01.29 11:58:30.486,1.24114,1.2413,1.88,1.50
2013.01.29 11:58:33.365,1.24111,1.24129,1.88,3.75
2013.01.29 11:58:33.927,1.24111,1.24126,1.88,5.40
2013.01.29 11:58:34.305,1.2411,1.24126,1.50,6.90
2013.01.29 11:58:34.846,1.2411,1.24124,1.50,1.88
2013.01.29 11:58:45.355,1.2411,1.24126,1.50,6.38
2013.01.29 11:58:55.997,1.2411,1.24126,2.07,6.00
2013.01.29 11:58:56.068,1.2411,1.24126,2.82,2.25
2013.01.29 11:58:56.135,1.2411,1.24126,2.25,2.25
2013.01.29 11:58:56.196,1.2411,1.24126,3.57,2.25
2013.01.29 11:58:56.729,1.24115,1.24128,1.50,1.13
2013.01.29 11:58:57.336,1.24115,1.24126,1.50,1.13
2013.01.29 11:59:00.235,1.24115,1.24128,1.50,1.13
2013.01.29 11:59:00.535,1.24112,1.24128,4.69,2.40
2013.01.29 11:59:00.596,1.24112,1.24127,3.94,4.50
2013.01.29 11:59:01.225,1.24112,1.24125,2.44,1.50
2013.01.29 11:59:01.766,1.24112,1.24126,2.44,1.13
2013.01.29 11:59:01.957,1.24112,1.24126,2.44,1.88
2013.01.29 11:59:02.445,1.24113,1.24128,1.50,2.25
2013.01.29 11:59:02.505,1.24117,1.24132,1.50,3.23
2013.01.29 11:59:02.816,1.24117,1.24133,2.25,1.88
2013.01.29 11:59:03.150,1.24119,1.24135,2.25,3.75
2013.01.29 11:59:06.355,1.24121,1.24135,1.65,1.50
2013.01.29 11:59:06.965,1.24123,1.24138,1.50,3.00
2013.01.29 11:59:07.206,1.24119,1.24137,2.25,2.25
2013.01.29 11:59:10.646,1.24119,1.24137,2.40,3.00
2013.01.29 11:59:10.890,1.24122,1.24137,1.50,3.00
2013.01.29 11:59:11.425,1.24121,1.24137,1.50,3.00
2013.01.29 11:59:17.545,1.24118,1.24136,3.00,2.25
2013.01.29 11:59:17.605,1.24118,1.24136,3.00,3.00
2013.01.29 11:59:18.327,1.24118,1.24134,1.50,1.50
2013.01.29 11:59:18.886,1.24119,1.24135,1.50,3.00
2013.01.29 11:59:20.788,1.24119,1.24135,2.25,1.50
2013.01.29 11:59:20.856,1.24119,1.24135,3.57,1.50
2013.01.29 11:59:20.916,1.24121,1.24139,2.25,3.75
2013.01.29 11:59:24.325,1.24122,1.24139,2.25,3.00
2013.01.29 11:59:30.367,1.24124,1.24138,1.50,1.50
2013.01.29 11:59:31.926,1.24123,1.24138,2.25,1.50
2013.01.29 11:59:32.126,1.24123,1.24139,2.25,1.50
2013.01.29 11:59:32.676,1.24123,1.2414,2.25,1.13
2013.01.29 11:59:34.615,1.24125,1.24141,2.25,5.25
2013.01.29 11:59:34.736,1.24125,1.24141,2.25,1.50
2013.01.29 11:59:38.908,1.24125,1.24141,2.07,2.48
2013.01.29 11:59:39.455,1.24125,1.24141,2.07,2.48
2013.01.29 11:59:40.017,1.24125,1.24141,2.82,2.48
2013.01.29 11:59:40.146,1.24125,1.24141,1.88,3.23
2013.01.29 11:59:40.685,1.24123,1.24139,1.50,1.50
2013.01.29 11:59:40.955,1.24121,1.24139,2.25,1.50
2013.01.29 11:59:45.285,1.24121,1.24139,2.25,1.50
2013.01.29 11:59:45.832,1.24124,1.24141,2.25,4.35
2013.01.29 11:59:46.466,1.24124,1.24141,2.25,1.50
2013.01.29 11:59:46.775,1.24127,1.24143,2.25,1.50
2013.01.29 11:59:47.910,1.24127,1.24143,2.25,1.50
2013.01.29 11:59:48.039,1.24129,1.24145,1.50,2.25
2013.01.29 11:59:51.456,1.24129,1.24145,1.50,2.63
2013.01.29 11:59:54.455,1.24129,1.24145,1.50,2.63
2013.01.29 11:59:54.994,1.24127,1.24145,3.00,1.88
2013.01.29 11:59:55.537,1.24129,1.24146,1.50,3.00
2013.01.29 11:59:56.053,1.24129,1.24146,2.25,3.00
2013.01.29 11:59:56.275,1.24129,1.24146,2.25,1.50
2013.01.29 11:59:56.936,1.24131,1.24147,1.50,2.25
2013.01.29 11:59:57.445,1.24131,1.24147,2.25,1.50
2013.01.29 11:59:58.166,1.24131,1.24147,1.50,1.13
