2010.09.29 13:00:00.630,1.3296,1.3298,8.70,1.00
2010.09.29 13:00:01.497,1.32965,1.3298,1.60,1.00
2010.09.29 13:00:01.803,1.32955,1.32975,4.90,1.00
2010.09.29 13:00:02.107,1.32955,1.32975,4.50,1.00
2010.09.29 13:00:03.329,1.32955,1.32975,2.90,4.80
2010.09.29 13:00:04.139,1.3296,1.3298,2.10,15.00
2010.09.29 13:00:04.418,1.32955,1.32975,2.90,1.00
2010.09.29 13:00:05.543,1.32965,1.3298,2.40,8.00
2010.09.29 13:00:05.900,1.32965,1.32985,2.90,4.00
2010.09.29 13:00:06.744,1.32965,1.32985,3.10,4.60
2010.09.29 13:00:08.490,1.32965,1.3298,3.10,1.00
2010.09.29 13:00:08.799,1.32965,1.32975,1.90,4.60
2010.09.29 13:00:09.646,1.32965,1.3298,1.00,4.60
2010.09.29 13:00:09.889,1.3296,1.32975,1.00,1.00
2010.09.29 13:00:10.134,1.32955,1.32975,11.10,1.00
2010.09.29 13:00:11.030,1.32965,1.32975,1.00,2.20
2010.09.29 13:00:11.374,1.32955,1.32975,5.10,2.20
2010.09.29 13:00:11.913,1.32955,1.32975,4.30,2.20
2010.09.29 13:00:12.267,1.32955,1.32975,2.90,3.20
2010.09.29 13:00:12.617,1.32955,1.32975,2.90,2.40
2010.09.29 13:00:13.427,1.3296,1.32975,1.00,1.00
2010.09.29 13:00:13.707,1.32955,1.32975,4.50,3.20
2010.09.29 13:00:14.454,1.3296,1.32975,4.00,2.40
2010.09.29 13:00:14.812,1.32955,1.32975,1.00,2.40
2010.09.29 13:00:15.159,1.3295,1.3297,17.10,1.00
2010.09.29 13:00:15.991,1.3295,1.3296,1.60,1.00
2010.09.29 13:00:16.347,1.32945,1.3296,5.60,1.00
2010.09.29 13:00:17.228,1.32945,1.3296,3.20,1.00
2010.09.29 13:00:17.515,1.32935,1.32945,1.00,1.00
2010.09.29 13:00:18.536,1.32935,1.32945,1.60,1.60
2010.09.29 13:00:19.558,1.32925,1.3293,4.80,1.00
2010.09.29 13:00:19.910,1.3292,1.32925,8.00,1.00
2010.09.29 13:00:20.502,1.3292,1.3293,8.00,1.60
2010.09.29 13:00:21.541,1.3292,1.32925,8.00,1.00
2010.09.29 13:00:21.895,1.3291,1.32925,9.60,1.60
2010.09.29 13:00:22.696,1.3291,1.32925,9.80,1.60
2010.09.29 13:00:22.942,1.3291,1.32925,3.40,1.60
2010.09.29 13:00:23.598,1.3291,1.3293,5.80,1.60
2010.09.29 13:00:23.950,1.3292,1.3293,1.00,1.60
2010.09.29 13:00:25.112,1.32915,1.3293,1.60,1.60
2010.09.29 13:00:25.469,1.3291,1.32925,5.00,1.00
2010.09.29 13:00:26.350,1.3291,1.3293,7.40,5.60
2010.09.29 13:00:26.698,1.3291,1.3293,5.00,1.60
2010.09.29 13:00:27.232,1.3291,1.3293,4.20,5.60
2010.09.29 13:00:27.597,1.3291,1.3293,5.00,3.20
2010.09.29 13:00:28.443,1.3292,1.3293,1.00,1.60
2010.09.29 13:00:28.806,1.32915,1.3293,1.60,1.60
2010.09.29 13:00:30.257,1.32925,1.3294,1.80,1.60
2010.09.29 13:00:30.545,1.32925,1.3294,3.40,1.60
2010.09.29 13:00:31.730,1.3293,1.3294,1.00,1.00
2010.09.29 13:00:31.939,1.32935,1.32945,1.00,1.60
2010.09.29 13:00:32.145,1.3293,1.32945,2.20,1.60
2010.09.29 13:00:32.697,1.3293,1.32945,3.80,1.60
2010.09.29 13:00:32.922,1.3293,1.3295,6.20,7.20
2010.09.29 13:00:33.281,1.3293,1.3295,10.20,3.20
2010.09.29 13:00:34.136,1.3293,1.3295,10.60,3.20
2010.09.29 13:00:34.401,1.3293,1.32945,6.60,1.60
2010.09.29 13:00:34.665,1.3293,1.3294,2.60,1.00
2010.09.29 13:00:35.427,1.3293,1.3294,2.60,1.60
2010.09.29 13:00:35.763,1.3292,1.3294,2.10,1.60
2010.09.29 13:00:36.083,1.3292,1.32935,1.60,1.00
2010.09.29 13:00:37.120,1.3291,1.32935,8.50,5.60
2010.09.29 13:00:37.925,1.3291,1.32925,3.80,1.00
2010.09.29 13:00:38.282,1.3291,1.3293,7.40,1.60
2010.09.29 13:00:40.633,1.3291,1.32925,7.40,1.00
2010.09.29 13:00:40.991,1.3291,1.32925,8.20,1.00
2010.09.29 13:00:41.340,1.3291,1.3293,11.40,1.60
2010.09.29 13:00:42.079,1.3291,1.3293,9.00,1.60
2010.09.29 13:00:42.288,1.32915,1.3293,1.00,1.60
2010.09.29 13:00:42.494,1.32915,1.32925,1.00,1.00
2010.09.29 13:00:42.702,1.3291,1.32925,5.00,1.00
2010.09.29 13:00:43.455,1.32905,1.3292,11.10,1.00
2010.09.29 13:00:43.813,1.32905,1.3292,6.60,1.00
2010.09.29 13:00:44.468,1.3291,1.3292,1.00,1.00
2010.09.29 13:00:44.774,1.3291,1.3292,5.40,1.00
2010.09.29 13:00:45.072,1.329,1.32915,3.80,1.00
2010.09.29 13:00:45.954,1.329,1.32915,4.20,1.60
2010.09.29 13:00:47.194,1.3289,1.32905,1.60,1.80
2010.09.29 13:00:48.168,1.32895,1.32905,1.00,1.60
2010.09.29 13:00:48.790,1.3289,1.32905,3.00,1.60
2010.09.29 13:00:49.145,1.3289,1.3291,17.10,1.60
2010.09.29 13:00:50.299,1.3289,1.3291,17.10,1.00
2010.09.29 13:00:51.465,1.32895,1.32915,1.50,5.60
2010.09.29 13:00:51.812,1.32895,1.3291,1.00,1.00
2010.09.29 13:00:52.349,1.32895,1.32905,1.00,1.00
2010.09.29 13:00:52.710,1.3289,1.32905,1.00,3.40
2010.09.29 13:00:54.015,1.32885,1.329,2.10,1.00
2010.09.29 13:00:54.306,1.3288,1.329,3.50,3.40
2010.09.29 13:00:55.179,1.3288,1.329,4.30,3.40
2010.09.29 13:00:56.375,1.3288,1.329,4.30,1.80
2010.09.29 13:00:56.738,1.3288,1.329,4.30,2.60
2010.09.29 13:00:57.930,1.32885,1.329,1.30,2.60
2010.09.29 13:01:01.067,1.3289,1.3291,6.90,4.00
2010.09.29 13:01:02.110,1.3289,1.32915,1.30,15.40
2010.09.29 13:01:02.326,1.3289,1.3291,1.30,1.00
2010.09.29 13:01:03.302,1.3289,1.3291,1.00,1.60
2010.09.29 13:01:04.323,1.3289,1.3291,1.00,5.60
2010.09.29 13:01:04.840,1.3289,1.3291,1.00,7.20
2010.09.29 13:01:05.372,1.3289,1.3291,1.00,3.20
2010.09.29 13:01:11.603,1.3289,1.3291,1.30,3.20
2010.09.29 13:01:12.443,1.3289,1.3291,1.30,1.00
2010.09.29 13:01:13.655,1.3289,1.32915,2.10,4.80
2010.09.29 13:01:13.942,1.32895,1.3291,1.00,3.20
2010.09.29 13:01:14.625,1.3289,1.3291,3.30,3.20
2010.09.29 13:01:14.979,1.3289,1.3291,2.10,5.60
2010.09.29 13:01:15.783,1.3289,1.3291,1.30,5.60
2010.09.29 13:01:16.114,1.3289,1.3291,1.00,5.60
2010.09.29 13:01:17.489,1.32885,1.32905,3.70,1.00
2010.09.29 13:01:18.572,1.3289,1.3291,1.00,1.00
2010.09.29 13:01:18.916,1.3289,1.3291,1.30,1.00
2010.09.29 13:01:19.939,1.3289,1.3291,3.70,1.00
2010.09.29 13:01:20.305,1.32905,1.32925,1.30,7.20
2010.09.29 13:01:21.181,1.32905,1.32925,2.10,3.20
2010.09.29 13:01:22.313,1.329,1.3292,7.30,1.00
2010.09.29 13:01:22.570,1.32905,1.3292,1.00,1.00
2010.09.29 13:01:22.827,1.3291,1.3292,1.00,1.00
2010.09.29 13:01:23.667,1.32905,1.3292,1.60,10.40
2010.09.29 13:01:23.998,1.32905,1.3292,2.10,10.40
2010.09.29 13:01:24.846,1.3291,1.3292,1.00,8.80
2010.09.29 13:01:25.105,1.3291,1.3292,1.00,1.60
2010.09.29 13:01:26.284,1.3291,1.32925,1.00,5.60
2010.09.29 13:01:26.637,1.3291,1.32925,1.00,9.60
2010.09.29 13:01:28.372,1.32905,1.3292,2.20,1.60
2010.09.29 13:01:29.118,1.32905,1.3292,1.00,3.20
2010.09.29 13:01:30.026,1.329,1.3292,7.80,3.20
2010.09.29 13:01:30.379,1.329,1.3292,7.20,3.20
2010.09.29 13:01:32.518,1.329,1.3292,7.20,7.20
2010.09.29 13:01:33.169,1.329,1.3291,1.00,1.00
2010.09.29 13:01:34.093,1.32885,1.32905,5.50,1.00
2010.09.29 13:01:37.192,1.32885,1.32905,4.70,1.00
2010.09.29 13:01:38.357,1.32885,1.32905,5.50,1.00
2010.09.29 13:01:38.624,1.3289,1.3291,1.00,1.00
2010.09.29 13:01:39.457,1.3289,1.3291,1.30,1.00
2010.09.29 13:01:39.809,1.3289,1.32915,2.90,3.20
2010.09.29 13:01:40.118,1.32895,1.32915,1.00,3.20
2010.09.29 13:01:40.939,1.329,1.3292,1.00,5.00
2010.09.29 13:01:41.216,1.329,1.3292,1.30,4.80
2010.09.29 13:01:41.493,1.329,1.3292,1.30,4.00
2010.09.29 13:01:42.627,1.32905,1.3292,1.00,3.20
2010.09.29 13:01:42.933,1.32905,1.32925,1.00,3.20
2010.09.29 13:01:43.823,1.32905,1.3292,1.00,2.40
2010.09.29 13:01:44.654,1.32905,1.32925,1.50,3.20
2010.09.29 13:01:46.106,1.32905,1.32925,3.10,3.20
2010.09.29 13:01:46.998,1.32905,1.32925,3.10,1.00
2010.09.29 13:01:47.296,1.32905,1.32925,3.90,1.00
2010.09.29 13:01:49.534,1.32905,1.32925,3.90,2.40
2010.09.29 13:01:49.871,1.3291,1.32925,1.00,1.60
2010.09.29 13:01:50.661,1.3291,1.3293,1.00,3.20
2010.09.29 13:01:51.865,1.32905,1.32925,3.10,2.40
2010.09.29 13:01:52.442,1.32905,1.32925,2.90,2.40
2010.09.29 13:01:52.668,1.329,1.32915,1.00,1.00
2010.09.29 13:01:53.403,1.32895,1.32915,2.30,1.60
2010.09.29 13:01:53.764,1.3289,1.3291,3.70,7.20
2010.09.29 13:01:54.587,1.32895,1.3291,1.30,4.00
2010.09.29 13:01:54.919,1.32895,1.32915,1.30,4.00
2010.09.29 13:01:55.809,1.3289,1.3291,1.30,1.00
2010.09.29 13:01:56.164,1.32895,1.32915,1.00,2.40
2010.09.29 13:01:57.029,1.329,1.32915,1.00,1.60
2010.09.29 13:01:57.383,1.329,1.32915,1.00,2.00
2010.09.29 13:01:58.238,1.3289,1.3291,4.50,1.60
2010.09.29 13:01:58.482,1.3288,1.329,4.60,6.40
2010.09.29 13:01:59.246,1.3289,1.32905,1.00,4.80
2010.09.29 13:01:59.604,1.32885,1.32905,2.90,1.60
2010.09.29 13:02:02.619,1.32885,1.32905,1.00,4.00
2010.09.29 13:02:02.894,1.3288,1.32905,5.40,6.20
2010.09.29 13:02:03.440,1.3288,1.32905,4.50,6.20
2010.09.29 13:02:03.767,1.32875,1.32895,3.10,1.00
2010.09.29 13:02:04.072,1.32875,1.32895,2.30,1.60
2010.09.29 13:02:05.646,1.32875,1.3289,1.80,1.00
2010.09.29 13:02:06.328,1.32875,1.3289,7.80,1.00
2010.09.29 13:02:06.669,1.32875,1.32895,3.50,1.00
2010.09.29 13:02:07.499,1.32875,1.3289,1.00,1.00
2010.09.29 13:02:07.796,1.32865,1.32885,1.00,2.60
2010.09.29 13:02:08.617,1.32865,1.32885,2.10,1.60
2010.09.29 13:02:08.974,1.3287,1.3289,1.00,1.60
2010.09.29 13:02:09.323,1.3287,1.32895,6.10,4.40
2010.09.29 13:02:10.180,1.32875,1.32895,1.00,4.00
2010.09.29 13:02:11.440,1.3288,1.329,3.30,4.00
2010.09.29 13:02:12.187,1.3288,1.329,5.10,1.00
2010.09.29 13:02:12.492,1.3288,1.329,1.30,1.00
2010.09.29 13:02:13.601,1.32875,1.32895,6.10,1.60
2010.09.29 13:02:13.912,1.3287,1.32895,2.90,1.60
2010.09.29 13:02:15.238,1.3287,1.32895,2.90,2.40
2010.09.29 13:02:15.568,1.3287,1.3289,2.90,1.00
2010.09.29 13:02:16.582,1.32875,1.32895,1.30,1.60
2010.09.29 13:02:17.917,1.3287,1.3289,1.30,1.00
2010.09.29 13:02:18.788,1.3287,1.3289,1.00,3.20
2010.09.29 13:02:19.145,1.32865,1.3288,1.60,1.00
2010.09.29 13:02:20.333,1.3286,1.3288,2.90,1.60
2010.09.29 13:02:22.769,1.3286,1.3288,3.70,1.60
2010.09.29 13:02:23.615,1.32865,1.32885,2.10,1.60
2010.09.29 13:02:23.974,1.3287,1.32895,2.90,4.20
2010.09.29 13:02:24.820,1.32875,1.32895,1.00,5.00
2010.09.29 13:02:25.166,1.3287,1.3289,1.00,1.60
2010.09.29 13:02:26.288,1.32875,1.3289,1.00,1.00
2010.09.29 13:02:26.639,1.32875,1.32895,1.00,3.20
2010.09.29 13:02:27.538,1.32875,1.32895,1.00,4.00
2010.09.29 13:02:28.401,1.32875,1.32895,1.00,3.40
2010.09.29 13:02:28.756,1.32875,1.32895,1.30,5.80
2010.09.29 13:02:29.630,1.32875,1.32895,1.30,3.40
2010.09.29 13:02:29.964,1.32875,1.32895,1.00,4.20
2010.09.29 13:02:30.288,1.32875,1.32895,1.00,3.40
2010.09.29 13:02:31.462,1.32875,1.32895,1.00,3.20
2010.09.29 13:02:32.306,1.3287,1.3289,11.00,1.00
2010.09.29 13:02:32.663,1.3287,1.3289,2.10,2.40
2010.09.29 13:02:33.348,1.3287,1.3289,2.10,1.60
2010.09.29 13:02:33.708,1.32865,1.32885,4.50,1.00
2010.09.29 13:02:34.554,1.3287,1.3289,1.00,2.40
2010.09.29 13:02:34.913,1.3287,1.3289,2.10,2.40
2010.09.29 13:02:35.781,1.3287,1.32885,1.00,2.40
2010.09.29 13:02:36.150,1.32865,1.32885,2.50,1.60
2010.09.29 13:02:36.998,1.32865,1.32885,1.00,4.00
2010.09.29 13:02:37.383,1.32865,1.32885,2.90,1.60
2010.09.29 13:02:37.724,1.3286,1.3287,1.00,1.00
2010.09.29 13:02:38.629,1.3286,1.3287,1.60,1.00
2010.09.29 13:02:39.222,1.3286,1.32875,1.60,1.60
2010.09.29 13:02:39.585,1.3286,1.32875,3.50,1.60
2010.09.29 13:02:40.712,1.32865,1.32875,1.80,4.00
2010.09.29 13:02:41.544,1.32865,1.3288,5.60,1.00
2010.09.29 13:02:41.901,1.32865,1.3288,1.60,1.00
2010.09.29 13:02:42.763,1.3286,1.3288,5.10,4.80
2010.09.29 13:02:43.134,1.32855,1.32865,5.20,4.00
2010.09.29 13:02:44.021,1.32855,1.3287,2.10,1.00
2010.09.29 13:02:44.371,1.32855,1.3287,1.20,4.80
2010.09.29 13:02:45.239,1.32855,1.3287,1.20,1.00
2010.09.29 13:02:45.593,1.32855,1.3287,1.20,1.60
2010.09.29 13:02:46.745,1.3286,1.32875,2.40,6.80
2010.09.29 13:02:47.077,1.32855,1.32875,4.20,3.20
2010.09.29 13:02:47.403,1.32855,1.32875,4.70,3.20
2010.09.29 13:02:48.297,1.32855,1.3287,2.80,1.00
2010.09.29 13:02:48.645,1.32855,1.3287,2.80,1.60
2010.09.29 13:02:49.896,1.32855,1.3287,3.30,1.00
2010.09.29 13:02:50.051,1.32855,1.32875,3.30,5.60
2010.09.29 13:02:50.200,1.32865,1.3288,1.00,12.00
2010.09.29 13:02:50.867,1.32865,1.3288,1.00,2.40
2010.09.29 13:02:51.222,1.32865,1.32885,1.30,3.20
2010.09.29 13:02:51.911,1.32865,1.32885,2.30,3.20
2010.09.29 13:02:52.264,1.3286,1.32865,1.60,1.00
2010.09.29 13:02:53.137,1.32865,1.3287,1.00,1.00
2010.09.29 13:02:53.492,1.32855,1.3287,2.80,1.00
2010.09.29 13:02:54.730,1.32855,1.3287,1.20,1.60
2010.09.29 13:02:55.567,1.32855,1.3287,2.80,1.00
2010.09.29 13:02:57.523,1.32855,1.32875,2.80,1.60
2010.09.29 13:02:59.052,1.32855,1.3287,2.80,1.00
2010.09.29 13:03:00.054,1.32855,1.3287,2.80,1.60
2010.09.29 13:03:01.599,1.32855,1.32865,1.20,1.00
2010.09.29 13:03:01.854,1.32855,1.32865,1.20,1.60
2010.09.29 13:03:02.907,1.32855,1.32865,1.20,1.00
2010.09.29 13:03:06.113,1.32855,1.3287,1.20,1.60
2010.09.29 13:03:06.386,1.32855,1.3287,2.80,1.60
2010.09.29 13:03:07.641,1.32855,1.3287,1.20,1.60
2010.09.29 13:03:10.213,1.32855,1.3287,1.20,5.60
2010.09.29 13:03:11.078,1.32855,1.3287,2.80,1.60
2010.09.29 13:03:12.846,1.32855,1.3287,2.80,1.00
2010.09.29 13:03:13.674,1.32855,1.32875,4.10,1.60
2010.09.29 13:03:14.338,1.32855,1.32875,4.30,1.60
2010.09.29 13:03:15.148,1.32855,1.32875,3.50,1.00
2010.09.29 13:03:15.434,1.3286,1.32875,1.60,1.00
2010.09.29 13:03:17.103,1.3286,1.3288,3.80,1.60
2010.09.29 13:03:17.461,1.32865,1.3288,1.00,1.00
2010.09.29 13:03:18.156,1.3287,1.32885,1.00,2.40
2010.09.29 13:03:18.366,1.32865,1.32885,2.90,2.40
2010.09.29 13:03:18.567,1.32865,1.32885,2.10,3.20
2010.09.29 13:03:19.277,1.3286,1.32875,6.40,1.00
2010.09.29 13:03:19.635,1.32855,1.32875,4.90,1.60
2010.09.29 13:03:20.497,1.32855,1.32875,5.70,1.60
2010.09.29 13:03:21.134,1.32855,1.32875,5.20,1.60
2010.09.29 13:03:21.763,1.32855,1.3287,5.20,1.60
2010.09.29 13:03:22.831,1.32855,1.32865,1.20,1.00
2010.09.29 13:03:22.980,1.3285,1.3286,1.00,1.00
2010.09.29 13:03:23.665,1.3285,1.3286,6.20,1.00
2010.09.29 13:03:23.809,1.3285,1.32865,6.20,1.00
2010.09.29 13:03:25.118,1.3285,1.32865,4.60,1.00
2010.09.29 13:03:25.657,1.3285,1.32865,6.20,1.00
2010.09.29 13:03:27.259,1.32855,1.32865,1.60,1.00
2010.09.29 13:03:27.777,1.32855,1.3287,1.60,1.60
2010.09.29 13:03:28.797,1.3285,1.32865,7.80,1.00
2010.09.29 13:03:29.158,1.3285,1.3287,6.20,5.60
2010.09.29 13:03:29.508,1.3285,1.32865,6.20,1.00
2010.09.29 13:03:30.595,1.3285,1.32865,6.70,1.00
2010.09.29 13:03:31.575,1.3285,1.32865,5.10,1.00
2010.09.29 13:03:31.887,1.3285,1.3286,1.00,1.00
2010.09.29 13:03:32.749,1.3285,1.3286,1.00,1.00
2010.09.29 13:03:33.101,1.3285,1.32865,1.00,5.60
2010.09.29 13:03:33.870,1.3285,1.32865,2.60,1.60
2010.09.29 13:03:34.226,1.3284,1.3285,7.40,1.00
2010.09.29 13:03:35.086,1.3283,1.32845,2.60,1.00
2010.09.29 13:03:35.397,1.3283,1.3284,1.00,1.60
2010.09.29 13:03:35.712,1.32825,1.3284,5.81,1.60
2010.09.29 13:03:37.270,1.32825,1.3284,0.56,1.60
2010.09.29 13:03:37.465,1.32825,1.32835,0.56,1.60
2010.09.29 13:03:39.695,1.32825,1.32835,0.56,1.00
2010.09.29 13:03:39.952,1.32825,1.3284,0.56,1.60
2010.09.29 13:03:43.206,1.32825,1.32835,0.56,1.00
2010.09.29 13:03:43.385,1.32825,1.3284,0.56,1.60
2010.09.29 13:03:46.104,1.32825,1.3284,2.56,1.60
2010.09.29 13:03:47.687,1.32825,1.3284,0.56,4.80
2010.09.29 13:03:48.124,1.32825,1.3284,0.56,5.60
2010.09.29 13:03:49.124,1.3283,1.32845,5.80,1.00
2010.09.29 13:03:50.007,1.3283,1.32845,2.40,1.00
2010.09.29 13:03:50.361,1.32825,1.32845,5.47,1.60
2010.09.29 13:03:51.187,1.32825,1.32845,5.47,2.40
2010.09.29 13:03:51.545,1.32825,1.32835,0.56,1.00
2010.09.29 13:03:52.750,1.32825,1.3284,0.56,1.60
2010.09.29 13:03:53.741,1.32825,1.32835,0.56,1.00
2010.09.29 13:03:55.155,1.32825,1.32835,0.56,1.60
2010.09.29 13:03:56.744,1.32825,1.3283,0.56,1.00
2010.09.29 13:03:57.948,1.32825,1.32835,0.56,3.20
2010.09.29 13:03:59.513,1.32825,1.32835,0.81,3.20
2010.09.29 13:03:59.870,1.32825,1.32835,0.81,4.80
2010.09.29 13:04:00.652,1.32825,1.32835,0.56,4.80
2010.09.29 13:04:01.773,1.32825,1.32835,0.56,5.60
2010.09.29 13:04:02.137,1.32825,1.32835,10.56,1.60
2010.09.29 13:04:02.998,1.32825,1.32835,5.81,1.00
2010.09.29 13:04:03.369,1.32825,1.3284,4.31,11.20
2010.09.29 13:04:03.729,1.32825,1.3283,0.56,1.60
2010.09.29 13:04:04.256,1.32825,1.32835,0.56,4.00
2010.09.29 13:04:04.627,1.32825,1.3283,0.56,5.60
2010.09.29 13:04:05.653,1.3281,1.32825,3.00,1.00
2010.09.29 13:04:05.985,1.3281,1.3283,3.80,6.50
2010.09.29 13:04:06.817,1.3281,1.3283,3.80,7.00
2010.09.29 13:04:07.130,1.3281,1.3283,3.80,11.00
2010.09.29 13:04:08.256,1.3281,1.32825,3.00,1.40
2010.09.29 13:04:09.256,1.3281,1.32825,2.20,1.40
2010.09.29 13:04:10.173,1.3281,1.32825,2.20,5.40
2010.09.29 13:04:11.708,1.3281,1.32825,3.00,5.50
2010.09.29 13:04:11.819,1.3281,1.32825,3.00,5.40
2010.09.29 13:04:11.922,1.3281,1.32825,3.00,1.40
2010.09.29 13:04:13.666,1.3281,1.32825,3.00,5.40
2010.09.29 13:04:14.524,1.3281,1.32825,1.60,11.00
2010.09.29 13:04:14.897,1.32805,1.3282,1.80,1.40
2010.09.29 13:04:15.258,1.32805,1.32815,1.00,1.40
2010.09.29 13:04:16.032,1.328,1.32815,3.80,1.40
2010.09.29 13:04:18.281,1.32805,1.32815,1.00,1.40
2010.09.29 13:04:19.222,1.32815,1.3282,1.00,10.40
2010.09.29 13:04:19.581,1.3282,1.3283,1.00,4.00
2010.09.29 13:04:20.293,1.3282,1.3284,1.00,5.40
2010.09.29 13:04:20.634,1.3283,1.3284,1.00,1.00
2010.09.29 13:04:20.972,1.3283,1.3285,5.80,3.00
2010.09.29 13:04:21.813,1.3283,1.32845,2.00,4.00
2010.09.29 13:04:22.172,1.3282,1.3284,1.60,1.00
2010.09.29 13:04:23.056,1.32825,1.32845,1.80,1.40
2010.09.29 13:04:25.403,1.32825,1.32845,2.60,1.40
2010.09.29 13:04:26.261,1.32825,1.32845,1.60,3.00
2010.09.29 13:04:30.714,1.32825,1.32845,1.60,3.60
2010.09.29 13:04:31.073,1.32825,1.32845,1.80,1.40
2010.09.29 13:04:31.944,1.3283,1.32845,1.80,1.00
2010.09.29 13:04:32.252,1.32835,1.32855,1.80,9.40
2010.09.29 13:04:33.061,1.32835,1.32855,1.80,2.20
2010.09.29 13:04:33.412,1.32835,1.32855,1.80,1.40
2010.09.29 13:04:34.792,1.32835,1.32855,1.60,1.40
2010.09.29 13:04:35.675,1.32835,1.32855,1.00,3.00
2010.09.29 13:04:35.998,1.32835,1.32855,1.60,1.40
2010.09.29 13:04:37.095,1.32835,1.32855,1.00,3.00
2010.09.29 13:04:37.600,1.32835,1.32855,1.00,7.00
2010.09.29 13:04:38.364,1.32835,1.32855,1.00,11.00
2010.09.29 13:04:38.721,1.3285,1.3286,1.00,1.00
2010.09.29 13:04:43.277,1.3285,1.3286,1.00,1.00
2010.09.29 13:04:43.603,1.3285,1.32865,1.00,3.00
2010.09.29 13:04:44.767,1.3285,1.32865,1.00,3.00
2010.09.29 13:04:45.104,1.3285,1.3286,1.00,1.00
2010.09.29 13:04:45.971,1.3285,1.32865,1.00,3.00
2010.09.29 13:04:46.324,1.32845,1.3286,2.60,1.40
2010.09.29 13:04:47.607,1.3285,1.3286,1.00,1.40
2010.09.29 13:04:47.843,1.32845,1.3286,7.00,1.40
2010.09.29 13:04:48.534,1.3285,1.3286,1.40,1.40
2010.09.29 13:04:49.291,1.3285,1.32865,1.40,3.00
2010.09.29 13:04:50.115,1.3285,1.3286,1.40,1.00
2010.09.29 13:04:50.476,1.32845,1.3286,1.00,1.40
2010.09.29 13:04:51.688,1.3285,1.3286,1.00,1.40
2010.09.29 13:04:52.042,1.32845,1.3286,1.00,3.00
2010.09.29 13:04:52.397,1.3285,1.3286,1.00,2.20
2010.09.29 13:04:53.420,1.3285,1.3286,1.00,1.40
2010.09.29 13:04:53.948,1.3285,1.3286,1.00,1.00
2010.09.29 13:04:55.022,1.32845,1.3286,1.00,1.40
2010.09.29 13:04:57.459,1.3284,1.3285,4.00,1.00
2010.09.29 13:04:57.777,1.3284,1.3285,4.00,1.40
2010.09.29 13:04:58.611,1.32835,1.3285,2.40,1.40
2010.09.29 13:04:58.955,1.32835,1.3285,2.40,9.40
2010.09.29 13:04:59.548,1.32835,1.32845,2.40,1.00
2010.09.29 13:04:59.900,1.32825,1.32845,6.40,1.40
2010.09.29 13:05:00.242,1.3282,1.3284,16.00,1.00
2010.09.29 13:05:01.123,1.32815,1.3283,1.60,1.40
2010.09.29 13:05:02.337,1.32805,1.32825,2.60,3.00
2010.09.29 13:05:02.657,1.32805,1.32825,2.60,1.40
2010.09.29 13:05:03.520,1.32805,1.32815,8.00,1.80
2010.09.29 13:05:04.396,1.328,1.32815,1.00,1.00
2010.09.29 13:05:04.764,1.3279,1.32805,1.00,1.00
2010.09.29 13:05:06.247,1.32785,1.32805,3.20,1.40
2010.09.29 13:05:07.057,1.32785,1.32805,2.40,1.40
2010.09.29 13:05:07.347,1.3278,1.32805,18.60,1.40
2010.09.29 13:05:08.203,1.3278,1.328,17.00,1.40
2010.09.29 13:05:09.732,1.3278,1.32795,11.40,1.00
2010.09.29 13:05:10.489,1.3278,1.32795,10.60,1.40
2010.09.29 13:05:10.856,1.32765,1.32775,3.40,4.80
2010.09.29 13:05:11.676,1.32765,1.3278,1.00,1.60
2010.09.29 13:05:12.012,1.32765,1.32785,1.00,5.60
2010.09.29 13:05:13.174,1.3276,1.3278,6.40,1.00
2010.09.29 13:05:13.526,1.3276,1.3278,5.60,1.00
2010.09.29 13:05:15.830,1.3277,1.32785,1.00,3.00
2010.09.29 13:05:16.119,1.3277,1.32785,2.60,1.00
2010.09.29 13:05:17.241,1.32775,1.32795,1.00,6.40
2010.09.29 13:05:17.827,1.32775,1.32795,1.00,4.80
2010.09.29 13:05:18.184,1.32775,1.32795,3.80,1.40
2010.09.29 13:05:19.071,1.3278,1.32795,1.00,1.60
2010.09.29 13:05:19.428,1.3278,1.328,1.60,1.60
2010.09.29 13:05:20.268,1.32785,1.32805,1.00,3.80
2010.09.29 13:05:20.621,1.32785,1.32805,1.60,2.20
2010.09.29 13:05:21.631,1.3278,1.32805,5.60,3.60
2010.09.29 13:05:21.977,1.3278,1.328,3.20,2.20
2010.09.29 13:05:22.890,1.32785,1.32805,1.60,2.20
2010.09.29 13:05:23.216,1.3279,1.32805,1.00,1.60
2010.09.29 13:05:24.266,1.328,1.3281,3.20,9.40
2010.09.29 13:05:24.524,1.32795,1.3281,8.20,4.00
2010.09.29 13:05:25.044,1.32795,1.3281,7.40,4.00
2010.09.29 13:05:25.409,1.3281,1.32825,1.00,7.00
2010.09.29 13:05:25.759,1.32805,1.32825,5.60,1.00
2010.09.29 13:05:26.490,1.32805,1.32825,1.00,2.20
2010.09.29 13:05:26.816,1.32815,1.3282,1.00,1.00
2010.09.29 13:05:27.144,1.3281,1.32825,3.20,1.50
2010.09.29 13:05:27.971,1.32815,1.3282,1.00,1.00
2010.09.29 13:05:28.246,1.3281,1.32825,1.00,4.00
2010.09.29 13:05:28.518,1.32805,1.32825,9.40,1.00
2010.09.29 13:05:29.306,1.32805,1.32825,3.00,5.60
2010.09.29 13:05:29.645,1.32805,1.32815,8.00,1.00
2010.09.29 13:05:30.449,1.32805,1.3281,4.00,1.00
2010.09.29 13:05:30.800,1.32795,1.32815,5.60,1.60
2010.09.29 13:05:31.152,1.3279,1.32805,4.00,1.00
2010.09.29 13:05:31.691,1.3279,1.32805,2.40,1.60
2010.09.29 13:05:32.055,1.32785,1.328,1.60,1.00
2010.09.29 13:05:33.347,1.3279,1.3281,6.40,1.40
2010.09.29 13:05:33.632,1.32795,1.3281,1.60,1.00
2010.09.29 13:05:34.379,1.3278,1.3279,8.80,5.00
2010.09.29 13:05:34.694,1.32765,1.3278,2.60,1.00
2010.09.29 13:05:35.975,1.32775,1.328,7.00,12.60
2010.09.29 13:05:36.296,1.32785,1.328,1.00,4.60
2010.09.29 13:05:37.117,1.3279,1.3281,1.60,3.00
2010.09.29 13:05:37.394,1.32785,1.32805,4.00,1.00
2010.09.29 13:05:37.664,1.32785,1.32805,3.20,3.00
2010.09.29 13:05:38.228,1.32785,1.32805,2.40,3.00
2010.09.29 13:05:38.585,1.32785,1.32805,1.60,5.40
2010.09.29 13:05:39.778,1.32785,1.32805,1.60,6.20
2010.09.29 13:05:39.809,1.32785,1.32805,1.60,7.60
2010.09.29 13:05:40.118,1.3278,1.32795,1.80,1.00
2010.09.29 13:05:41.632,1.3277,1.32785,5.60,1.60
2010.09.29 13:05:42.416,1.32765,1.32785,4.20,1.60
2010.09.29 13:05:42.673,1.32765,1.32785,4.00,1.00
2010.09.29 13:05:43.513,1.32765,1.3278,3.20,1.40
2010.09.29 13:05:43.873,1.32765,1.3278,1.60,1.40
2010.09.29 13:05:44.844,1.3276,1.32775,4.00,1.40
2010.09.29 13:05:45.134,1.3276,1.32775,3.20,1.40
2010.09.29 13:05:45.932,1.3276,1.32775,1.60,1.40
2010.09.29 13:05:46.242,1.3277,1.3279,1.80,4.80
2010.09.29 13:05:46.552,1.32775,1.3279,2.40,1.40
2010.09.29 13:05:47.364,1.32775,1.3279,1.60,1.40
2010.09.29 13:05:47.683,1.32775,1.3279,1.60,1.00
2010.09.29 13:05:48.517,1.3278,1.328,1.00,5.40
2010.09.29 13:05:48.873,1.32775,1.328,9.60,1.40
2010.09.29 13:05:49.229,1.32775,1.328,4.80,2.20
2010.09.29 13:05:50.123,1.3277,1.32795,3.20,4.60
2010.09.29 13:05:50.452,1.3277,1.3279,2.40,1.00
2010.09.29 13:05:52.970,1.3277,1.3279,2.40,1.40
2010.09.29 13:05:54.781,1.3277,1.3279,1.60,1.40
2010.09.29 13:05:56.042,1.3277,1.3279,3.20,1.00
2010.09.29 13:05:57.601,1.3277,1.3279,2.40,1.40
2010.09.29 13:05:57.945,1.3277,1.3279,3.20,1.00
2010.09.29 13:05:58.802,1.32775,1.3279,1.60,1.00
2010.09.29 13:05:59.121,1.32775,1.32795,2.40,3.00
2010.09.29 13:05:59.979,1.32775,1.32795,10.40,3.00
2010.09.29 13:06:00.465,1.32775,1.32795,11.40,3.00
2010.09.29 13:06:01.232,1.32775,1.32795,12.80,1.00
2010.09.29 13:06:01.506,1.32775,1.32795,8.80,1.00
2010.09.29 13:06:02.437,1.32775,1.32795,4.00,7.80
2010.09.29 13:06:02.794,1.32775,1.3279,3.20,1.40
2010.09.29 13:06:03.360,1.32775,1.3279,1.60,1.40
2010.09.29 13:06:05.156,1.32775,1.3279,1.60,1.00
2010.09.29 13:06:05.425,1.3277,1.3279,10.60,1.00
2010.09.29 13:06:08.214,1.3277,1.3279,4.00,5.40
2010.09.29 13:06:08.441,1.3277,1.3279,4.00,1.40
2010.09.29 13:06:08.942,1.3277,1.32785,4.00,1.00
2010.09.29 13:06:09.878,1.3277,1.32785,1.60,1.00
2010.09.29 13:06:10.404,1.3277,1.32785,2.40,1.00
2010.09.29 13:06:11.045,1.3277,1.32785,3.20,1.00
2010.09.29 13:06:12.485,1.3277,1.32785,2.40,1.00
2010.09.29 13:06:13.047,1.3277,1.32785,3.20,1.00
2010.09.29 13:06:16.096,1.3277,1.32785,2.40,1.00
2010.09.29 13:06:17.474,1.3277,1.3279,3.20,1.40
2010.09.29 13:06:18.998,1.3277,1.3279,3.20,1.00
2010.09.29 13:06:19.326,1.32775,1.32795,1.00,5.40
2010.09.29 13:06:19.537,1.32775,1.32795,1.00,3.00
2010.09.29 13:06:19.744,1.32775,1.32795,3.20,2.20
2010.09.29 13:06:20.481,1.3278,1.32795,1.00,1.00
2010.09.29 13:06:20.834,1.3278,1.328,1.60,1.00
2010.09.29 13:06:21.685,1.32785,1.328,1.00,1.80
2010.09.29 13:06:23.020,1.32785,1.328,1.00,4.20
2010.09.29 13:06:23.995,1.32785,1.328,1.00,1.80
2010.09.29 13:06:25.019,1.32785,1.328,1.00,4.20
2010.09.29 13:06:25.470,1.32785,1.328,1.00,5.20
2010.09.29 13:06:26.087,1.3278,1.328,3.20,4.20
2010.09.29 13:06:26.440,1.3278,1.328,7.20,4.80
2010.09.29 13:06:27.293,1.3278,1.328,11.20,4.80
2010.09.29 13:06:28.560,1.3278,1.328,11.20,5.80
2010.09.29 13:06:29.326,1.3278,1.328,11.20,4.80
2010.09.29 13:06:29.754,1.3278,1.328,11.20,3.20
2010.09.29 13:06:30.439,1.32785,1.328,1.00,3.00
2010.09.29 13:06:30.788,1.32795,1.3281,2.60,1.40
2010.09.29 13:06:31.140,1.3279,1.32805,1.00,3.00
2010.09.29 13:06:32.138,1.3279,1.3281,7.20,3.80
2010.09.29 13:06:32.471,1.32795,1.3281,1.60,3.80
2010.09.29 13:06:33.330,1.32795,1.3281,1.60,1.00
2010.09.29 13:06:33.677,1.328,1.32815,1.00,5.80
2010.09.29 13:06:34.521,1.328,1.32815,1.00,6.40
2010.09.29 13:06:35.760,1.328,1.3282,4.20,14.80
2010.09.29 13:06:36.112,1.328,1.3282,4.20,6.80
2010.09.29 13:06:36.464,1.328,1.32815,2.60,1.40
2010.09.29 13:06:37.349,1.328,1.32815,1.00,1.40
2010.09.29 13:06:37.704,1.32805,1.3282,1.00,1.40
2010.09.29 13:06:38.561,1.328,1.3282,3.80,1.40
2010.09.29 13:06:40.027,1.328,1.32815,3.80,1.40
2010.09.29 13:06:40.311,1.328,1.32815,5.40,1.40
2010.09.29 13:06:43.440,1.328,1.32815,4.60,1.40
2010.09.29 13:06:43.700,1.32795,1.328,6.40,2.40
2010.09.29 13:06:44.449,1.3278,1.328,7.20,1.40
2010.09.29 13:06:44.718,1.3278,1.328,3.20,1.40
2010.09.29 13:06:45.068,1.3278,1.32795,3.20,1.00
2010.09.29 13:06:45.772,1.3278,1.32795,1.60,3.20
2010.09.29 13:06:46.254,1.3278,1.32795,1.60,2.40
2010.09.29 13:06:46.497,1.3278,1.328,1.00,3.90
2010.09.29 13:06:46.732,1.3278,1.328,2.40,3.00
2010.09.29 13:06:47.793,1.3278,1.32795,3.20,2.40
2010.09.29 13:06:48.354,1.3278,1.32795,2.40,2.40
2010.09.29 13:06:49.490,1.32775,1.32795,7.20,3.00
2010.09.29 13:06:52.474,1.32775,1.3279,5.80,3.30
2010.09.29 13:06:52.745,1.32775,1.32795,7.40,4.00
2010.09.29 13:06:53.983,1.3277,1.3279,11.00,1.40
2010.09.29 13:06:56.953,1.32775,1.32795,4.00,5.40
2010.09.29 13:06:57.284,1.32775,1.32795,5.60,5.40
2010.09.29 13:06:58.107,1.32775,1.32795,5.60,4.60
2010.09.29 13:07:03.343,1.3278,1.32795,1.60,2.40
2010.09.29 13:07:12.842,1.32785,1.328,1.60,3.20
2010.09.29 13:07:13.232,1.3279,1.328,1.00,3.20
2010.09.29 13:07:14.117,1.3279,1.328,1.60,1.00
2010.09.29 13:07:15.683,1.32805,1.32815,1.00,3.00
2010.09.29 13:07:16.021,1.32805,1.32815,1.00,1.40
2010.09.29 13:07:17.118,1.32805,1.32815,1.00,1.00
2010.09.29 13:07:17.521,1.328,1.32815,3.20,2.20
2010.09.29 13:07:17.722,1.328,1.32815,1.00,2.20
2010.09.29 13:07:17.923,1.328,1.32815,2.20,2.20
2010.09.29 13:07:18.132,1.328,1.32815,2.20,1.00
2010.09.29 13:07:18.838,1.328,1.32815,5.40,1.00
2010.09.29 13:07:19.043,1.328,1.32815,9.40,1.00
2010.09.29 13:07:20.059,1.328,1.3282,16.20,1.40
2010.09.29 13:07:20.401,1.32815,1.3283,1.00,1.00
2010.09.29 13:07:21.235,1.3281,1.3283,4.00,3.00
2010.09.29 13:07:22.370,1.3281,1.3283,3.20,3.00
2010.09.29 13:07:22.705,1.3281,1.3283,2.40,5.40
2010.09.29 13:07:23.564,1.3281,1.3283,1.60,5.40
2010.09.29 13:07:23.864,1.32805,1.32825,1.00,4.60
2010.09.29 13:07:24.156,1.32805,1.32825,1.00,5.40
2010.09.29 13:07:24.953,1.32805,1.32825,1.60,1.40
2010.09.29 13:07:25.298,1.32805,1.32825,1.60,3.80
2010.09.29 13:07:25.638,1.32805,1.32825,3.20,1.40
2010.09.29 13:07:26.468,1.32805,1.32825,1.60,1.40
2010.09.29 13:07:26.824,1.32805,1.32825,2.40,1.40
2010.09.29 13:07:27.183,1.32805,1.32825,1.00,5.40
2010.09.29 13:07:27.977,1.32805,1.32825,1.60,1.40
2010.09.29 13:07:28.213,1.32805,1.32825,3.20,1.40
2010.09.29 13:07:28.695,1.32805,1.32825,2.40,1.40
2010.09.29 13:07:29.256,1.32805,1.32825,2.40,3.80
2010.09.29 13:07:29.550,1.32805,1.32825,2.60,3.00
2010.09.29 13:07:29.831,1.32805,1.32825,4.20,1.00
2010.09.29 13:07:30.713,1.3281,1.3283,6.60,1.00
2010.09.29 13:07:31.066,1.32815,1.3283,2.40,1.00
2010.09.29 13:07:31.906,1.3281,1.3283,4.20,2.20
2010.09.29 13:07:32.269,1.32815,1.3283,1.00,1.00
2010.09.29 13:07:32.619,1.32815,1.32835,2.60,4.60
2010.09.29 13:07:33.629,1.3282,1.32835,1.00,3.00
2010.09.29 13:07:33.825,1.32825,1.32835,1.60,1.00
2010.09.29 13:07:34.012,1.3282,1.32835,1.00,3.00
2010.09.29 13:07:34.205,1.3282,1.3284,1.00,3.80
2010.09.29 13:07:36.649,1.3282,1.32835,1.60,2.40
2010.09.29 13:07:36.854,1.32825,1.3283,1.00,2.40
2010.09.29 13:07:37.039,1.32825,1.3284,4.60,4.60
2010.09.29 13:07:37.706,1.32825,1.3284,2.40,1.00
2010.09.29 13:07:38.063,1.3283,1.32845,1.60,2.60
2010.09.29 13:07:39.614,1.3283,1.32845,1.00,2.60
2010.09.29 13:07:39.965,1.32825,1.32845,1.60,2.60
2010.09.29 13:07:40.164,1.32825,1.32845,1.60,3.20
2010.09.29 13:07:40.876,1.32825,1.32845,1.60,2.60
2010.09.29 13:07:41.173,1.3283,1.3285,1.60,8.00
2010.09.29 13:07:41.455,1.3283,1.3285,1.60,7.20
2010.09.29 13:07:42.322,1.3283,1.32845,1.60,1.40
2010.09.29 13:07:42.666,1.3283,1.3284,1.60,3.20
2010.09.29 13:07:43.429,1.32825,1.3284,1.60,5.40
2010.09.29 13:07:43.678,1.3283,1.32845,1.00,16.60
2010.09.29 13:07:44.408,1.3283,1.32845,3.20,5.60
2010.09.29 13:07:44.763,1.3283,1.3285,4.20,5.60
2010.09.29 13:07:45.407,1.32835,1.3285,1.00,5.60
2010.09.29 13:07:45.764,1.32835,1.3285,1.60,5.00
2010.09.29 13:07:46.587,1.32835,1.3285,1.60,3.40
2010.09.29 13:07:46.914,1.32835,1.3285,1.60,5.00
2010.09.29 13:07:47.779,1.3283,1.3285,4.20,5.00
2010.09.29 13:07:48.138,1.3284,1.3285,1.00,3.00
2010.09.29 13:07:48.970,1.32835,1.32855,1.00,7.00
2010.09.29 13:07:49.334,1.32835,1.32855,1.60,7.80
2010.09.29 13:07:49.897,1.32835,1.32855,1.60,3.80
2010.09.29 13:07:51.430,1.3283,1.32845,6.20,1.00
2010.09.29 13:07:52.304,1.3283,1.3285,6.20,1.00
2010.09.29 13:07:52.665,1.3284,1.32855,2.40,1.00
2010.09.29 13:07:53.520,1.3284,1.32855,1.00,1.00
2010.09.29 13:07:55.423,1.32835,1.32855,3.20,3.80
2010.09.29 13:07:56.549,1.3284,1.32855,2.40,1.40
2010.09.29 13:07:56.827,1.3284,1.32855,2.60,4.00
2010.09.29 13:07:57.922,1.3284,1.3286,4.20,6.40
2010.09.29 13:08:02.351,1.3284,1.32855,2.60,1.00
2010.09.29 13:08:03.788,1.3284,1.3286,3.40,6.40
2010.09.29 13:08:04.100,1.3284,1.3286,4.20,5.60
2010.09.29 13:08:06.991,1.32845,1.3286,1.00,5.00
2010.09.29 13:08:09.653,1.32845,1.3286,1.00,3.40
2010.09.29 13:08:11.083,1.32845,1.3286,1.00,5.00
2010.09.29 13:08:11.963,1.32845,1.3286,1.60,3.40
2010.09.29 13:08:15.405,1.32845,1.3286,1.00,3.40
2010.09.29 13:08:16.231,1.3284,1.3286,4.20,4.00
2010.09.29 13:08:16.562,1.32845,1.3286,1.00,3.40
2010.09.29 13:08:16.749,1.32845,1.3286,2.40,3.40
2010.09.29 13:08:17.776,1.32845,1.3286,1.00,3.40
2010.09.29 13:08:19.278,1.3284,1.3286,12.20,4.00
2010.09.29 13:08:20.389,1.3284,1.3286,4.20,5.60
2010.09.29 13:08:20.679,1.3284,1.3286,8.20,5.60
2010.09.29 13:08:21.538,1.3284,1.3286,12.20,5.60
2010.09.29 13:08:22.226,1.32845,1.3286,1.00,3.40
2010.09.29 13:08:23.484,1.32845,1.3286,3.20,3.40
2010.09.29 13:08:24.097,1.32845,1.3286,3.20,3.40
2010.09.29 13:08:24.184,1.32845,1.3286,2.40,3.50
2010.09.29 13:08:25.304,1.32845,1.3286,3.20,3.40
2010.09.29 13:08:27.113,1.32845,1.3286,3.20,3.40
2010.09.29 13:08:28.133,1.32845,1.3286,3.20,2.60
2010.09.29 13:08:28.388,1.32845,1.3286,7.20,2.60
2010.09.29 13:08:29.932,1.32845,1.3286,2.40,7.40
2010.09.29 13:08:30.090,1.32845,1.3286,1.60,12.00
2010.09.29 13:08:30.668,1.3284,1.3286,4.20,13.60
2010.09.29 13:08:30.827,1.3283,1.3284,3.80,8.00
2010.09.29 13:08:30.973,1.3283,1.32845,2.20,4.60
2010.09.29 13:08:32.212,1.32835,1.32845,1.00,4.00
2010.09.29 13:08:32.362,1.32835,1.32855,1.00,12.40
2010.09.29 13:08:33.006,1.32835,1.32855,1.00,11.80
2010.09.29 13:08:33.363,1.32835,1.3285,1.00,2.40
2010.09.29 13:08:34.235,1.32835,1.32855,1.60,4.60
2010.09.29 13:08:35.771,1.32835,1.32855,1.60,5.40
2010.09.29 13:08:36.115,1.32835,1.32855,1.00,5.40
2010.09.29 13:08:39.834,1.3283,1.32855,7.00,5.40
2010.09.29 13:08:39.976,1.3284,1.32855,2.40,1.40
2010.09.29 13:08:41.239,1.3284,1.32855,2.60,1.40
2010.09.29 13:08:42.200,1.3284,1.32855,2.60,1.00
2010.09.29 13:08:44.557,1.3284,1.32855,1.60,4.00
2010.09.29 13:08:44.876,1.3284,1.32855,2.60,1.40
2010.09.29 13:08:45.420,1.3284,1.32855,2.40,1.60
2010.09.29 13:08:45.762,1.32835,1.3285,3.40,1.00
2010.09.29 13:08:46.592,1.32835,1.3285,3.20,3.80
2010.09.29 13:08:46.937,1.3283,1.32845,6.20,1.00
2010.09.29 13:08:49.740,1.3283,1.32845,2.20,1.40
2010.09.29 13:08:50.090,1.3283,1.3285,5.40,3.00
2010.09.29 13:08:50.993,1.32835,1.3285,1.60,1.00
2010.09.29 13:08:52.074,1.3283,1.3285,7.00,1.00
2010.09.29 13:08:52.404,1.3283,1.3285,7.00,3.00
2010.09.29 13:08:53.594,1.3283,1.3285,6.20,3.80
2010.09.29 13:08:54.803,1.32835,1.3285,1.00,1.40
2010.09.29 13:08:55.110,1.3284,1.32855,1.00,1.40
2010.09.29 13:08:55.943,1.3284,1.32855,1.00,1.00
2010.09.29 13:08:57.706,1.3284,1.32855,2.60,1.00
2010.09.29 13:08:58.997,1.3284,1.32855,1.00,1.40
2010.09.29 13:08:59.353,1.3284,1.32845,1.00,1.00
2010.09.29 13:08:59.892,1.3284,1.3285,1.00,1.60
2010.09.29 13:09:00.234,1.3283,1.3285,1.00,9.60
2010.09.29 13:09:00.589,1.32835,1.3285,1.00,9.40
2010.09.29 13:09:00.937,1.32835,1.3285,1.00,1.40
2010.09.29 13:09:01.966,1.3283,1.3285,4.60,1.40
2010.09.29 13:09:03.023,1.3283,1.32845,1.00,2.20
2010.09.29 13:09:03.383,1.3283,1.32845,2.20,2.20
2010.09.29 13:09:03.968,1.3283,1.3285,2.20,3.00
2010.09.29 13:09:04.320,1.3283,1.3285,3.80,3.00
2010.09.29 13:09:09.664,1.3283,1.3285,4.60,1.40
2010.09.29 13:09:09.958,1.3283,1.3285,12.60,1.40
2010.09.29 13:09:10.804,1.3283,1.3285,12.60,3.00
2010.09.29 13:09:13.010,1.3283,1.3285,13.40,2.20
2010.09.29 13:09:14.501,1.3283,1.3285,12.60,2.20
2010.09.29 13:09:15.047,1.3283,1.3285,8.60,2.20
2010.09.29 13:09:15.375,1.3283,1.3285,4.60,2.20
2010.09.29 13:09:17.151,1.3283,1.3285,8.60,2.20
2010.09.29 13:09:17.301,1.32835,1.32855,1.00,5.40
2010.09.29 13:09:17.444,1.32835,1.3285,1.00,1.00
2010.09.29 13:09:18.247,1.32835,1.32855,1.60,13.40
2010.09.29 13:09:18.594,1.32835,1.32855,1.60,12.60
2010.09.29 13:09:19.478,1.32835,1.32855,1.60,4.60
2010.09.29 13:09:21.593,1.32835,1.32855,1.60,8.60
2010.09.29 13:09:22.620,1.32835,1.32855,1.60,4.60
2010.09.29 13:09:24.880,1.32835,1.32855,1.60,8.60
2010.09.29 13:09:25.997,1.32835,1.32855,1.60,4.60
2010.09.29 13:09:26.862,1.32835,1.32855,1.60,8.60
2010.09.29 13:09:28.188,1.32845,1.3286,1.00,5.00
2010.09.29 13:09:28.930,1.3284,1.3286,4.20,5.60
2010.09.29 13:09:29.077,1.3284,1.3286,3.40,12.00
2010.09.29 13:09:29.427,1.3284,1.3286,3.40,10.40
2010.09.29 13:09:30.338,1.3284,1.3286,3.40,6.40
2010.09.29 13:09:30.657,1.3284,1.3286,4.20,5.60
2010.09.29 13:09:32.561,1.3284,1.3286,4.20,3.20
2010.09.29 13:09:36.628,1.3284,1.32855,1.80,1.60
2010.09.29 13:09:36.888,1.32835,1.32855,7.40,1.80
2010.09.29 13:09:37.419,1.32835,1.32855,3.40,1.80
2010.09.29 13:09:37.772,1.32835,1.32855,3.20,6.20
2010.09.29 13:09:40.491,1.32835,1.32855,1.60,6.20
2010.09.29 13:09:42.084,1.32835,1.32855,9.60,2.20
2010.09.29 13:09:42.181,1.3284,1.32855,1.00,1.60
2010.09.29 13:09:45.572,1.32835,1.32855,1.60,2.20
2010.09.29 13:09:46.308,1.3283,1.3285,15.00,2.20
2010.09.29 13:09:49.223,1.3283,1.3285,14.20,3.00
2010.09.29 13:09:49.495,1.32835,1.32855,1.00,3.80
2010.09.29 13:09:49.682,1.32835,1.32855,1.00,7.80
2010.09.29 13:09:49.864,1.32835,1.32855,1.00,3.80
2010.09.29 13:09:50.607,1.32835,1.32855,5.60,2.20
2010.09.29 13:09:50.956,1.32835,1.32855,1.60,2.20
2010.09.29 13:09:53.751,1.32835,1.32855,5.60,2.20
2010.09.29 13:10:01.400,1.3284,1.32855,1.00,2.20
2010.09.29 13:10:02.102,1.3284,1.3286,2.40,11.60
2010.09.29 13:10:02.471,1.3284,1.32855,1.60,1.80
2010.09.29 13:10:02.823,1.3284,1.32855,4.80,1.80
2010.09.29 13:10:03.873,1.32845,1.3286,1.00,2.60
2010.09.29 13:10:04.651,1.3284,1.3286,1.60,3.00
2010.09.29 13:10:04.958,1.3284,1.3286,4.00,3.00
2010.09.29 13:10:06.479,1.32845,1.3286,1.60,1.00
2010.09.29 13:10:06.697,1.32845,1.3286,1.60,1.00
2010.09.29 13:10:10.045,1.32845,1.32855,1.00,1.00
2010.09.29 13:10:10.150,1.3284,1.32855,9.60,1.80
2010.09.29 13:10:10.253,1.3284,1.3286,2.40,3.00
2010.09.29 13:10:10.799,1.3284,1.3286,2.40,2.40
2010.09.29 13:10:10.909,1.32845,1.3286,1.00,2.40
2010.09.29 13:10:11.357,1.32845,1.3286,1.00,2.60
2010.09.29 13:10:15.736,1.3285,1.3286,1.00,2.60
2010.09.29 13:10:16.064,1.3285,1.3286,1.00,1.00
2010.09.29 13:10:16.398,1.32845,1.3286,1.60,2.60
2010.09.29 13:10:17.272,1.32845,1.3286,1.00,2.60
2010.09.29 13:10:19.331,1.3284,1.3286,2.90,7.20
2010.09.29 13:10:19.452,1.3284,1.32855,2.90,1.60
2010.09.29 13:10:19.571,1.3284,1.32855,2.70,1.80
2010.09.29 13:10:20.784,1.3284,1.32855,2.70,1.60
2010.09.29 13:10:21.423,1.3284,1.32855,1.90,1.60
2010.09.29 13:10:25.931,1.3284,1.32855,1.10,1.60
2010.09.29 13:10:27.292,1.3284,1.3285,1.00,4.00
2010.09.29 13:10:28.113,1.3284,1.3285,1.00,3.00
2010.09.29 13:10:28.937,1.3283,1.3284,1.00,1.40
2010.09.29 13:10:30.117,1.3283,1.3284,1.00,1.40
2010.09.29 13:10:30.472,1.3283,1.3284,1.00,1.40
2010.09.29 13:10:31.648,1.32825,1.3283,1.00,1.00
2010.09.29 13:10:32.002,1.32815,1.3283,2.40,1.00
2010.09.29 13:10:32.348,1.32815,1.3283,1.60,1.00
2010.09.29 13:10:32.493,1.32815,1.3283,1.60,4.80
2010.09.29 13:10:33.432,1.3281,1.3283,11.80,1.00
2010.09.29 13:10:34.639,1.3281,1.3283,12.60,1.00
2010.09.29 13:10:34.931,1.3281,1.3283,11.80,1.00
2010.09.29 13:10:39.689,1.3281,1.3283,7.00,1.40
2010.09.29 13:10:41.077,1.3281,1.3283,11.00,1.40
2010.09.29 13:10:42.798,1.3281,1.3283,7.00,1.40
2010.09.29 13:10:43.757,1.3281,1.3283,11.80,1.40
2010.09.29 13:10:44.042,1.3281,1.3283,12.60,1.40
2010.09.29 13:10:45.620,1.3281,1.3283,5.40,1.40
2010.09.29 13:10:46.402,1.3281,1.32825,4.60,1.00
2010.09.29 13:10:46.695,1.3281,1.32825,7.00,1.00
2010.09.29 13:10:49.653,1.3281,1.32825,7.80,1.00
2010.09.29 13:10:49.850,1.3281,1.3283,8.60,1.40
2010.09.29 13:10:51.471,1.3281,1.3283,7.80,1.40
2010.09.29 13:10:52.301,1.3281,1.3283,3.80,5.40
2010.09.29 13:10:52.653,1.3281,1.3283,8.60,1.40
2010.09.29 13:10:54.383,1.3281,1.3283,12.60,1.40
2010.09.29 13:10:54.658,1.3281,1.3283,8.60,1.40
2010.09.29 13:11:01.183,1.3281,1.3283,12.60,1.40
2010.09.29 13:11:03.357,1.3281,1.3283,11.80,1.40
2010.09.29 13:11:04.275,1.32815,1.32835,3.20,1.00
2010.09.29 13:11:04.359,1.3282,1.3284,1.00,16.00
2010.09.29 13:11:04.937,1.3282,1.3284,1.00,15.20
2010.09.29 13:11:05.306,1.32815,1.32835,3.40,1.00
2010.09.29 13:11:06.061,1.32815,1.32835,5.00,1.00
2010.09.29 13:11:10.818,1.32815,1.32835,5.00,1.40
2010.09.29 13:11:11.068,1.3282,1.32835,1.00,1.40
2010.09.29 13:11:20.890,1.3282,1.32835,1.00,1.00
2010.09.29 13:11:23.089,1.32825,1.32835,1.00,1.00
2010.09.29 13:11:23.727,1.32825,1.3284,1.00,1.00
2010.09.29 13:11:25.749,1.32825,1.3284,1.00,2.00
2010.09.29 13:11:26.014,1.32815,1.3283,1.60,3.40
2010.09.29 13:11:26.278,1.32815,1.3283,2.20,3.20
2010.09.29 13:11:26.537,1.3282,1.32835,1.00,4.60
2010.09.29 13:11:27.125,1.3282,1.32835,1.00,1.00
2010.09.29 13:11:28.522,1.3282,1.32825,1.00,2.40
2010.09.29 13:11:28.814,1.3282,1.32835,1.00,1.00
2010.09.29 13:11:29.643,1.3282,1.32835,1.00,1.00
2010.09.29 13:11:33.302,1.3282,1.3284,1.00,3.00
2010.09.29 13:11:35.236,1.3282,1.3284,1.60,2.20
2010.09.29 13:11:36.452,1.3283,1.32845,1.00,4.00
2010.09.29 13:11:36.637,1.3283,1.32845,1.00,3.20
2010.09.29 13:11:36.825,1.3283,1.3285,3.20,6.40
2010.09.29 13:11:37.509,1.3283,1.3285,4.80,6.40
2010.09.29 13:11:39.051,1.3283,1.3285,4.00,6.40
2010.09.29 13:11:40.140,1.3283,1.32845,3.20,1.80
2010.09.29 13:11:40.272,1.32825,1.32845,8.20,2.40
2010.09.29 13:11:41.151,1.32825,1.32845,5.80,3.20
2010.09.29 13:11:41.498,1.32825,1.32845,1.60,3.00
2010.09.29 13:11:42.990,1.32825,1.32845,5.60,3.00
2010.09.29 13:11:44.669,1.3283,1.32845,1.00,1.00
2010.09.29 13:11:44.883,1.3283,1.3285,5.80,5.60
2010.09.29 13:11:45.355,1.3283,1.3285,5.80,6.40
2010.09.29 13:11:59.693,1.32835,1.3285,1.00,5.00
2010.09.29 13:12:01.299,1.32835,1.3285,1.00,5.00
2010.09.29 13:12:02.172,1.3283,1.3285,9.00,5.00
2010.09.29 13:12:02.520,1.3283,1.3285,4.20,6.40
2010.09.29 13:12:04.173,1.3283,1.3285,5.00,6.40
2010.09.29 13:12:06.428,1.3283,1.3285,5.00,5.60
2010.09.29 13:12:06.622,1.3283,1.3285,6.60,5.60
2010.09.29 13:12:08.496,1.3283,1.3285,6.60,6.40
2010.09.29 13:12:10.770,1.3283,1.3285,6.60,5.00
2010.09.29 13:12:12.024,1.32835,1.3285,1.00,5.00
2010.09.29 13:12:13.363,1.32835,1.3285,1.00,3.40
2010.09.29 13:12:13.631,1.32835,1.3285,3.20,3.40
2010.09.29 13:12:14.786,1.32835,1.3285,1.00,5.60
2010.09.29 13:12:15.139,1.3283,1.3285,6.60,5.60
2010.09.29 13:12:17.252,1.3283,1.3285,5.80,6.40
2010.09.29 13:12:19.445,1.32835,1.3285,1.00,5.00
2010.09.29 13:12:22.173,1.32835,1.3285,6.80,5.00
2010.09.29 13:12:22.546,1.3285,1.32865,3.40,3.00
2010.09.29 13:12:22.937,1.3285,1.32865,3.40,1.40
2010.09.29 13:12:25.377,1.32855,1.32865,1.00,1.40
2010.09.29 13:12:26.358,1.32855,1.3287,1.00,3.00
2010.09.29 13:12:26.711,1.3285,1.3287,7.80,3.00
2010.09.29 13:12:27.550,1.3285,1.3287,8.60,3.00
2010.09.29 13:12:27.895,1.3285,1.3287,5.40,3.00
2010.09.29 13:12:28.717,1.3285,1.3287,9.40,1.40
2010.09.29 13:12:29.069,1.3285,1.32865,9.40,1.00
2010.09.29 13:12:29.278,1.3285,1.3287,5.40,1.40
2010.09.29 13:12:29.895,1.3285,1.3287,7.00,1.40
2010.09.29 13:12:31.337,1.3285,1.3287,7.00,1.40
2010.09.29 13:12:31.635,1.3285,1.3286,1.00,1.40
2010.09.29 13:12:33.712,1.3285,1.3286,2.60,1.00
2010.09.29 13:12:34.042,1.3285,1.3286,3.40,1.00
2010.09.29 13:12:35.344,1.32855,1.3286,1.00,1.00
2010.09.29 13:12:35.587,1.32855,1.32865,1.00,1.00
2010.09.29 13:12:36.720,1.3285,1.32865,3.80,1.00
2010.09.29 13:12:38.238,1.3285,1.3287,13.60,6.20
2010.09.29 13:12:38.562,1.32855,1.32875,1.00,9.60
2010.09.29 13:12:38.789,1.32855,1.32875,1.80,5.60
2010.09.29 13:12:39.812,1.32855,1.32875,1.60,5.40
2010.09.29 13:12:39.976,1.32855,1.32875,1.00,5.40
2010.09.29 13:12:40.949,1.32855,1.32875,1.00,6.20
2010.09.29 13:12:40.986,1.32855,1.3287,1.00,1.60
2010.09.29 13:12:41.308,1.3285,1.3287,8.60,3.00
2010.09.29 13:12:42.145,1.3285,1.3287,7.80,7.00
2010.09.29 13:12:42.497,1.3285,1.32865,7.80,3.00
2010.09.29 13:12:42.854,1.3285,1.3287,6.20,3.00
2010.09.29 13:12:43.762,1.3285,1.3287,10.20,3.00
2010.09.29 13:12:44.086,1.3285,1.3287,11.00,3.00
2010.09.29 13:12:45.602,1.3285,1.3287,7.00,2.20
2010.09.29 13:12:45.741,1.3285,1.3287,11.00,2.20
2010.09.29 13:12:45.881,1.3285,1.3287,11.00,1.60
2010.09.29 13:12:46.023,1.32855,1.32875,1.00,7.00
2010.09.29 13:12:46.668,1.3286,1.32875,4.60,6.40
2010.09.29 13:12:47.024,1.3286,1.3288,6.20,3.00
2010.09.29 13:12:48.543,1.3286,1.3288,7.00,8.60
2010.09.29 13:12:48.898,1.3287,1.3288,1.00,4.60
2010.09.29 13:12:49.561,1.32865,1.32885,2.20,1.60
2010.09.29 13:12:49.885,1.3286,1.3288,7.00,3.00
2010.09.29 13:12:50.717,1.3286,1.3288,6.20,3.00
2010.09.29 13:12:51.419,1.3286,1.3288,7.00,3.00
2010.09.29 13:12:52.240,1.3286,1.3288,7.00,3.00
2010.09.29 13:12:52.499,1.3286,1.3288,7.00,2.20
2010.09.29 13:12:56.036,1.3286,1.3288,5.60,2.40
2010.09.29 13:12:56.798,1.32855,1.32875,3.20,2.20
2010.09.29 13:12:58.434,1.32855,1.32865,3.20,1.60
2010.09.29 13:12:58.753,1.32855,1.32875,1.00,7.00
2010.09.29 13:12:58.907,1.32855,1.32875,1.00,8.60
2010.09.29 13:12:59.735,1.32855,1.32875,1.00,8.60
2010.09.29 13:13:00.094,1.3286,1.32875,2.40,5.40
2010.09.29 13:13:00.445,1.32855,1.3287,4.80,4.80
2010.09.29 13:13:01.292,1.32855,1.3287,1.00,4.80
2010.09.29 13:13:01.524,1.32855,1.3287,1.00,5.00
2010.09.29 13:13:01.755,1.32855,1.32865,1.00,2.40
2010.09.29 13:13:02.065,1.3285,1.3287,6.60,6.40
2010.09.29 13:13:02.372,1.3285,1.3287,6.60,13.60
2010.09.29 13:13:03.562,1.3285,1.32865,6.40,1.00
2010.09.29 13:13:03.683,1.3285,1.32865,4.00,2.60
2010.09.29 13:13:03.922,1.3285,1.32865,2.20,4.80
2010.09.29 13:13:04.041,1.3285,1.32865,5.40,1.60
2010.09.29 13:13:04.161,1.3285,1.32865,5.40,1.60
2010.09.29 13:13:04.362,1.3285,1.3287,7.00,6.00
2010.09.29 13:13:06.951,1.3285,1.32865,6.40,1.00
2010.09.29 13:13:07.141,1.3285,1.32865,5.60,1.40
2010.09.29 13:13:07.329,1.3285,1.32865,1.60,5.40
2010.09.29 13:13:09.282,1.3285,1.32865,1.60,5.40
2010.09.29 13:13:11.578,1.32845,1.32865,6.60,6.00
2010.09.29 13:13:12.676,1.32865,1.3287,1.00,15.80
2010.09.29 13:13:12.954,1.32865,1.3287,1.00,4.00
2010.09.29 13:13:13.227,1.32865,1.32875,1.00,7.00
2010.09.29 13:13:13.794,1.3286,1.32875,5.40,6.20
2010.09.29 13:13:14.140,1.3286,1.32875,5.40,1.60
2010.09.29 13:13:17.157,1.3286,1.32875,5.40,5.60
2010.09.29 13:13:17.498,1.3286,1.32875,5.40,1.60
2010.09.29 13:13:19.776,1.3286,1.3288,3.80,11.00
2010.09.29 13:13:19.923,1.3286,1.32875,3.20,3.00
2010.09.29 13:13:20.056,1.32855,1.32875,1.60,4.00
2010.09.29 13:13:20.196,1.32855,1.3287,1.60,3.80
2010.09.29 13:13:20.806,1.32855,1.3287,1.60,5.40
2010.09.29 13:13:21.164,1.3286,1.3288,3.80,7.80
2010.09.29 13:13:21.718,1.3286,1.3288,3.80,7.00
2010.09.29 13:13:22.070,1.3286,1.3288,5.40,3.00
2010.09.29 13:13:23.615,1.32865,1.3288,1.00,1.60
2010.09.29 13:13:23.912,1.3287,1.32885,1.00,7.00
2010.09.29 13:13:24.733,1.32865,1.3288,1.60,4.60
2010.09.29 13:13:25.077,1.32865,1.3288,1.60,5.40
2010.09.29 13:13:25.673,1.32865,1.3288,1.60,4.60
2010.09.29 13:13:27.212,1.3287,1.32885,1.80,1.40
2010.09.29 13:13:27.570,1.32865,1.3288,1.60,1.00
2010.09.29 13:13:27.911,1.32865,1.3288,3.20,1.00
2010.09.29 13:13:28.949,1.32865,1.3288,1.60,3.00
2010.09.29 13:13:29.127,1.32865,1.3288,1.00,3.00
2010.09.29 13:13:29.622,1.32865,1.3288,1.00,7.00
2010.09.29 13:13:31.238,1.32865,1.3288,1.60,7.00
2010.09.29 13:13:32.075,1.3287,1.3288,1.00,4.60
2010.09.29 13:13:32.435,1.3287,1.32885,1.00,1.40
2010.09.29 13:13:36.364,1.3287,1.32885,1.00,1.00
2010.09.29 13:13:36.473,1.32865,1.3288,3.20,2.40
2010.09.29 13:13:36.902,1.32865,1.3288,1.60,2.40
2010.09.29 13:13:38.453,1.32865,1.3288,1.60,7.20
2010.09.29 13:13:38.743,1.32865,1.3288,1.60,7.80
2010.09.29 13:13:41.231,1.3286,1.3288,8.20,7.80
2010.09.29 13:13:41.500,1.3286,1.3288,7.40,7.80
2010.09.29 13:13:43.474,1.32865,1.3288,1.00,7.80
2010.09.29 13:13:43.732,1.32865,1.3288,1.00,7.00
2010.09.29 13:13:45.346,1.32865,1.3288,1.60,7.00
2010.09.29 13:13:48.444,1.32865,1.3288,2.40,4.00
2010.09.29 13:13:48.688,1.32865,1.32885,2.40,7.00
2010.09.29 13:13:50.588,1.32865,1.3288,1.60,1.00
2010.09.29 13:13:50.797,1.32865,1.3288,1.60,3.00
2010.09.29 13:13:51.455,1.32865,1.3288,1.60,7.00
2010.09.29 13:14:01.575,1.32865,1.3288,1.60,1.00
2010.09.29 13:14:02.478,1.3287,1.32885,1.00,1.40
2010.09.29 13:14:07.182,1.3288,1.3289,1.00,1.00
2010.09.29 13:14:08.452,1.3288,1.32895,1.00,3.00
2010.09.29 13:14:15.232,1.3288,1.3289,1.00,1.00
2010.09.29 13:14:16.328,1.32875,1.3289,1.00,1.00
2010.09.29 13:14:16.612,1.32875,1.3289,1.00,1.40
2010.09.29 13:14:17.321,1.32875,1.32885,1.00,1.00
2010.09.29 13:14:20.643,1.3287,1.32885,1.00,1.00
2010.09.29 13:14:21.148,1.3287,1.32885,1.00,1.40
2010.09.29 13:14:22.262,1.32875,1.3289,1.00,1.00
2010.09.29 13:14:23.094,1.32875,1.3289,1.00,1.40
2010.09.29 13:14:23.374,1.32875,1.32885,1.00,1.00
2010.09.29 13:14:34.318,1.3288,1.32885,1.00,1.00
2010.09.29 13:14:34.664,1.32875,1.3289,1.00,1.00
2010.09.29 13:14:35.787,1.32875,1.3289,1.00,1.40
2010.09.29 13:14:36.667,1.32875,1.3289,1.00,1.00
2010.09.29 13:14:39.715,1.3288,1.3289,1.00,1.00
2010.09.29 13:14:40.075,1.32885,1.329,1.00,3.40
2010.09.29 13:14:40.898,1.3288,1.329,5.60,5.60
2010.09.29 13:14:41.251,1.3288,1.329,5.60,6.40
2010.09.29 13:14:44.380,1.3288,1.329,4.00,6.40
2010.09.29 13:14:47.504,1.3288,1.329,5.60,4.80
2010.09.29 13:14:47.951,1.3288,1.329,5.60,4.00
2010.09.29 13:14:49.745,1.3288,1.329,6.40,4.00
2010.09.29 13:14:50.152,1.32885,1.329,1.60,4.00
2010.09.29 13:14:52.746,1.3288,1.329,6.40,4.00
2010.09.29 13:14:56.467,1.32885,1.329,1.00,3.40
2010.09.29 13:14:57.003,1.32885,1.329,2.40,3.40
2010.09.29 13:14:57.882,1.32885,1.329,4.80,3.40
2010.09.29 13:14:58.157,1.32885,1.329,3.20,3.40
2010.09.29 13:14:59.043,1.32885,1.329,1.00,3.40
2010.09.29 13:15:04.565,1.32875,1.32885,1.60,4.00
2010.09.29 13:15:04.916,1.32875,1.32885,1.00,4.00
2010.09.29 13:15:05.846,1.32875,1.3289,1.00,8.00
2010.09.29 13:15:06.171,1.32875,1.32895,1.00,2.20
2010.09.29 13:15:06.500,1.32875,1.32895,1.00,7.00
2010.09.29 13:15:06.697,1.3287,1.3289,3.20,1.00
2010.09.29 13:15:08.927,1.32875,1.3289,1.00,1.00
2010.09.29 13:15:09.102,1.32875,1.3289,2.40,1.00
2010.09.29 13:15:13.583,1.32875,1.32885,2.40,1.00
2010.09.29 13:15:13.706,1.32875,1.32885,2.40,1.80
2010.09.29 13:15:13.837,1.3287,1.32885,1.60,2.40
2010.09.29 13:15:14.470,1.3287,1.32885,5.60,2.60
2010.09.29 13:15:14.826,1.32865,1.3288,3.20,2.40
2010.09.29 13:15:15.178,1.32865,1.3288,1.00,4.00
2010.09.29 13:15:16.241,1.32865,1.3288,1.00,4.20
2010.09.29 13:15:17.156,1.32865,1.3288,1.60,4.20
2010.09.29 13:15:17.303,1.32865,1.3288,1.60,2.60
2010.09.29 13:15:17.841,1.3287,1.3288,1.00,2.60
2010.09.29 13:15:18.200,1.32865,1.3288,1.60,5.00
2010.09.29 13:15:18.539,1.32865,1.3288,1.00,5.00
2010.09.29 13:15:19.422,1.3286,1.3288,5.60,4.80
2010.09.29 13:15:20.259,1.32865,1.3288,1.60,3.40
2010.09.29 13:15:20.317,1.32865,1.3288,1.00,4.00
2010.09.29 13:15:20.677,1.3286,1.3288,5.60,4.80
2010.09.29 13:15:21.611,1.32855,1.3287,4.20,1.00
2010.09.29 13:15:22.626,1.32855,1.3287,1.60,1.00
2010.09.29 13:15:24.298,1.32855,1.3287,2.40,1.00
2010.09.29 13:15:25.659,1.3286,1.3287,1.00,1.00
2010.09.29 13:15:27.342,1.3286,1.3287,1.60,1.00
2010.09.29 13:15:27.654,1.32855,1.3286,1.00,2.40
2010.09.29 13:15:27.797,1.3286,1.32865,3.20,4.00
2010.09.29 13:15:27.935,1.3286,1.32875,1.00,3.00
2010.09.29 13:15:28.071,1.32855,1.32875,1.00,3.00
2010.09.29 13:15:28.689,1.32855,1.32875,1.00,4.60
2010.09.29 13:15:28.991,1.32865,1.32875,3.20,4.60
2010.09.29 13:15:29.805,1.32855,1.32875,1.60,8.60
2010.09.29 13:15:30.166,1.32855,1.3287,1.00,3.20
2010.09.29 13:15:30.519,1.32855,1.3287,1.00,3.80
2010.09.29 13:15:31.497,1.32855,1.3287,1.00,4.00
2010.09.29 13:15:33.679,1.32855,1.3287,2.40,4.00
2010.09.29 13:15:36.412,1.32855,1.3287,1.60,4.00
2010.09.29 13:15:36.680,1.32855,1.3287,1.60,4.80
2010.09.29 13:15:36.944,1.32855,1.3287,1.60,4.80
2010.09.29 13:15:37.553,1.3285,1.3287,10.60,4.80
2010.09.29 13:15:37.821,1.3285,1.3287,6.60,4.80
2010.09.29 13:15:39.178,1.3285,1.3287,6.60,4.80
2010.09.29 13:15:41.471,1.3285,1.32865,5.80,1.00
2010.09.29 13:15:42.882,1.3285,1.3287,5.80,4.80
2010.09.29 13:15:44.991,1.3285,1.32865,5.80,1.00
2010.09.29 13:15:52.759,1.3285,1.32865,6.60,1.00
2010.09.29 13:15:53.338,1.3285,1.3287,6.60,4.80
2010.09.29 13:15:59.479,1.32855,1.3287,2.40,3.40
2010.09.29 13:15:59.716,1.32855,1.3287,1.60,4.00
2010.09.29 13:16:07.008,1.32865,1.3287,1.00,3.80
2010.09.29 13:16:07.734,1.32855,1.32875,2.60,6.40
2010.09.29 13:16:08.062,1.32855,1.32875,2.60,10.40
2010.09.29 13:16:08.182,1.32855,1.32875,2.40,10.20
2010.09.29 13:16:09.351,1.32855,1.32875,2.40,9.40
2010.09.29 13:16:10.062,1.32855,1.32875,1.60,9.40
2010.09.29 13:16:11.150,1.32855,1.32875,1.60,5.40
2010.09.29 13:16:11.279,1.32855,1.32875,1.60,1.40
2010.09.29 13:16:11.783,1.32855,1.32875,2.40,1.40
2010.09.29 13:16:13.117,1.32855,1.3287,1.60,1.00
2010.09.29 13:16:14.017,1.3285,1.3287,8.60,1.00
2010.09.29 13:16:14.338,1.32855,1.3287,1.60,1.00
2010.09.29 13:16:16.919,1.32855,1.3287,1.60,1.40
2010.09.29 13:16:19.086,1.32855,1.32875,2.40,1.40
2010.09.29 13:16:20.810,1.32855,1.32875,2.40,3.00
2010.09.29 13:16:24.340,1.3285,1.3287,16.60,1.40
2010.09.29 13:16:24.542,1.3285,1.3287,17.40,1.40
2010.09.29 13:16:24.643,1.3285,1.3287,17.40,1.00
2010.09.29 13:16:25.263,1.3285,1.3287,13.60,3.20
2010.09.29 13:16:25.608,1.3285,1.3287,1.60,9.60
2010.09.29 13:16:26.643,1.3285,1.3287,1.60,11.20
2010.09.29 13:16:26.902,1.32845,1.3287,7.20,12.00
2010.09.29 13:16:27.166,1.32845,1.3287,3.20,16.00
2010.09.29 13:16:27.915,1.32845,1.32865,3.20,1.00
2010.09.29 13:16:28.275,1.3284,1.3286,16.60,1.00
2010.09.29 13:16:31.828,1.32845,1.32865,1.60,1.00
2010.09.29 13:16:33.212,1.32845,1.32865,1.00,1.40
2010.09.29 13:16:33.958,1.3285,1.3287,1.00,16.00
2010.09.29 13:16:34.432,1.3285,1.3287,1.00,12.00
2010.09.29 13:16:34.705,1.3285,1.3287,1.00,9.40
2010.09.29 13:16:35.367,1.3285,1.3287,1.00,3.00
2010.09.29 13:16:35.537,1.32855,1.3287,1.60,1.60
2010.09.29 13:16:39.147,1.3286,1.32875,1.00,5.60
2010.09.29 13:16:40.416,1.3286,1.3287,1.00,4.00
2010.09.29 13:16:41.293,1.3286,1.32875,1.00,5.60
2010.09.29 13:16:41.482,1.3286,1.32875,1.00,1.60
2010.09.29 13:16:43.630,1.3286,1.3288,1.60,6.80
2010.09.29 13:16:44.587,1.3286,1.3288,5.60,6.80
2010.09.29 13:16:45.723,1.3286,1.3288,5.60,6.00
2010.09.29 13:16:45.792,1.32865,1.3288,1.00,6.00
2010.09.29 13:16:46.001,1.32865,1.3288,1.00,5.40
2010.09.29 13:16:47.512,1.32865,1.3288,1.60,5.40
2010.09.29 13:16:49.043,1.32865,1.3288,1.60,3.80
2010.09.29 13:16:49.144,1.32865,1.3288,1.60,3.20
2010.09.29 13:16:49.248,1.32865,1.3288,4.00,1.00
2010.09.29 13:16:49.824,1.32865,1.3288,4.00,3.20
2010.09.29 13:16:50.174,1.32865,1.3288,1.60,5.40
2010.09.29 13:16:51.672,1.32865,1.3288,9.60,5.40
2010.09.29 13:16:51.918,1.32865,1.3288,1.60,5.40
2010.09.29 13:16:55.654,1.3286,1.3287,11.20,1.00
2010.09.29 13:16:55.874,1.3286,1.3287,10.40,1.00
2010.09.29 13:16:55.937,1.32855,1.3287,5.20,3.40
2010.09.29 13:16:55.997,1.32855,1.3287,6.00,3.40
2010.09.29 13:16:56.051,1.32855,1.3287,6.80,3.40
2010.09.29 13:16:56.101,1.32855,1.3287,6.40,3.40
2010.09.29 13:16:57.012,1.32855,1.3287,3.20,3.40
2010.09.29 13:16:58.854,1.3286,1.32875,1.00,1.80
2010.09.29 13:16:59.160,1.3286,1.32875,1.00,1.60
2010.09.29 13:17:01.473,1.3286,1.32875,1.00,1.80
2010.09.29 13:17:01.645,1.3286,1.3287,1.00,3.20
2010.09.29 13:17:02.342,1.32855,1.3287,1.60,3.40
2010.09.29 13:17:02.694,1.32855,1.3287,1.60,5.00
2010.09.29 13:17:06.487,1.32855,1.3287,4.00,2.60
2010.09.29 13:17:06.769,1.3285,1.3287,7.20,9.00
2010.09.29 13:17:07.631,1.3285,1.3287,3.20,13.60
2010.09.29 13:17:07.977,1.3285,1.3287,3.20,9.00
2010.09.29 13:17:08.842,1.32855,1.32865,1.60,1.00
2010.09.29 13:17:09.884,1.3285,1.3287,7.20,5.40
2010.09.29 13:17:10.747,1.3285,1.3287,3.20,10.80
2010.09.29 13:17:11.105,1.3285,1.3287,3.20,10.00
2010.09.29 13:17:12.241,1.3285,1.3287,6.40,7.80
2010.09.29 13:17:12.589,1.3285,1.3287,6.60,8.00
2010.09.29 13:17:13.435,1.32855,1.3287,1.00,7.40
2010.09.29 13:17:14.272,1.32855,1.3287,1.00,3.40
2010.09.29 13:17:15.423,1.32855,1.3287,3.20,3.40
2010.09.29 13:17:16.788,1.32855,1.3287,2.40,4.00
2010.09.29 13:17:17.676,1.32855,1.3287,2.40,8.00
2010.09.29 13:17:18.032,1.32855,1.3287,3.20,3.40
2010.09.29 13:17:18.382,1.32855,1.3287,2.40,7.40
2010.09.29 13:17:19.247,1.32855,1.3287,1.00,13.60
2010.09.29 13:17:20.443,1.3285,1.3287,6.60,14.40
2010.09.29 13:17:21.902,1.3285,1.3287,5.80,14.40
2010.09.29 13:17:22.677,1.3285,1.3287,5.80,6.40
2010.09.29 13:17:23.550,1.3285,1.3287,5.80,14.40
2010.09.29 13:17:25.361,1.3285,1.32865,5.00,1.40
2010.09.29 13:17:28.497,1.3285,1.32865,5.00,1.00
2010.09.29 13:17:30.437,1.3285,1.3286,4.20,1.00
2010.09.29 13:17:30.758,1.32855,1.3286,1.00,1.00
2010.09.29 13:17:31.501,1.3285,1.32865,4.20,6.40
2010.09.29 13:17:31.770,1.3285,1.3287,6.60,10.40
2010.09.29 13:17:32.114,1.3285,1.3287,6.60,14.40
2010.09.29 13:17:32.953,1.3285,1.3287,6.60,10.40
2010.09.29 13:17:33.178,1.3285,1.3287,6.60,14.40
2010.09.29 13:17:33.395,1.3285,1.3287,6.60,6.40
2010.09.29 13:17:33.831,1.3285,1.3287,6.60,10.40
2010.09.29 13:17:34.413,1.3285,1.3287,6.60,14.40
2010.09.29 13:17:34.676,1.3285,1.32865,5.00,3.80
2010.09.29 13:17:38.512,1.3285,1.32865,5.00,11.80
2010.09.29 13:17:38.700,1.3285,1.32865,5.00,3.80
2010.09.29 13:17:39.719,1.3285,1.32865,5.00,1.40
2010.09.29 13:17:40.070,1.3285,1.32865,5.00,3.80
2010.09.29 13:17:40.413,1.3285,1.32865,5.00,11.80
2010.09.29 13:17:42.722,1.3285,1.32865,5.00,3.80
2010.09.29 13:17:43.377,1.3285,1.32865,5.00,11.80
2010.09.29 13:17:43.578,1.3285,1.32865,5.00,7.80
2010.09.29 13:17:43.773,1.3285,1.32865,5.00,11.80
2010.09.29 13:17:44.341,1.3285,1.32865,5.00,7.80
2010.09.29 13:17:44.531,1.3285,1.32865,5.00,3.80
2010.09.29 13:17:45.107,1.3285,1.32865,5.00,11.80
2010.09.29 13:17:45.426,1.3285,1.32865,5.00,3.80
2010.09.29 13:17:45.741,1.3285,1.32865,5.00,7.80
2010.09.29 13:17:46.543,1.3285,1.32865,5.00,3.80
2010.09.29 13:17:46.746,1.3285,1.32865,3.40,11.80
2010.09.29 13:17:46.952,1.3285,1.3286,3.40,1.00
2010.09.29 13:17:52.903,1.3285,1.3286,5.00,1.00
2010.09.29 13:17:53.191,1.3285,1.3286,3.40,1.00
2010.09.29 13:17:53.499,1.3285,1.3286,3.40,1.40
2010.09.29 13:17:54.717,1.3285,1.3286,3.40,5.40
2010.09.29 13:17:54.961,1.3285,1.3286,1.00,5.40
2010.09.29 13:17:56.073,1.3285,1.3286,1.00,1.40
2010.09.29 13:17:57.261,1.3285,1.3286,1.00,3.80
2010.09.29 13:17:57.604,1.3285,1.3286,1.00,11.80
2010.09.29 13:17:58.482,1.32845,1.3285,4.00,1.00
2010.09.29 13:17:58.834,1.3283,1.32845,1.00,11.80
2010.09.29 13:17:59.373,1.3283,1.3284,1.00,1.00
2010.09.29 13:17:59.747,1.3282,1.3284,7.40,1.40
2010.09.29 13:18:00.629,1.3282,1.3284,7.40,3.80
2010.09.29 13:18:00.988,1.3282,1.3283,3.20,1.00
2010.09.29 13:18:01.849,1.3282,1.3283,2.60,1.00
2010.09.29 13:18:02.218,1.3282,1.3283,3.40,1.00
2010.09.29 13:18:02.573,1.3282,1.32835,3.40,1.00
2010.09.29 13:18:03.106,1.3282,1.32835,5.00,1.00
2010.09.29 13:18:03.470,1.3283,1.32845,1.60,1.00
2010.09.29 13:18:04.333,1.3283,1.3285,1.60,3.00
2010.09.29 13:18:04.683,1.3283,1.32845,4.00,1.40
2010.09.29 13:18:05.511,1.32835,1.3285,1.60,1.40
2010.09.29 13:18:05.868,1.3283,1.32845,3.20,1.00
2010.09.29 13:18:07.120,1.3283,1.3284,1.60,1.00
2010.09.29 13:18:08.046,1.32825,1.3284,1.60,1.40
2010.09.29 13:18:08.408,1.3282,1.32835,1.60,1.00
2010.09.29 13:18:10.484,1.32815,1.32835,3.20,1.00
2010.09.29 13:18:10.798,1.3282,1.3284,1.00,8.40
2010.09.29 13:18:11.498,1.3282,1.3284,1.60,8.40
2010.09.29 13:18:11.853,1.32825,1.32845,1.80,2.20
2010.09.29 13:18:12.198,1.3283,1.32845,1.00,1.60
2010.09.29 13:18:13.093,1.3283,1.3285,1.00,5.40
2010.09.29 13:18:14.283,1.3283,1.3285,1.00,4.60
2010.09.29 13:18:14.638,1.3283,1.3285,1.60,3.00
2010.09.29 13:18:15.813,1.3283,1.3285,1.00,5.40
2010.09.29 13:18:16.060,1.32825,1.32845,3.20,1.40
2010.09.29 13:18:16.304,1.32825,1.32845,3.20,3.00
2010.09.29 13:18:16.553,1.32825,1.32845,3.20,1.40
2010.09.29 13:18:17.609,1.32825,1.32845,2.40,1.40
2010.09.29 13:18:17.921,1.32825,1.32845,3.20,1.00
2010.09.29 13:18:18.900,1.3283,1.3285,1.00,1.40
2010.09.29 13:18:19.561,1.3283,1.3285,1.00,3.00
2010.09.29 13:18:20.896,1.32825,1.32845,4.00,1.00
2010.09.29 13:18:21.456,1.32825,1.32845,3.20,1.00
2010.09.29 13:18:21.774,1.3283,1.3285,1.00,4.60
2010.09.29 13:18:24.197,1.3283,1.3285,1.60,4.60
2010.09.29 13:18:31.285,1.3283,1.3285,1.60,5.40
2010.09.29 13:18:31.471,1.3283,1.32845,1.60,1.60
2010.09.29 13:18:32.834,1.3283,1.32845,1.00,5.60
2010.09.29 13:18:33.186,1.3283,1.32845,1.00,9.60
2010.09.29 13:18:33.534,1.3283,1.32845,1.00,5.60
2010.09.29 13:18:34.736,1.3283,1.32845,1.60,1.60
2010.09.29 13:18:36.222,1.3283,1.3285,1.60,7.60
2010.09.29 13:18:36.573,1.3283,1.3285,1.60,15.60
2010.09.29 13:18:39.565,1.3283,1.3285,1.60,15.00
2010.09.29 13:18:39.825,1.3283,1.3285,1.60,11.00
2010.09.29 13:18:40.828,1.32815,1.32835,3.20,1.60
2010.09.29 13:18:41.640,1.32815,1.32835,3.20,2.20
2010.09.29 13:18:43.584,1.32815,1.3283,1.00,1.00
2010.09.29 13:18:44.462,1.3281,1.3283,12.00,1.00
2010.09.29 13:18:44.824,1.3281,1.3283,3.20,2.20
2010.09.29 13:18:47.764,1.32815,1.32835,1.00,3.80
2010.09.29 13:18:48.621,1.32815,1.32835,1.60,3.20
2010.09.29 13:18:48.898,1.3282,1.32835,1.00,3.20
2010.09.29 13:18:49.165,1.32815,1.32835,1.60,3.80
2010.09.29 13:18:49.855,1.32815,1.32835,1.60,7.80
2010.09.29 13:18:50.561,1.32815,1.32835,1.60,4.40
2010.09.29 13:18:50.664,1.32815,1.32835,1.60,9.20
2010.09.29 13:18:51.077,1.32815,1.32835,1.60,5.20
2010.09.29 13:18:51.983,1.3282,1.32835,1.00,3.20
2010.09.29 13:18:52.328,1.3282,1.32835,1.00,1.60
2010.09.29 13:18:53.195,1.3282,1.3283,1.00,4.00
2010.09.29 13:18:53.553,1.32815,1.3283,1.00,4.00
2010.09.29 13:18:56.043,1.32815,1.3283,1.60,1.60
2010.09.29 13:18:56.742,1.3282,1.3283,1.00,1.60
2010.09.29 13:18:57.457,1.3282,1.32835,4.00,1.60
2010.09.29 13:18:57.800,1.3282,1.32835,4.20,1.60
2010.09.29 13:19:00.425,1.3282,1.32835,5.00,1.60
2010.09.29 13:19:00.682,1.32825,1.3284,1.60,5.00
2010.09.29 13:19:00.930,1.32825,1.3284,1.60,9.00
2010.09.29 13:19:03.393,1.32825,1.3284,1.60,5.00
2010.09.29 13:19:03.660,1.32835,1.3284,1.00,4.00
2010.09.29 13:19:04.371,1.32835,1.3285,2.60,4.00
2010.09.29 13:19:04.681,1.32835,1.3285,1.60,3.40
2010.09.29 13:19:06.121,1.32835,1.3285,1.60,2.60
2010.09.29 13:19:07.840,1.32835,1.3285,1.60,5.00
2010.09.29 13:19:09.906,1.32835,1.3285,1.60,13.00
2010.09.29 13:19:11.070,1.32835,1.3285,1.60,5.00
2010.09.29 13:19:13.458,1.3283,1.32845,3.20,1.00
2010.09.29 13:19:14.274,1.32835,1.32855,1.60,8.60
2010.09.29 13:19:17.278,1.32835,1.32855,1.60,7.00
2010.09.29 13:19:17.616,1.32835,1.32855,1.00,9.40
2010.09.29 13:19:17.946,1.32835,1.32855,1.00,15.00
2010.09.29 13:19:18.908,1.32835,1.32855,1.00,7.00
2010.09.29 13:19:20.821,1.32835,1.32855,1.00,4.60
2010.09.29 13:19:20.982,1.32835,1.32855,1.00,7.00
2010.09.29 13:19:21.141,1.3284,1.32855,1.60,1.60
2010.09.29 13:19:21.835,1.3285,1.3286,3.20,3.20
2010.09.29 13:19:22.192,1.3285,1.3287,5.40,2.20
2010.09.29 13:19:23.037,1.32855,1.32875,1.00,7.20
2010.09.29 13:19:23.713,1.32855,1.32875,1.00,11.20
2010.09.29 13:19:24.392,1.32855,1.32875,1.00,7.20
2010.09.29 13:19:25.224,1.3285,1.3287,6.40,1.00
2010.09.29 13:19:25.283,1.3285,1.32865,1.60,1.80
2010.09.29 13:19:25.548,1.3285,1.32865,4.00,1.60
2010.09.29 13:19:25.646,1.3285,1.32865,1.60,1.60
2010.09.29 13:19:26.250,1.3285,1.32865,1.00,3.20
2010.09.29 13:19:28.044,1.3284,1.3286,1.60,5.00
2010.09.29 13:19:28.949,1.3284,1.32855,1.60,1.60
2010.09.29 13:19:29.299,1.3284,1.32855,1.60,5.60
2010.09.29 13:19:30.472,1.3284,1.32855,1.60,1.60
2010.09.29 13:19:30.809,1.3284,1.32855,1.60,5.60
2010.09.29 13:19:31.620,1.3284,1.32855,1.60,1.60
2010.09.29 13:19:31.921,1.3284,1.32855,1.00,12.00
2010.09.29 13:19:32.229,1.3284,1.32855,1.00,1.60
2010.09.29 13:19:33.047,1.3284,1.32855,1.00,12.00
2010.09.29 13:19:33.360,1.32835,1.32855,1.60,13.40
2010.09.29 13:19:34.798,1.32835,1.32855,1.60,9.40
2010.09.29 13:19:37.163,1.32835,1.32855,1.60,10.20
2010.09.29 13:19:40.138,1.32835,1.32855,1.60,10.80
2010.09.29 13:19:40.245,1.32835,1.32855,1.60,11.60
2010.09.29 13:19:41.002,1.32835,1.32855,1.60,13.20
2010.09.29 13:19:41.222,1.32835,1.32855,1.60,9.20
2010.09.29 13:19:41.394,1.32835,1.3285,1.00,1.00
2010.09.29 13:19:41.938,1.32835,1.3285,1.00,2.40
2010.09.29 13:19:42.128,1.3283,1.3285,3.20,3.00
2010.09.29 13:19:42.801,1.3284,1.32855,1.60,3.20
2010.09.29 13:19:43.153,1.3284,1.3286,1.60,7.00
2010.09.29 13:19:44.674,1.3284,1.3286,1.60,7.60
2010.09.29 13:19:44.874,1.3284,1.3286,1.60,7.00
2010.09.29 13:19:46.879,1.32845,1.3286,1.00,7.00
2010.09.29 13:19:47.114,1.3284,1.3286,1.60,7.60
2010.09.29 13:19:47.225,1.3284,1.3286,1.00,11.60
2010.09.29 13:19:47.341,1.3284,1.3286,1.00,15.60
2010.09.29 13:19:48.230,1.3284,1.3286,1.00,16.40
2010.09.29 13:19:49.368,1.3284,1.3286,1.00,17.20
2010.09.29 13:19:49.930,1.32835,1.32855,3.20,1.00
2010.09.29 13:19:53.971,1.32845,1.32855,1.00,1.00
2010.09.29 13:19:54.683,1.3284,1.32855,1.00,1.00
2010.09.29 13:19:56.137,1.3284,1.3286,1.00,17.20
2010.09.29 13:19:57.185,1.32835,1.32855,3.20,1.20
2010.09.29 13:19:58.102,1.32835,1.32855,1.00,2.80
2010.09.29 13:19:58.458,1.3283,1.3285,1.00,7.00
2010.09.29 13:20:01.185,1.3283,1.3285,1.00,6.80
2010.09.29 13:20:02.298,1.3283,1.3284,1.60,3.00
2010.09.29 13:20:02.652,1.3283,1.32845,2.40,4.60
2010.09.29 13:20:03.343,1.3283,1.32845,2.40,1.00
2010.09.29 13:20:04.470,1.32825,1.32845,10.40,1.40
2010.09.29 13:20:04.823,1.32825,1.3284,1.60,1.00
2010.09.29 13:20:06.971,1.3282,1.3284,8.20,3.00
2010.09.29 13:20:07.776,1.3282,1.3284,7.40,7.80
2010.09.29 13:20:08.001,1.3282,1.3284,7.40,11.80
2010.09.29 13:20:08.950,1.3282,1.32835,6.60,1.00
2010.09.29 13:20:09.314,1.3282,1.32835,2.60,7.80
2010.09.29 13:20:09.656,1.3282,1.32835,2.60,11.80
2010.09.29 13:20:10.501,1.3282,1.32835,6.60,5.40
2010.09.29 13:20:10.821,1.3282,1.32835,6.60,1.00
2010.09.29 13:20:12.063,1.3282,1.32835,2.40,3.00
2010.09.29 13:20:12.289,1.3282,1.32835,2.40,7.00
2010.09.29 13:20:13.030,1.3282,1.32835,2.40,7.80
2010.09.29 13:20:13.381,1.3282,1.3283,2.60,1.00
2010.09.29 13:20:15.526,1.3282,1.3283,1.00,1.00
2010.09.29 13:20:16.662,1.3282,1.32835,5.80,8.80
2010.09.29 13:20:17.459,1.32825,1.3284,1.00,2.20
2010.09.29 13:20:17.815,1.32825,1.3284,2.40,1.00
2010.09.29 13:20:18.391,1.32825,1.32845,3.20,11.00
2010.09.29 13:20:18.741,1.32825,1.32845,3.20,7.80
2010.09.29 13:20:20.241,1.3282,1.3284,6.20,4.60
2010.09.29 13:20:20.932,1.3282,1.32835,5.40,1.00
2010.09.29 13:20:21.288,1.32815,1.32835,1.90,1.40
2010.09.29 13:20:22.139,1.32815,1.32835,1.10,1.40
2010.09.29 13:20:22.494,1.3282,1.3284,3.40,3.00
2010.09.29 13:20:23.185,1.3282,1.3284,5.00,3.00
2010.09.29 13:20:24.009,1.3282,1.3284,5.80,3.00
2010.09.29 13:20:24.309,1.3282,1.3284,5.80,1.40
2010.09.29 13:20:24.869,1.3282,1.3284,5.80,1.00
2010.09.29 13:20:25.224,1.3282,1.3284,2.40,1.00
2010.09.29 13:20:26.032,1.3282,1.32825,2.40,1.00
2010.09.29 13:20:26.344,1.3282,1.32835,1.00,1.40
2010.09.29 13:20:27.701,1.32815,1.32835,3.20,1.40
2010.09.29 13:20:29.308,1.32815,1.32835,2.40,1.40
2010.09.29 13:20:30.470,1.32815,1.32835,1.60,1.40
2010.09.29 13:20:30.736,1.32815,1.32835,2.40,1.40
2010.09.29 13:20:32.488,1.32815,1.32835,3.20,1.40
2010.09.29 13:20:34.206,1.32815,1.32835,3.20,3.00
2010.09.29 13:20:34.480,1.3282,1.3283,3.20,4.80
2010.09.29 13:20:34.761,1.32815,1.32835,6.40,3.00
2010.09.29 13:20:35.536,1.32815,1.3283,1.00,1.00
2010.09.29 13:20:35.894,1.3281,1.32825,3.20,1.00
2010.09.29 13:20:37.036,1.32805,1.32825,4.00,1.00
2010.09.29 13:20:37.802,1.32805,1.32825,4.00,1.40
2010.09.29 13:20:39.297,1.32805,1.3282,1.60,1.00
2010.09.29 13:20:46.342,1.32805,1.3282,1.60,1.40
2010.09.29 13:20:47.161,1.32805,1.32815,1.60,1.00
2010.09.29 13:20:47.510,1.328,1.32815,3.20,1.00
2010.09.29 13:20:48.233,1.328,1.32815,3.20,1.40
2010.09.29 13:20:48.560,1.328,1.3282,4.20,2.60
2010.09.29 13:20:49.410,1.328,1.32815,4.00,1.00
2010.09.29 13:20:49.758,1.328,1.32815,2.60,1.40
2010.09.29 13:20:51.969,1.328,1.32815,2.40,1.60
2010.09.29 13:20:52.317,1.32795,1.3281,4.20,1.40
2010.09.29 13:20:53.109,1.32795,1.3281,2.60,3.00
2010.09.29 13:20:53.445,1.32795,1.3281,4.60,5.40
2010.09.29 13:20:53.786,1.32795,1.32805,4.00,1.00
2010.09.29 13:20:54.303,1.32795,1.32805,2.40,1.00
2010.09.29 13:20:54.669,1.32785,1.32805,13.40,6.80
2010.09.29 13:20:55.026,1.32785,1.328,4.60,1.40
2010.09.29 13:20:55.916,1.32785,1.328,4.60,1.00
2010.09.29 13:20:56.269,1.32785,1.328,3.00,2.20
2010.09.29 13:20:57.145,1.32785,1.328,4.60,1.40
2010.09.29 13:20:57.499,1.32785,1.328,5.40,1.40
2010.09.29 13:20:58.345,1.3278,1.32785,12.80,1.00
2010.09.29 13:20:58.687,1.3277,1.3278,4.00,3.00
2010.09.29 13:20:59.520,1.3276,1.3278,3.20,1.40
2010.09.29 13:21:01.067,1.3276,1.3278,4.80,1.00
2010.09.29 13:21:01.267,1.32765,1.3278,1.60,1.00
2010.09.29 13:21:01.467,1.3276,1.3278,4.00,1.00
2010.09.29 13:21:02.183,1.3276,1.3278,3.20,1.00
2010.09.29 13:21:02.784,1.32765,1.32785,2.40,3.00
2010.09.29 13:21:03.801,1.3277,1.3279,1.00,12.00
2010.09.29 13:21:04.149,1.3277,1.3279,2.40,14.80
2010.09.29 13:21:05.036,1.32775,1.3279,1.60,1.60
2010.09.29 13:21:05.895,1.3278,1.32795,1.00,2.40
2010.09.29 13:21:06.255,1.3278,1.328,1.00,2.20
2010.09.29 13:21:07.456,1.3278,1.328,5.00,1.40
2010.09.29 13:21:07.820,1.3279,1.32805,1.00,1.60
2010.09.29 13:21:08.665,1.3279,1.3281,1.00,7.20
2010.09.29 13:21:09.033,1.32795,1.3281,1.00,1.60
2010.09.29 13:21:09.836,1.32795,1.32815,1.00,3.00
2010.09.29 13:21:10.149,1.328,1.32815,1.00,2.20
2010.09.29 13:21:11.003,1.328,1.32815,1.00,1.00
2010.09.29 13:21:12.486,1.32795,1.32815,1.60,1.00
2010.09.29 13:21:12.740,1.32795,1.32815,1.60,1.40
2010.09.29 13:21:14.011,1.32795,1.32815,1.60,2.20
2010.09.29 13:21:14.305,1.32795,1.32815,1.00,2.20
2010.09.29 13:21:15.085,1.32795,1.32815,1.00,3.80
2010.09.29 13:21:16.933,1.3279,1.3281,3.20,1.00
2010.09.29 13:21:17.285,1.3279,1.3281,2.40,3.80
2010.09.29 13:21:17.519,1.32785,1.32805,3.20,1.60
2010.09.29 13:21:18.073,1.32785,1.3281,3.20,7.80
2010.09.29 13:21:18.304,1.32785,1.328,1.60,1.60
2010.09.29 13:21:18.667,1.3278,1.328,1.60,7.80
2010.09.29 13:21:19.424,1.3278,1.328,1.60,4.00
2010.09.29 13:21:19.653,1.3278,1.32805,1.60,5.60
2010.09.29 13:21:21.199,1.3278,1.32805,1.60,4.80
2010.09.29 13:21:22.924,1.3278,1.32805,3.20,3.20
2010.09.29 13:21:23.631,1.32785,1.32805,1.00,2.40
2010.09.29 13:21:23.774,1.32785,1.32805,1.60,2.40
2010.09.29 13:21:26.385,1.3278,1.32785,3.20,1.60
2010.09.29 13:21:26.669,1.3278,1.3279,1.60,2.20
2010.09.29 13:21:27.451,1.3277,1.32785,6.40,1.60
2010.09.29 13:21:27.469,1.3277,1.32785,7.20,1.60
2010.09.29 13:21:27.828,1.32785,1.328,5.60,4.80
2010.09.29 13:21:28.162,1.3279,1.32805,3.20,4.60
2010.09.29 13:21:31.031,1.32785,1.328,1.00,1.60
2010.09.29 13:21:31.513,1.32785,1.328,1.00,1.60
2010.09.29 13:21:35.273,1.3279,1.32805,2.20,5.40
2010.09.29 13:21:35.437,1.32795,1.32805,3.20,4.00
2010.09.29 13:21:35.596,1.32795,1.3281,3.80,1.40
2010.09.29 13:21:35.754,1.328,1.3281,1.00,1.00
2010.09.29 13:21:36.550,1.328,1.32815,1.00,11.00
2010.09.29 13:21:36.786,1.328,1.32815,1.00,11.00
2010.09.29 13:21:44.014,1.328,1.32815,1.00,11.00
2010.09.29 13:21:44.596,1.328,1.32815,2.60,8.60
2010.09.29 13:21:44.772,1.328,1.32815,5.40,2.20
2010.09.29 13:21:45.479,1.328,1.32815,6.20,1.60
2010.09.29 13:21:45.654,1.328,1.3282,6.20,3.00
2010.09.29 13:21:47.444,1.328,1.3282,7.80,1.40
2010.09.29 13:21:47.655,1.328,1.3282,11.80,1.40
2010.09.29 13:21:48.272,1.328,1.3282,7.80,1.40
2010.09.29 13:21:48.579,1.328,1.32815,4.00,1.60
2010.09.29 13:21:48.880,1.328,1.32815,3.20,1.40
2010.09.29 13:21:49.770,1.328,1.32815,3.40,1.40
2010.09.29 13:21:52.850,1.328,1.32815,3.40,3.00
2010.09.29 13:21:55.763,1.328,1.3282,4.20,10.40
2010.09.29 13:21:56.090,1.328,1.3282,4.20,6.40
2010.09.29 13:21:59.922,1.32785,1.328,2.00,1.00
2010.09.29 13:22:00.087,1.3278,1.32795,1.00,1.00
2010.09.29 13:22:00.737,1.32775,1.32795,10.60,1.00
2010.09.29 13:22:00.904,1.32775,1.32795,5.00,1.00
2010.09.29 13:22:02.309,1.3278,1.328,1.00,3.00
2010.09.29 13:22:03.129,1.3278,1.328,1.00,1.40
2010.09.29 13:22:04.668,1.32775,1.328,5.00,1.40
2010.09.29 13:22:04.947,1.32785,1.328,1.60,1.00
2010.09.29 13:22:05.791,1.32785,1.328,2.40,1.00
2010.09.29 13:22:06.152,1.3279,1.3281,1.60,8.00
2010.09.29 13:22:06.993,1.32795,1.32815,1.00,2.40
2010.09.29 13:22:07.333,1.32795,1.3282,1.60,8.80
2010.09.29 13:22:08.083,1.328,1.3282,1.00,8.00
2010.09.29 13:22:09.326,1.328,1.3282,1.60,7.80
2010.09.29 13:22:09.688,1.3281,1.32825,3.20,1.00
2010.09.29 13:22:11.252,1.3281,1.32825,4.80,1.00
2010.09.29 13:22:11.505,1.3281,1.3283,6.40,7.80
2010.09.29 13:22:12.206,1.3281,1.3283,5.60,5.40
2010.09.29 13:22:12.560,1.3281,1.3283,3.20,6.00
2010.09.29 13:22:12.912,1.32805,1.32825,7.20,1.00
2010.09.29 13:22:13.794,1.32805,1.3283,3.20,16.40
2010.09.29 13:22:14.143,1.32805,1.32825,3.20,1.00
2010.09.29 13:22:15.007,1.328,1.3282,7.20,1.40
2010.09.29 13:22:15.836,1.32805,1.3282,1.60,9.40
2010.09.29 13:22:16.195,1.32805,1.32815,1.60,2.40
2010.09.29 13:22:16.557,1.32795,1.32815,4.80,4.60
2010.09.29 13:22:17.246,1.32795,1.32815,3.20,1.00
2010.09.29 13:22:17.541,1.32795,1.32815,3.80,1.00
2010.09.29 13:22:18.334,1.32795,1.32815,5.00,1.00
2010.09.29 13:22:18.694,1.32795,1.3281,1.60,1.00
2010.09.29 13:22:19.051,1.3279,1.3281,8.00,1.40
2010.09.29 13:22:20.243,1.3279,1.3281,4.80,1.40
2010.09.29 13:22:20.586,1.3279,1.32805,1.00,1.00
2010.09.29 13:22:20.747,1.3279,1.32805,4.20,1.00
2010.09.29 13:22:21.446,1.3279,1.32805,2.60,1.00
2010.09.29 13:22:21.657,1.328,1.3281,1.00,1.00
2010.09.29 13:22:23.621,1.32805,1.32815,1.00,7.80
2010.09.29 13:22:23.703,1.32805,1.32815,1.00,3.80
2010.09.29 13:22:25.014,1.32805,1.3282,1.00,1.40
2010.09.29 13:22:25.369,1.328,1.3282,7.00,1.40
2010.09.29 13:22:26.208,1.328,1.32815,3.20,1.00
2010.09.29 13:22:26.563,1.328,1.32815,3.40,1.00
2010.09.29 13:22:31.250,1.328,1.32815,3.40,1.40
2010.09.29 13:22:31.548,1.328,1.32815,1.00,3.80
2010.09.29 13:22:32.730,1.32795,1.32805,6.40,1.00
2010.09.29 13:22:33.581,1.3279,1.3281,1.00,5.60
2010.09.29 13:22:33.930,1.32785,1.32805,9.00,1.00
2010.09.29 13:22:34.183,1.32785,1.32805,5.00,1.00
2010.09.29 13:22:35.433,1.3279,1.3281,1.00,1.40
2010.09.29 13:22:41.140,1.3279,1.3281,5.60,1.40
2010.09.29 13:22:41.304,1.3279,1.3281,11.20,1.00
2010.09.29 13:22:42.196,1.3279,1.3281,7.20,1.40
2010.09.29 13:22:42.538,1.3279,1.3281,3.20,1.40
2010.09.29 13:22:42.883,1.3279,1.3281,11.40,1.00
2010.09.29 13:22:43.637,1.3279,1.3281,13.00,1.00
2010.09.29 13:22:43.989,1.3279,1.3281,17.00,1.00
2010.09.29 13:22:44.178,1.328,1.3281,2.40,1.00
2010.09.29 13:22:44.353,1.328,1.32815,2.40,3.00
2010.09.29 13:22:45.506,1.32795,1.32815,1.00,3.00
2010.09.29 13:22:46.791,1.32795,1.3281,1.00,1.00
2010.09.29 13:22:51.980,1.32795,1.32815,1.00,3.00
2010.09.29 13:22:55.222,1.32795,1.32815,2.40,1.00
2010.09.29 13:22:55.981,1.32795,1.3282,7.20,12.00
2010.09.29 13:22:56.222,1.328,1.3282,3.20,12.00
2010.09.29 13:22:56.970,1.328,1.3282,3.20,11.40
2010.09.29 13:22:57.321,1.32805,1.3282,1.00,6.60
2010.09.29 13:22:58.524,1.32805,1.3282,1.00,5.00
2010.09.29 13:22:59.622,1.328,1.3282,4.00,5.00
2010.09.29 13:22:59.836,1.328,1.3282,4.00,6.60
2010.09.29 13:23:00.400,1.32805,1.3282,1.60,6.60
2010.09.29 13:23:00.797,1.32805,1.3282,1.00,6.60
2010.09.29 13:23:00.993,1.328,1.3282,4.00,6.60
2010.09.29 13:23:01.680,1.328,1.3282,4.00,8.00
2010.09.29 13:23:04.462,1.32805,1.3282,1.00,6.60
2010.09.29 13:23:04.990,1.32805,1.3282,3.20,4.20
2010.09.29 13:23:05.305,1.32805,1.3282,3.20,2.60
2010.09.29 13:23:05.905,1.32805,1.3282,2.40,2.60
2010.09.29 13:23:06.211,1.32805,1.3282,1.00,3.20
2010.09.29 13:23:06.997,1.32805,1.32825,5.00,7.60
2010.09.29 13:23:07.309,1.32805,1.32825,6.60,6.00
2010.09.29 13:23:07.557,1.32805,1.3282,5.60,1.00
2010.09.29 13:23:07.797,1.32805,1.3282,6.40,1.00
2010.09.29 13:23:08.037,1.32815,1.32825,1.00,1.00
2010.09.29 13:23:09.095,1.32815,1.32825,1.00,2.40
2010.09.29 13:23:09.453,1.32815,1.32825,1.00,1.00
2010.09.29 13:23:09.544,1.32815,1.32825,3.20,1.00
2010.09.29 13:23:09.631,1.32815,1.3283,3.20,2.20
2010.09.29 13:23:09.814,1.32815,1.3283,3.20,3.00
2010.09.29 13:23:09.903,1.32815,1.3283,4.80,1.40
2010.09.29 13:23:10.452,1.32815,1.3283,3.20,3.00
2010.09.29 13:23:10.704,1.32815,1.3283,4.00,1.00
2010.09.29 13:23:12.396,1.32815,1.3283,1.60,3.40
2010.09.29 13:23:12.643,1.32815,1.3283,1.00,3.40
2010.09.29 13:23:13.425,1.3281,1.3283,6.40,5.60
2010.09.29 13:23:14.123,1.3281,1.3283,5.60,5.60
2010.09.29 13:23:15.268,1.3281,1.3283,6.40,5.60
2010.09.29 13:23:15.616,1.32815,1.3283,1.00,5.00
2010.09.29 13:23:16.610,1.32815,1.3283,1.60,5.00
2010.09.29 13:23:16.835,1.32815,1.32825,1.60,1.00
2010.09.29 13:23:17.064,1.32815,1.32825,1.00,1.00
2010.09.29 13:23:17.293,1.3281,1.32825,4.00,1.00
2010.09.29 13:23:18.021,1.3281,1.3283,4.00,7.00
2010.09.29 13:23:20.017,1.3281,1.3283,5.60,5.40
2010.09.29 13:23:26.704,1.3281,1.3283,6.40,4.80
2010.09.29 13:23:27.437,1.32815,1.3283,3.20,3.20
2010.09.29 13:23:27.665,1.32815,1.3283,4.00,1.00
2010.09.29 13:23:27.964,1.32815,1.32825,4.00,1.00
2010.09.29 13:23:29.282,1.32815,1.3283,5.60,1.00
2010.09.29 13:23:29.846,1.32815,1.3283,5.60,1.00
2010.09.29 13:23:33.197,1.32815,1.32825,5.60,1.00
2010.09.29 13:23:33.337,1.32815,1.3283,2.40,2.00
2010.09.29 13:23:34.001,1.3281,1.3283,13.60,4.40
2010.09.29 13:23:34.302,1.3281,1.3283,5.60,6.00
2010.09.29 13:23:35.467,1.32815,1.3283,1.00,5.40
2010.09.29 13:23:35.714,1.32805,1.32825,3.20,1.00
2010.09.29 13:23:35.955,1.32805,1.3283,1.60,18.00
2010.09.29 13:23:37.444,1.32805,1.3283,1.60,10.00
2010.09.29 13:23:38.293,1.32805,1.32825,1.60,1.40
2010.09.29 13:23:38.733,1.32805,1.32825,1.60,3.00
2010.09.29 13:23:41.386,1.328,1.3282,2.40,6.40
2010.09.29 13:23:42.868,1.328,1.3282,2.40,14.80
2010.09.29 13:23:47.072,1.328,1.3282,2.40,15.60
2010.09.29 13:23:53.645,1.328,1.3281,2.40,1.60
2010.09.29 13:24:02.429,1.328,1.3281,1.00,1.60
2010.09.29 13:24:02.717,1.32795,1.3281,1.60,1.60
2010.09.29 13:24:03.006,1.32795,1.3281,1.60,3.00
2010.09.29 13:24:03.881,1.3279,1.3281,6.60,7.00
2010.09.29 13:24:04.227,1.3279,1.32805,6.60,1.00
2010.09.29 13:24:05.903,1.3279,1.3281,7.40,7.00
2010.09.29 13:24:06.500,1.3279,1.3281,7.40,3.00
2010.09.29 13:24:07.021,1.32795,1.3281,1.60,2.20
2010.09.29 13:24:10.930,1.3279,1.3281,13.80,3.00
2010.09.29 13:24:13.051,1.3279,1.3281,6.60,2.20
2010.09.29 13:24:13.278,1.3279,1.3281,10.60,2.20
2010.09.29 13:24:14.053,1.3279,1.3281,6.60,2.20
2010.09.29 13:24:16.620,1.3279,1.3281,8.20,2.20
2010.09.29 13:24:16.846,1.32795,1.3281,1.60,2.20
2010.09.29 13:24:16.978,1.32795,1.3281,2.40,1.60
2010.09.29 13:24:17.881,1.32795,1.3281,3.20,1.60
2010.09.29 13:24:23.852,1.32795,1.3281,2.40,1.60
2010.09.29 13:24:24.729,1.32795,1.3281,1.60,2.20
2010.09.29 13:24:27.281,1.32795,1.3281,3.20,1.60
2010.09.29 13:24:31.561,1.32795,1.3281,1.60,1.60
2010.09.29 13:24:31.795,1.32795,1.3281,1.60,2.20
2010.09.29 13:24:42.460,1.32795,1.3281,2.40,1.60
2010.09.29 13:24:43.343,1.32795,1.3281,3.20,1.60
2010.09.29 13:24:44.235,1.328,1.3281,1.60,1.60
2010.09.29 13:24:45.462,1.32795,1.3281,9.60,1.60
2010.09.29 13:24:47.523,1.32795,1.3281,3.20,1.60
2010.09.29 13:24:49.802,1.328,1.3281,1.60,1.60
2010.09.29 13:24:50.980,1.328,1.3281,1.00,1.60
2010.09.29 13:24:51.205,1.3279,1.3281,7.20,1.60
2010.09.29 13:24:51.915,1.3279,1.3281,12.00,1.60
2010.09.29 13:24:52.129,1.32795,1.3281,1.00,1.60
2010.09.29 13:24:52.482,1.32795,1.3281,3.20,1.60
2010.09.29 13:24:54.028,1.328,1.3281,1.00,1.60
2010.09.29 13:24:54.841,1.32795,1.3281,3.20,1.60
2010.09.29 13:24:58.535,1.328,1.3281,1.60,1.60
2010.09.29 13:24:58.784,1.328,1.3281,1.00,1.60
2010.09.29 13:24:59.037,1.32795,1.3281,3.20,1.60
2010.09.29 13:24:59.800,1.3279,1.3281,11.20,1.60
2010.09.29 13:25:00.109,1.32795,1.3281,2.40,1.60
2010.09.29 13:25:02.232,1.32795,1.3281,1.60,1.60
2010.09.29 13:25:04.568,1.3279,1.3281,7.20,1.60
2010.09.29 13:25:04.861,1.3279,1.32805,5.60,1.00
2010.09.29 13:25:06.680,1.3279,1.32805,4.00,1.00
2010.09.29 13:25:06.973,1.3279,1.32805,4.00,3.00
2010.09.29 13:25:07.549,1.3279,1.32805,4.00,5.40
2010.09.29 13:25:07.725,1.3278,1.32795,5.60,1.60
2010.09.29 13:25:08.551,1.3278,1.32795,5.80,1.60
2010.09.29 13:25:10.275,1.3278,1.32795,5.80,4.00
2010.09.29 13:25:10.645,1.3278,1.32795,3.40,5.40
2010.09.29 13:25:11.755,1.3278,1.32795,3.40,3.00
2010.09.29 13:25:12.067,1.3278,1.32795,3.40,1.60
2010.09.29 13:25:13.481,1.3278,1.32795,5.00,1.60
2010.09.29 13:25:13.810,1.3278,1.32795,5.80,1.60
2010.09.29 13:25:16.282,1.3278,1.32795,4.20,3.20
2010.09.29 13:25:17.095,1.32775,1.3279,1.00,8.60
2010.09.29 13:25:17.329,1.32775,1.32785,1.00,4.00
2010.09.29 13:25:18.058,1.3277,1.32785,8.60,4.00
2010.09.29 13:25:18.672,1.3277,1.32785,7.00,4.00
2010.09.29 13:25:19.743,1.3277,1.3279,7.00,9.40
2010.09.29 13:25:21.872,1.3277,1.3279,6.20,9.40
2010.09.29 13:25:21.976,1.3277,1.3279,4.00,11.00
2010.09.29 13:25:22.082,1.32765,1.32785,8.60,1.00
2010.09.29 13:25:22.186,1.32765,1.32785,8.60,2.20
2010.09.29 13:25:22.393,1.32765,1.32785,7.80,2.20
2010.09.29 13:25:23.053,1.32765,1.32785,6.20,3.00
2010.09.29 13:25:23.374,1.3276,1.32775,6.40,1.60
2010.09.29 13:25:24.493,1.3277,1.32785,1.00,3.00
2010.09.29 13:25:25.175,1.32765,1.32785,1.00,3.00
2010.09.29 13:25:28.132,1.32765,1.3278,1.00,1.00
2010.09.29 13:25:28.596,1.3276,1.3278,5.20,1.00
2010.09.29 13:25:28.852,1.3276,1.3278,4.80,1.40
2010.09.29 13:25:30.018,1.3276,1.32775,3.20,1.00
2010.09.29 13:25:30.129,1.3276,1.32775,1.60,2.20
2010.09.29 13:25:30.242,1.32755,1.3277,3.20,1.60
2010.09.29 13:25:33.645,1.32755,1.32765,1.00,1.00
2010.09.29 13:25:34.013,1.3275,1.32765,4.20,3.80
2010.09.29 13:25:34.836,1.3275,1.3276,2.60,4.00
2010.09.29 13:25:35.192,1.3275,1.32765,2.60,11.80
2010.09.29 13:25:36.309,1.3275,1.32765,2.60,7.80
2010.09.29 13:25:36.851,1.3275,1.32765,2.60,11.80
2010.09.29 13:25:37.034,1.3275,1.32765,2.60,7.80
2010.09.29 13:25:37.876,1.32745,1.3276,5.40,6.40
2010.09.29 13:25:38.231,1.32745,1.3276,4.20,6.40
2010.09.29 13:25:38.574,1.32745,1.3276,4.20,2.40
2010.09.29 13:25:40.623,1.32745,1.3276,5.00,2.40
2010.09.29 13:25:41.048,1.32745,1.3276,7.00,2.40
2010.09.29 13:25:41.936,1.32745,1.3276,5.00,2.40
2010.09.29 13:25:42.292,1.32745,1.3276,4.80,2.40
2010.09.29 13:25:43.009,1.32745,1.3276,1.60,4.00
2010.09.29 13:25:43.226,1.3274,1.3275,1.60,1.60
2010.09.29 13:25:43.578,1.3274,1.3275,1.60,4.00
2010.09.29 13:25:44.686,1.3274,1.32755,2.40,12.00
2010.09.29 13:25:44.970,1.3274,1.32755,1.60,12.00
2010.09.29 13:25:45.748,1.32745,1.32755,1.00,1.60
2010.09.29 13:25:46.065,1.32745,1.3276,1.00,7.80
2010.09.29 13:25:46.382,1.32735,1.32745,7.40,1.60
2010.09.29 13:25:47.224,1.32735,1.3275,1.80,6.20
2010.09.29 13:25:47.556,1.32725,1.3274,2.40,4.00
2010.09.29 13:25:48.388,1.3272,1.32735,3.20,2.40
2010.09.29 13:25:48.745,1.32715,1.32735,4.20,3.00
2010.09.29 13:25:49.945,1.32715,1.3273,4.20,1.00
2010.09.29 13:25:52.968,1.32715,1.3273,2.40,4.60
2010.09.29 13:25:53.319,1.3271,1.32725,6.40,1.00
2010.09.29 13:25:54.102,1.3271,1.32725,4.80,2.20
2010.09.29 13:25:54.400,1.3271,1.3272,1.00,1.40
2010.09.29 13:25:55.510,1.3271,1.32725,5.00,2.20
2010.09.29 13:25:56.740,1.3271,1.32725,5.00,3.00
2010.09.29 13:25:58.654,1.32715,1.32725,1.00,2.20
2010.09.29 13:25:58.756,1.3271,1.32725,5.40,1.00
2010.09.29 13:25:58.859,1.32715,1.32725,1.60,1.00
2010.09.29 13:25:58.955,1.32715,1.3273,1.60,7.00
2010.09.29 13:25:59.654,1.32715,1.3273,1.60,3.00
2010.09.29 13:26:01.600,1.32715,1.3273,1.60,5.40
2010.09.29 13:26:01.812,1.32715,1.3273,1.60,2.20
2010.09.29 13:26:02.508,1.32715,1.3273,5.60,1.60
2010.09.29 13:26:02.838,1.3272,1.32735,4.00,1.60
2010.09.29 13:26:03.653,1.3272,1.32735,3.20,1.60
2010.09.29 13:26:04.678,1.32725,1.3274,1.00,2.20
2010.09.29 13:26:05.413,1.32725,1.3274,2.40,1.60
2010.09.29 13:26:07.345,1.3272,1.32735,5.60,1.60
2010.09.29 13:26:08.158,1.32715,1.3273,1.80,1.00
2010.09.29 13:26:08.970,1.32715,1.3273,3.40,1.00
2010.09.29 13:26:09.333,1.32715,1.32735,5.00,2.20
2010.09.29 13:26:09.959,1.32715,1.32735,5.80,3.00
2010.09.29 13:26:11.954,1.3272,1.32735,1.00,3.00
2010.09.29 13:26:12.687,1.3272,1.32735,4.80,1.60
2010.09.29 13:26:12.892,1.3272,1.32735,2.40,1.60
2010.09.29 13:26:13.766,1.32725,1.3274,1.60,6.20
2010.09.29 13:26:14.127,1.32725,1.3274,1.60,2.20
2010.09.29 13:26:15.238,1.3273,1.32745,3.20,1.60
2010.09.29 13:26:16.896,1.32725,1.3274,3.20,1.60
2010.09.29 13:26:17.723,1.32725,1.3274,2.40,2.20
2010.09.29 13:26:18.037,1.3272,1.3274,9.00,2.20
2010.09.29 13:26:19.532,1.3273,1.32745,1.00,2.20
2010.09.29 13:26:19.850,1.3273,1.32745,1.00,6.20
2010.09.29 13:26:20.167,1.32725,1.32745,4.20,6.20
2010.09.29 13:26:20.916,1.32725,1.32745,5.00,6.20
2010.09.29 13:26:21.274,1.3273,1.3275,7.40,3.00
2010.09.29 13:26:22.186,1.3274,1.32755,1.00,4.60
2010.09.29 13:26:22.378,1.32735,1.3275,1.00,3.00
2010.09.29 13:26:23.211,1.32735,1.3275,1.00,3.80
2010.09.29 13:26:23.566,1.3273,1.3275,6.40,7.00
2010.09.29 13:26:23.902,1.3273,1.3275,5.60,7.00
2010.09.29 13:26:25.130,1.3273,1.3275,6.40,7.00
2010.09.29 13:26:25.799,1.3273,1.32745,5.60,1.00
2010.09.29 13:26:26.095,1.3273,1.3275,7.40,7.00
2010.09.29 13:26:26.386,1.3273,1.3275,8.20,6.20
2010.09.29 13:26:32.203,1.32735,1.3275,1.00,5.60
2010.09.29 13:26:32.433,1.32735,1.3275,1.60,4.00
2010.09.29 13:26:34.974,1.32735,1.32745,1.00,2.40
2010.09.29 13:26:35.095,1.3273,1.3275,9.00,4.00
2010.09.29 13:26:35.635,1.3273,1.3275,9.00,8.00
2010.09.29 13:26:35.891,1.3273,1.3275,9.00,10.20
2010.09.29 13:26:36.131,1.32735,1.32755,1.00,8.60
2010.09.29 13:26:36.366,1.32735,1.32755,1.00,8.60
2010.09.29 13:26:37.073,1.3273,1.3275,13.00,1.40
2010.09.29 13:26:37.383,1.3273,1.3275,12.20,3.00
2010.09.29 13:26:38.774,1.32735,1.3275,2.40,3.00
2010.09.29 13:26:39.124,1.32735,1.3275,9.00,1.00
2010.09.29 13:26:40.384,1.32735,1.3275,5.00,1.00
2010.09.29 13:26:40.753,1.32735,1.32755,5.00,4.60
2010.09.29 13:26:41.636,1.32735,1.3275,3.80,1.60
2010.09.29 13:26:41.959,1.32735,1.32755,2.40,3.00
2010.09.29 13:26:47.045,1.32735,1.32755,3.20,3.00
2010.09.29 13:26:47.864,1.32735,1.32755,3.20,2.20
2010.09.29 13:26:48.179,1.3274,1.32755,1.00,1.60
2010.09.29 13:26:48.999,1.32745,1.3276,3.20,1.00
2010.09.29 13:26:49.326,1.32755,1.3277,1.00,1.60
2010.09.29 13:26:50.556,1.32755,1.32775,2.40,2.20
2010.09.29 13:26:51.393,1.32755,1.3277,2.40,1.60
2010.09.29 13:26:51.744,1.3275,1.3277,6.40,3.20
2010.09.29 13:26:52.090,1.3275,1.3277,6.40,3.80
2010.09.29 13:26:53.126,1.32745,1.32765,1.80,5.40
2010.09.29 13:26:53.397,1.32745,1.3276,1.80,1.40
2010.09.29 13:27:00.118,1.32745,1.3276,1.60,3.80
2010.09.29 13:27:00.312,1.3274,1.3276,6.40,4.60
2010.09.29 13:27:01.023,1.3274,1.3276,2.40,1.40
2010.09.29 13:27:03.479,1.3274,1.3276,3.20,1.40
2010.09.29 13:27:04.190,1.32745,1.3276,1.00,1.40
2010.09.29 13:27:05.048,1.3277,1.32775,1.00,3.20
2010.09.29 13:27:05.404,1.3276,1.32765,1.00,1.60
2010.09.29 13:27:06.458,1.3276,1.32775,8.80,3.20
2010.09.29 13:27:06.796,1.32755,1.3277,5.60,1.60
2010.09.29 13:27:07.367,1.32755,1.32765,5.60,1.60
2010.09.29 13:27:07.708,1.32755,1.32765,1.00,1.60
2010.09.29 13:27:08.028,1.3275,1.3276,4.80,3.20
2010.09.29 13:27:08.787,1.3275,1.32765,1.60,3.40
2010.09.29 13:27:09.149,1.32735,1.32755,1.00,2.20
2010.09.29 13:27:09.973,1.32735,1.32755,1.00,3.80
2010.09.29 13:27:11.534,1.32735,1.32755,2.40,1.40
2010.09.29 13:27:11.885,1.3273,1.3275,7.20,5.40
2010.09.29 13:27:13.144,1.32735,1.32755,6.80,2.20
2010.09.29 13:27:13.380,1.3275,1.32765,3.20,1.00
2010.09.29 13:27:14.987,1.3275,1.32765,4.80,1.00
2010.09.29 13:27:16.006,1.32755,1.3277,2.60,2.40
2010.09.29 13:27:16.327,1.3276,1.3278,5.60,3.80
2010.09.29 13:27:17.096,1.3276,1.3278,1.60,2.20
2010.09.29 13:27:17.364,1.3276,1.3278,1.60,1.00
2010.09.29 13:27:18.576,1.3276,1.32775,1.60,1.60
2010.09.29 13:27:19.982,1.32765,1.3278,1.60,2.20
2010.09.29 13:27:20.175,1.3277,1.32785,2.40,3.80
2010.09.29 13:27:20.380,1.3277,1.32785,2.40,2.20
2010.09.29 13:27:20.581,1.3277,1.3278,2.40,1.60
2010.09.29 13:27:21.138,1.3277,1.3278,2.40,3.20
2010.09.29 13:27:21.487,1.32775,1.32785,1.00,3.20
2010.09.29 13:27:23.201,1.32775,1.32785,1.60,3.20
2010.09.29 13:27:23.981,1.32775,1.32785,1.60,1.60
2010.09.29 13:27:25.535,1.3277,1.32785,9.00,3.20
2010.09.29 13:27:26.429,1.3277,1.32785,5.00,3.20
2010.09.29 13:27:26.784,1.3277,1.32785,9.00,3.20
2010.09.29 13:27:27.127,1.32775,1.32785,1.00,3.20
2010.09.29 13:27:27.977,1.32775,1.32785,1.60,3.20
2010.09.29 13:27:28.357,1.32775,1.32785,1.60,1.60
2010.09.29 13:27:29.640,1.32775,1.32785,1.00,1.60
2010.09.29 13:27:30.588,1.3277,1.32785,9.00,1.60
2010.09.29 13:27:39.065,1.32775,1.32785,1.00,1.60
2010.09.29 13:27:39.334,1.3277,1.3278,1.00,1.60
2010.09.29 13:27:40.114,1.32765,1.32775,2.40,1.60
2010.09.29 13:27:40.463,1.32765,1.32775,1.60,1.60
2010.09.29 13:27:43.165,1.3277,1.32775,1.60,1.60
2010.09.29 13:27:43.330,1.3277,1.3278,1.60,1.60
2010.09.29 13:27:44.178,1.3277,1.3278,1.00,1.60
2010.09.29 13:27:45.861,1.32765,1.32775,1.60,1.60
2010.09.29 13:27:51.474,1.32765,1.32775,1.00,1.60
2010.09.29 13:27:52.173,1.3276,1.32775,1.60,1.60
2010.09.29 13:27:52.359,1.3276,1.32775,1.00,2.20
2010.09.29 13:27:53.753,1.3276,1.32775,1.00,1.60
2010.09.29 13:27:54.560,1.3276,1.32775,1.60,1.60
2010.09.29 13:27:55.650,1.3276,1.32775,1.00,1.60
2010.09.29 13:28:05.215,1.3275,1.32765,6.40,1.60
2010.09.29 13:28:05.410,1.3275,1.32765,5.60,1.60
2010.09.29 13:28:06.120,1.3275,1.32765,6.40,1.60
2010.09.29 13:28:06.428,1.3275,1.32765,7.20,1.60
2010.09.29 13:28:09.631,1.3275,1.32765,6.40,1.60
2010.09.29 13:28:10.801,1.32755,1.32765,1.00,1.60
2010.09.29 13:28:12.729,1.3276,1.3277,1.00,1.60
2010.09.29 13:28:12.979,1.32755,1.3277,3.40,1.60
2010.09.29 13:28:13.740,1.32755,1.3277,3.20,1.60
2010.09.29 13:28:15.798,1.32755,1.3277,3.80,1.60
2010.09.29 13:28:15.927,1.32755,1.32775,3.80,6.20
2010.09.29 13:28:16.185,1.3276,1.32775,1.00,5.60
2010.09.29 13:28:17.176,1.3276,1.32775,1.00,1.60
2010.09.29 13:28:20.044,1.32755,1.3277,3.20,1.60
2010.09.29 13:28:23.965,1.3275,1.3277,2.40,5.40
2010.09.29 13:28:24.982,1.3275,1.3277,1.60,5.40
2010.09.29 13:28:34.364,1.3275,1.3277,1.00,15.60
2010.09.29 13:28:34.636,1.32745,1.32765,3.20,1.40
2010.09.29 13:28:35.192,1.32745,1.32765,1.60,2.00
2010.09.29 13:28:35.813,1.32745,1.32765,1.60,1.40
2010.09.29 13:28:36.164,1.32745,1.3276,1.60,2.40
2010.09.29 13:28:37.067,1.32735,1.32755,3.40,1.40
2010.09.29 13:28:39.475,1.32735,1.32755,5.80,1.40
2010.09.29 13:28:40.260,1.32735,1.32755,3.40,1.40
2010.09.29 13:28:40.503,1.3274,1.32765,3.20,3.80
2010.09.29 13:28:41.785,1.3274,1.3276,4.00,2.40
2010.09.29 13:28:42.805,1.3274,1.3276,3.20,3.00
2010.09.29 13:28:43.665,1.3274,1.3276,1.00,3.80
2010.09.29 13:28:44.737,1.3274,1.3276,1.00,3.00
2010.09.29 13:28:45.575,1.3274,1.3276,1.00,3.80
2010.09.29 13:28:46.949,1.3274,1.3276,1.60,3.80
2010.09.29 13:28:47.108,1.3274,1.3276,6.40,3.00
2010.09.29 13:28:47.424,1.32745,1.3276,1.60,3.00
2010.09.29 13:28:49.254,1.3274,1.3276,8.20,3.00
2010.09.29 13:28:51.132,1.32745,1.3276,1.60,3.00
2010.09.29 13:28:51.374,1.32745,1.3276,1.60,2.40
2010.09.29 13:28:51.733,1.32745,1.32765,1.60,1.40
2010.09.29 13:28:52.461,1.3275,1.3277,1.00,9.30
2010.09.29 13:28:52.674,1.3275,1.3277,1.00,12.40
2010.09.29 13:28:53.074,1.3275,1.3277,1.60,12.40
2010.09.29 13:28:56.025,1.3275,1.3277,1.60,11.60
2010.09.29 13:28:56.614,1.3275,1.3276,1.60,1.60
2010.09.29 13:29:01.685,1.32745,1.32755,6.40,1.60
2010.09.29 13:29:01.896,1.32745,1.32755,1.00,1.60
2010.09.29 13:29:04.211,1.32735,1.32755,1.00,5.40
2010.09.29 13:29:05.676,1.32735,1.3275,1.00,1.00
2010.09.29 13:29:08.060,1.3273,1.32735,1.60,1.60
2010.09.29 13:29:08.934,1.3272,1.32735,3.20,1.60
2010.09.29 13:29:09.277,1.32725,1.3274,3.20,1.60
2010.09.29 13:29:10.049,1.3273,1.3274,1.60,1.60
2010.09.29 13:29:10.322,1.32725,1.32735,3.20,1.60
2010.09.29 13:29:11.883,1.32725,1.32735,2.40,1.60
2010.09.29 13:29:13.280,1.32725,1.32735,1.00,1.60
2010.09.29 13:29:14.697,1.32725,1.3274,3.20,1.60
2010.09.29 13:29:15.582,1.32725,1.3274,1.00,1.60
2010.09.29 13:29:15.766,1.3272,1.3274,10.60,2.20
2010.09.29 13:29:16.121,1.3272,1.3274,6.60,2.20
2010.09.29 13:29:16.635,1.3272,1.3274,10.60,2.20
2010.09.29 13:29:16.996,1.3272,1.3274,6.60,2.20
2010.09.29 13:29:19.854,1.3272,1.3274,6.60,1.60
2010.09.29 13:29:20.202,1.32725,1.3274,2.40,1.60
2010.09.29 13:29:25.132,1.3272,1.3274,8.20,2.20
2010.09.29 13:29:25.254,1.3272,1.3274,7.40,2.20
2010.09.29 13:29:25.482,1.3272,1.3274,7.40,3.00
2010.09.29 13:29:26.582,1.3272,1.32735,6.60,1.00
2010.09.29 13:29:28.164,1.3272,1.32735,4.20,3.80
2010.09.29 13:29:29.656,1.3272,1.32735,2.60,3.80
2010.09.29 13:29:30.750,1.3272,1.3273,4.00,1.40
2010.09.29 13:29:30.969,1.32715,1.3273,6.60,1.50
2010.09.29 13:29:31.529,1.32715,1.3273,4.20,3.90
2010.09.29 13:29:31.890,1.3272,1.3273,1.80,1.40
2010.09.29 13:29:32.236,1.32715,1.32725,6.40,1.60
2010.09.29 13:29:33.030,1.3271,1.32725,2.20,4.60
2010.09.29 13:29:33.349,1.3271,1.32725,1.40,5.40
2010.09.29 13:29:36.174,1.3271,1.32725,3.80,3.00
2010.09.29 13:29:36.624,1.3271,1.32725,3.80,2.20
2010.09.29 13:29:37.348,1.3271,1.32725,5.40,2.20
2010.09.29 13:29:39.318,1.3271,1.32725,5.40,1.00
2010.09.29 13:29:39.618,1.3271,1.3273,7.00,7.30
2010.09.29 13:29:42.135,1.3271,1.3273,7.00,6.50
2010.09.29 13:29:42.383,1.32715,1.32735,1.00,11.60
2010.09.29 13:29:42.625,1.3272,1.3274,1.00,5.20
2010.09.29 13:29:43.672,1.3272,1.3274,1.60,3.00
2010.09.29 13:29:45.483,1.3272,1.3274,1.60,5.40
2010.09.29 13:29:46.321,1.3272,1.3274,1.00,5.40
2010.09.29 13:29:46.573,1.3272,1.3274,1.00,3.00
2010.09.29 13:29:46.823,1.3272,1.3274,3.20,1.40
2010.09.29 13:29:47.559,1.3273,1.32745,1.00,1.80
2010.09.29 13:29:47.914,1.32725,1.32745,1.60,4.00
2010.09.29 13:29:49.460,1.3272,1.3274,1.60,1.00
2010.09.29 13:29:53.109,1.32725,1.32745,1.00,4.80
2010.09.29 13:29:53.160,1.32725,1.32745,1.00,5.60
2010.09.29 13:29:53.792,1.32725,1.32745,1.00,4.80
2010.09.29 13:29:57.485,1.32725,1.3274,1.60,1.60
2010.09.29 13:29:58.306,1.3271,1.3273,9.60,6.30
2010.09.29 13:29:58.608,1.3271,1.32725,7.20,1.00
2010.09.29 13:29:58.875,1.3271,1.32725,3.20,1.00
2010.09.29 13:29:59.646,1.32715,1.3273,1.00,1.00
2010.09.29 13:30:00.495,1.3271,1.3273,11.20,2.20
2010.09.29 13:30:00.866,1.3271,1.3272,1.00,1.40
2010.09.29 13:30:01.360,1.327,1.3272,4.80,1.40
2010.09.29 13:30:01.716,1.327,1.3272,6.40,1.40
2010.09.29 13:30:02.264,1.327,1.3272,1.00,1.40
2010.09.29 13:30:05.402,1.3269,1.32705,4.80,1.40
2010.09.29 13:30:06.241,1.32695,1.3271,1.60,3.80
2010.09.29 13:30:06.554,1.3269,1.3271,7.40,1.40
2010.09.29 13:30:08.254,1.327,1.32715,1.00,8.60
2010.09.29 13:30:08.484,1.327,1.32715,1.00,4.60
2010.09.29 13:30:09.232,1.32695,1.32715,3.20,1.40
2010.09.29 13:30:09.577,1.32695,1.32715,1.00,1.40
2010.09.29 13:30:10.117,1.32695,1.3271,1.00,1.00
2010.09.29 13:30:10.452,1.3269,1.3271,12.20,1.00
2010.09.29 13:30:11.272,1.3269,1.3271,16.20,1.00
2010.09.29 13:30:11.618,1.3269,1.3271,8.20,4.60
2010.09.29 13:30:12.841,1.3269,1.3271,8.20,1.40
2010.09.29 13:30:13.193,1.3269,1.3271,7.40,1.40
2010.09.29 13:30:15.720,1.3269,1.3271,5.00,1.40
2010.09.29 13:30:15.998,1.3269,1.3271,5.80,1.40
2010.09.29 13:30:17.257,1.3269,1.3271,7.40,1.40
2010.09.29 13:30:17.545,1.3269,1.3271,5.80,1.40
2010.09.29 13:30:20.103,1.327,1.3271,1.80,8.80
2010.09.29 13:30:20.268,1.32705,1.32725,5.80,14.20
2010.09.29 13:30:20.421,1.32705,1.3272,4.80,2.40
2010.09.29 13:30:20.566,1.32705,1.3272,6.60,1.60
2010.09.29 13:30:21.166,1.3271,1.3272,1.00,2.20
2010.09.29 13:30:21.527,1.32705,1.3272,3.40,1.40
2010.09.29 13:30:23.133,1.32705,1.3272,3.80,1.40
2010.09.29 13:30:29.640,1.32705,1.3272,3.80,3.00
2010.09.29 13:30:30.446,1.327,1.32705,1.60,3.00
2010.09.29 13:30:30.981,1.32695,1.327,8.00,1.00
2010.09.29 13:30:31.705,1.32685,1.327,3.80,3.00
2010.09.29 13:30:32.022,1.32685,1.327,5.40,3.00
2010.09.29 13:30:32.793,1.3269,1.327,1.00,1.60
2010.09.29 13:30:33.145,1.3269,1.32705,3.00,3.80
2010.09.29 13:30:38.955,1.3269,1.32695,1.00,1.60
2010.09.29 13:30:39.283,1.32685,1.327,1.00,8.00
2010.09.29 13:30:40.125,1.3268,1.327,1.60,14.30
2010.09.29 13:30:41.336,1.32675,1.3269,1.60,1.00
2010.09.29 13:30:42.143,1.32675,1.3269,1.00,5.90
2010.09.29 13:30:42.852,1.3267,1.32685,3.20,2.40
2010.09.29 13:30:43.720,1.3267,1.32685,1.60,2.40
2010.09.29 13:30:45.204,1.3267,1.32685,1.00,6.40
2010.09.29 13:30:45.816,1.3267,1.32675,1.00,1.60
2010.09.29 13:30:46.331,1.32665,1.3267,3.20,1.00
2010.09.29 13:30:46.671,1.32655,1.3268,9.80,5.40
2010.09.29 13:30:46.844,1.32655,1.3268,9.80,4.60
2010.09.29 13:30:47.026,1.3266,1.3268,1.00,4.60
2010.09.29 13:30:47.883,1.3266,1.3268,1.00,3.00
2010.09.29 13:30:50.056,1.3266,1.32665,1.00,3.20
2010.09.29 13:30:50.243,1.32645,1.32665,8.00,6.30
2010.09.29 13:30:50.582,1.32645,1.32665,8.20,6.50
2010.09.29 13:30:51.964,1.32645,1.32665,5.80,3.20
2010.09.29 13:30:52.739,1.32645,1.3266,4.80,1.00
2010.09.29 13:30:53.094,1.32645,1.3266,1.60,2.60
2010.09.29 13:30:53.947,1.32655,1.3266,1.00,1.80
2010.09.29 13:30:54.310,1.3266,1.32675,1.00,1.00
2010.09.29 13:30:55.170,1.3266,1.32675,1.00,1.00
2010.09.29 13:30:55.528,1.3266,1.3268,1.00,3.80
2010.09.29 13:30:56.218,1.3266,1.3268,1.60,3.80
2010.09.29 13:30:57.084,1.3266,1.3268,1.60,2.20
2010.09.29 13:31:00.660,1.3266,1.32675,1.60,1.80
2010.09.29 13:31:01.550,1.32655,1.32675,1.60,3.00
2010.09.29 13:31:01.903,1.3266,1.32675,1.00,1.60
2010.09.29 13:31:02.779,1.32655,1.32675,1.00,2.40
2010.09.29 13:31:03.042,1.32655,1.32675,1.00,2.20
2010.09.29 13:31:03.846,1.32655,1.32675,1.00,3.00
2010.09.29 13:31:06.596,1.32655,1.32675,1.00,11.00
2010.09.29 13:31:07.425,1.32655,1.3267,4.00,1.00
2010.09.29 13:31:07.624,1.32655,1.3267,4.00,2.90
2010.09.29 13:31:08.357,1.3265,1.3267,1.60,8.50
2010.09.29 13:31:08.712,1.3265,1.3267,1.00,10.10
2010.09.29 13:31:09.897,1.3264,1.3266,7.40,1.00
2010.09.29 13:31:10.154,1.32645,1.32665,2.40,1.40
2010.09.29 13:31:11.025,1.32645,1.32665,3.20,1.40
2010.09.29 13:31:11.384,1.3264,1.3266,9.80,1.00
2010.09.29 13:31:11.939,1.3264,1.3266,9.00,1.00
2010.09.29 13:31:12.276,1.3264,1.3266,7.40,1.40
2010.09.29 13:31:12.600,1.3264,1.3266,12.20,1.40
2010.09.29 13:31:13.447,1.32645,1.3266,4.00,1.40
2010.09.29 13:31:15.021,1.3264,1.3266,8.00,1.40
2010.09.29 13:31:15.374,1.3264,1.3266,3.40,1.40
2010.09.29 13:31:16.118,1.3264,1.3266,7.40,1.00
2010.09.29 13:31:16.358,1.3264,1.32665,10.60,5.40
2010.09.29 13:31:16.683,1.3264,1.32665,6.60,5.40
2010.09.29 13:31:17.223,1.3264,1.3266,6.60,1.00
2010.09.29 13:31:18.745,1.3264,1.3266,6.40,1.00
2010.09.29 13:31:19.020,1.3264,1.32655,1.60,1.00
2010.09.29 13:31:20.129,1.32635,1.3266,5.00,3.80
2010.09.29 13:31:20.481,1.32635,1.3266,6.20,3.80
2010.09.29 13:31:20.829,1.3264,1.3266,2.40,1.00
2010.09.29 13:31:21.390,1.3264,1.3266,4.00,1.00
2010.09.29 13:31:21.756,1.3264,1.32665,13.60,13.40
2010.09.29 13:31:22.106,1.32645,1.32665,1.60,13.40
2010.09.29 13:31:24.594,1.32645,1.32665,5.60,9.40
2010.09.29 13:31:24.814,1.32645,1.32665,6.40,7.00
2010.09.29 13:31:25.018,1.32645,1.32665,2.40,11.00
2010.09.29 13:31:25.414,1.32645,1.32665,6.40,7.00
2010.09.29 13:31:26.276,1.32655,1.32675,1.60,11.00
2010.09.29 13:31:26.602,1.32655,1.32675,1.60,3.00
2010.09.29 13:31:27.462,1.32655,1.32675,1.60,1.40
2010.09.29 13:31:30.589,1.32655,1.32675,1.00,2.20
2010.09.29 13:31:31.434,1.32655,1.32675,1.00,1.40
2010.09.29 13:31:31.636,1.32655,1.32675,1.00,2.20
2010.09.29 13:31:31.829,1.32655,1.32675,1.00,6.20
2010.09.29 13:31:32.783,1.32655,1.32675,1.00,1.40
2010.09.29 13:31:34.190,1.32655,1.32675,1.60,1.40
2010.09.29 13:31:36.615,1.32655,1.32665,1.60,1.00
2010.09.29 13:31:37.361,1.3265,1.3266,2.40,1.60
2010.09.29 13:31:37.558,1.3265,1.32665,4.80,1.00
2010.09.29 13:31:39.061,1.3265,1.3267,4.80,10.40
2010.09.29 13:31:39.943,1.3265,1.3267,4.80,12.00
2010.09.29 13:31:40.297,1.32635,1.3265,11.60,5.40
2010.09.29 13:31:41.151,1.32635,1.32645,1.00,1.00
2010.09.29 13:31:41.505,1.3263,1.3265,3.20,11.80
2010.09.29 13:31:47.758,1.32635,1.3265,1.60,8.00
2010.09.29 13:31:48.030,1.32635,1.3265,3.80,4.00
2010.09.29 13:31:48.790,1.3264,1.3266,1.60,2.20
2010.09.29 13:31:49.143,1.3264,1.3266,1.60,1.00
2010.09.29 13:31:50.717,1.3264,1.32665,1.60,4.60
2010.09.29 13:31:51.609,1.32635,1.3265,9.60,2.40
2010.09.29 13:31:51.962,1.3263,1.3265,4.00,3.40
2010.09.29 13:31:52.824,1.3263,1.3265,3.20,3.40
2010.09.29 13:31:53.162,1.3263,1.3265,3.20,1.40
2010.09.29 13:31:53.860,1.32635,1.3265,1.60,3.80
2010.09.29 13:31:54.141,1.3263,1.3265,4.00,11.80
2010.09.29 13:31:54.940,1.3263,1.32645,2.40,1.00
2010.09.29 13:31:55.296,1.32625,1.32645,3.20,8.00
2010.09.29 13:31:55.647,1.32625,1.3265,3.20,16.00
2010.09.29 13:31:57.384,1.32625,1.3264,1.60,1.00
2010.09.29 13:31:57.971,1.32625,1.3264,1.00,1.00
2010.09.29 13:31:58.250,1.32625,1.32645,3.20,1.40
2010.09.29 13:31:59.214,1.32625,1.3264,1.00,1.00
2010.09.29 13:31:59.564,1.32625,1.32645,3.20,4.00
2010.09.29 13:32:00.172,1.3263,1.32645,1.00,4.00
2010.09.29 13:32:00.526,1.3262,1.3264,3.20,1.00
2010.09.29 13:32:01.372,1.3262,1.3264,7.20,1.00
2010.09.29 13:32:01.737,1.32615,1.32635,1.60,1.00
2010.09.29 13:32:02.561,1.32615,1.32635,3.20,1.00
2010.09.29 13:32:02.917,1.3262,1.3264,2.60,2.20
2010.09.29 13:32:03.795,1.32625,1.3264,1.60,1.60
2010.09.29 13:32:04.126,1.32625,1.32645,1.60,1.60
2010.09.29 13:32:05.214,1.3263,1.3265,1.00,12.00
2010.09.29 13:32:05.561,1.3263,1.3265,1.60,1.40
2010.09.29 13:32:08.117,1.3262,1.32645,9.60,1.60
2010.09.29 13:32:08.881,1.3262,1.3264,9.60,1.40
2010.09.29 13:32:09.247,1.3262,1.3264,4.80,1.00
2010.09.29 13:32:10.058,1.3262,1.3264,5.60,1.00
2010.09.29 13:32:10.372,1.32625,1.32645,1.60,3.20
2010.09.29 13:32:12.166,1.3263,1.32645,1.00,1.80
2010.09.29 13:32:13.303,1.32625,1.3264,1.60,1.00
2010.09.29 13:32:14.086,1.32625,1.32645,5.60,1.80
2010.09.29 13:32:14.440,1.32625,1.32645,9.60,1.80
2010.09.29 13:32:15.425,1.32625,1.32645,9.60,1.00
2010.09.29 13:32:16.310,1.32625,1.32645,1.00,1.60
2010.09.29 13:32:18.625,1.3262,1.32635,4.80,6.40
2010.09.29 13:32:18.928,1.32615,1.32635,4.80,1.00
2010.09.29 13:32:19.753,1.32615,1.32635,8.00,1.40
2010.09.29 13:32:20.102,1.32615,1.32635,2.40,1.40
2010.09.29 13:32:20.974,1.32615,1.32635,4.40,1.40
2010.09.29 13:32:21.330,1.32615,1.32635,2.80,1.40
2010.09.29 13:32:21.678,1.32615,1.32635,2.00,1.40
2010.09.29 13:32:23.161,1.32615,1.3263,1.60,1.00
2010.09.29 13:32:24.036,1.3261,1.32625,6.40,1.00
2010.09.29 13:32:24.843,1.3261,1.32625,1.60,1.00
2010.09.29 13:32:25.202,1.3262,1.3264,3.20,2.20
2010.09.29 13:32:26.331,1.3262,1.3264,2.40,1.40
2010.09.29 13:32:26.685,1.3262,1.3264,1.60,1.40
2010.09.29 13:32:27.247,1.3262,1.3264,1.00,1.40
2010.09.29 13:32:27.623,1.3262,1.32645,3.20,3.20
2010.09.29 13:32:28.485,1.3262,1.3264,3.20,1.00
2010.09.29 13:32:30.232,1.3262,1.3264,2.40,1.40
2010.09.29 13:32:31.870,1.3262,1.32635,1.60,1.00
2010.09.29 13:32:33.087,1.3262,1.32635,1.60,1.40
2010.09.29 13:32:33.432,1.3262,1.32635,1.60,1.00
2010.09.29 13:32:34.285,1.32615,1.32635,3.20,1.40
2010.09.29 13:32:34.544,1.32615,1.3263,3.20,1.00
2010.09.29 13:32:36.972,1.32615,1.32635,10.40,1.00
2010.09.29 13:32:37.192,1.3262,1.32635,1.60,1.00
2010.09.29 13:32:37.748,1.3262,1.32635,1.60,1.40
2010.09.29 13:32:38.101,1.32615,1.32635,4.00,1.40
2010.09.29 13:32:39.503,1.32615,1.32635,1.60,1.40
2010.09.29 13:32:40.902,1.32615,1.32635,2.40,1.40
2010.09.29 13:32:42.130,1.32625,1.3264,4.00,1.40
2010.09.29 13:32:42.480,1.3262,1.3264,6.40,1.40
2010.09.29 13:32:43.638,1.3262,1.3264,2.40,1.40
2010.09.29 13:32:43.959,1.32615,1.32635,13.60,1.00
2010.09.29 13:32:44.512,1.32615,1.32635,12.80,1.00
2010.09.29 13:32:44.819,1.32615,1.32635,4.80,1.40
2010.09.29 13:32:45.968,1.32615,1.32635,4.00,1.40
2010.09.29 13:32:46.832,1.32615,1.3263,3.20,1.00
2010.09.29 13:32:47.185,1.3261,1.3263,4.00,1.40
2010.09.29 13:32:47.522,1.32615,1.32635,1.60,1.40
2010.09.29 13:32:48.384,1.32635,1.32655,1.00,3.00
2010.09.29 13:32:48.610,1.32635,1.32655,8.00,3.00
2010.09.29 13:32:49.141,1.32635,1.32655,8.00,1.40
2010.09.29 13:32:49.375,1.3263,1.3265,12.20,8.00
2010.09.29 13:32:50.117,1.32635,1.3265,1.00,8.00
2010.09.29 13:32:50.479,1.32645,1.32655,1.60,4.00
2010.09.29 13:32:51.313,1.3265,1.3266,1.00,4.00
2010.09.29 13:32:51.661,1.3265,1.32665,1.00,4.40
2010.09.29 13:32:52.004,1.32635,1.3265,12.00,1.00
2010.09.29 13:32:52.857,1.3263,1.3265,1.60,7.20
2010.09.29 13:32:53.809,1.3263,1.3265,1.60,5.60
2010.09.29 13:32:54.151,1.32635,1.3265,1.00,4.00
2010.09.29 13:32:55.001,1.32635,1.3265,1.60,4.20
2010.09.29 13:32:56.451,1.32635,1.3265,7.20,1.00
2010.09.29 13:32:57.213,1.32635,1.3265,5.60,1.00
2010.09.29 13:32:59.344,1.32635,1.3265,4.80,1.00
2010.09.29 13:32:59.691,1.32635,1.3265,1.60,1.00
2010.09.29 13:33:00.454,1.32635,1.3265,5.60,1.00
2010.09.29 13:33:02.003,1.32635,1.3265,4.80,1.00
2010.09.29 13:33:02.325,1.3263,1.3265,5.60,1.00
2010.09.29 13:33:02.883,1.32635,1.3265,1.60,1.00
2010.09.29 13:33:03.234,1.32635,1.32655,2.40,12.60
2010.09.29 13:33:04.031,1.32635,1.3265,1.60,2.20
2010.09.29 13:33:04.383,1.3263,1.32645,3.40,1.00
2010.09.29 13:33:05.579,1.32635,1.32645,1.00,1.40
2010.09.29 13:33:05.949,1.3264,1.32655,1.80,1.60
2010.09.29 13:33:06.807,1.32645,1.32655,1.00,1.60
2010.09.29 13:33:07.171,1.3265,1.32665,1.00,1.00
2010.09.29 13:33:07.943,1.3265,1.32665,1.60,1.00
2010.09.29 13:33:08.252,1.32655,1.32665,3.20,1.00
2010.09.29 13:33:08.565,1.3266,1.32665,4.00,1.00
2010.09.29 13:33:09.670,1.3268,1.32695,1.00,10.40
2010.09.29 13:33:10.255,1.3268,1.327,1.60,11.00
2010.09.29 13:33:10.614,1.3268,1.327,1.00,3.00
2010.09.29 13:33:11.508,1.3268,1.327,1.00,6.40
2010.09.29 13:33:12.357,1.32675,1.32695,1.60,1.60
2010.09.29 13:33:12.715,1.32675,1.327,3.20,7.20
2010.09.29 13:33:12.959,1.32675,1.327,3.20,7.60
2010.09.29 13:33:13.729,1.32675,1.32695,3.20,1.00
2010.09.29 13:33:14.954,1.32675,1.32695,3.20,4.60
2010.09.29 13:33:15.802,1.32675,1.3269,2.40,1.00
2010.09.29 13:33:16.174,1.3268,1.327,1.00,16.40
2010.09.29 13:33:16.518,1.3268,1.32695,1.00,4.00
2010.09.29 13:33:18.706,1.32675,1.32695,1.60,5.40
2010.09.29 13:33:19.523,1.32675,1.3269,5.60,2.20
2010.09.29 13:33:19.874,1.3267,1.3269,7.20,7.80
2010.09.29 13:33:20.744,1.3267,1.32685,4.20,1.00
2010.09.29 13:33:21.377,1.3267,1.32685,4.20,1.40
2010.09.29 13:33:22.213,1.3267,1.3269,5.00,8.00
2010.09.29 13:33:22.506,1.3267,1.32685,4.20,1.40
2010.09.29 13:33:23.080,1.3267,1.32675,4.00,1.00
2010.09.29 13:33:23.886,1.32665,1.32675,2.40,4.00
2010.09.29 13:33:24.241,1.32665,1.32685,4.80,7.00
2010.09.29 13:33:26.767,1.3266,1.3268,16.60,1.00
2010.09.29 13:33:27.610,1.3266,1.3268,15.80,1.40
2010.09.29 13:33:27.930,1.3266,1.3268,16.60,1.00
2010.09.29 13:33:28.279,1.32665,1.32685,1.00,5.40
2010.09.29 13:33:28.820,1.32665,1.32685,1.40,5.40
2010.09.29 13:33:29.165,1.32665,1.32685,1.00,1.40
2010.09.29 13:33:30.305,1.32665,1.32685,1.00,1.40
2010.09.29 13:33:30.647,1.3266,1.3268,13.00,1.00
2010.09.29 13:33:31.416,1.3266,1.3268,9.80,1.00
2010.09.29 13:33:31.959,1.3267,1.3269,5.60,3.00
2010.09.29 13:33:32.543,1.3267,1.3269,6.40,3.00
2010.09.29 13:33:32.896,1.3267,1.3269,4.00,3.80
2010.09.29 13:33:33.765,1.3267,1.3269,4.20,4.00
2010.09.29 13:33:34.433,1.3267,1.32685,5.60,1.00
2010.09.29 13:33:35.237,1.32665,1.3268,4.00,1.00
2010.09.29 13:33:35.595,1.3266,1.3268,16.60,1.00
2010.09.29 13:33:37.063,1.3266,1.3268,15.80,1.40
2010.09.29 13:33:38.303,1.3266,1.3268,15.00,1.40
2010.09.29 13:33:38.557,1.3266,1.3268,12.60,1.40
2010.09.29 13:33:39.110,1.3266,1.32675,12.60,1.00
2010.09.29 13:33:39.378,1.3266,1.32675,13.40,1.00
2010.09.29 13:33:40.539,1.3266,1.32675,7.00,1.00
2010.09.29 13:33:42.886,1.3266,1.3268,16.60,1.00
2010.09.29 13:33:43.247,1.32665,1.3268,1.00,1.00
2010.09.29 13:33:43.928,1.3266,1.3268,17.80,1.00
2010.09.29 13:33:44.282,1.3266,1.3268,8.60,1.40
2010.09.29 13:33:45.821,1.32665,1.3268,1.00,1.40
2010.09.29 13:33:46.373,1.3266,1.3268,9.00,1.40
2010.09.29 13:33:46.719,1.32665,1.32685,1.00,1.40
2010.09.29 13:33:47.557,1.3267,1.32685,1.00,1.00
2010.09.29 13:33:47.917,1.32675,1.32695,1.00,3.80
2010.09.29 13:33:49.125,1.32675,1.32695,1.00,7.80
2010.09.29 13:33:51.193,1.32675,1.32695,1.00,7.90
2010.09.29 13:33:51.554,1.3267,1.3269,15.00,1.00
2010.09.29 13:33:51.676,1.3267,1.3269,14.40,1.00
2010.09.29 13:33:52.493,1.32665,1.32685,2.40,1.00
2010.09.29 13:33:52.778,1.32665,1.32685,1.60,2.20
2010.09.29 13:33:53.953,1.32665,1.32685,1.00,3.00
2010.09.29 13:33:55.934,1.32665,1.32685,1.60,2.20
2010.09.29 13:33:57.011,1.32665,1.32685,1.80,1.00
2010.09.29 13:33:57.718,1.32665,1.32685,3.40,1.00
2010.09.29 13:33:58.072,1.32665,1.32685,3.20,1.00
2010.09.29 13:33:58.255,1.32665,1.32685,3.20,2.20
2010.09.29 13:33:58.446,1.32665,1.32685,1.00,3.00
2010.09.29 13:34:00.799,1.32665,1.32685,2.40,1.50
2010.09.29 13:34:01.607,1.32665,1.32685,1.60,2.20
2010.09.29 13:34:01.968,1.3267,1.32685,1.60,1.60
2010.09.29 13:34:02.822,1.32675,1.3269,1.00,10.00
2010.09.29 13:34:03.796,1.32675,1.3269,1.00,11.60
2010.09.29 13:34:07.098,1.32675,1.3269,1.00,7.60
2010.09.29 13:34:07.350,1.32675,1.3269,1.00,5.20
2010.09.29 13:34:08.742,1.32675,1.3269,1.00,7.00
2010.09.29 13:34:09.583,1.32675,1.3269,1.00,5.30
2010.09.29 13:34:10.199,1.32675,1.3269,1.60,5.30
2010.09.29 13:34:11.022,1.32675,1.3269,1.60,4.60
2010.09.29 13:34:11.356,1.32675,1.3269,3.20,1.00
2010.09.29 13:34:11.677,1.32675,1.3269,3.20,2.60
2010.09.29 13:34:12.522,1.3268,1.3269,1.60,2.60
2010.09.29 13:34:12.829,1.3268,1.3269,1.00,2.60
2010.09.29 13:34:13.902,1.3268,1.3269,1.00,1.00
2010.09.29 13:34:18.728,1.3267,1.3268,13.20,1.10
2010.09.29 13:34:18.877,1.3267,1.32685,10.00,1.00
2010.09.29 13:34:19.509,1.32675,1.32685,1.60,1.00
2010.09.29 13:34:19.864,1.32675,1.3269,1.60,5.50
2010.09.29 13:34:20.208,1.32675,1.3269,1.60,4.60
2010.09.29 13:34:21.096,1.32675,1.3269,5.60,3.00
2010.09.29 13:34:21.383,1.32675,1.3269,1.60,3.00
2010.09.29 13:34:22.181,1.32675,1.3269,5.60,3.00
2010.09.29 13:34:22.225,1.3268,1.3269,1.00,3.00
2010.09.29 13:34:22.563,1.32675,1.3269,3.20,1.00
2010.09.29 13:34:22.896,1.32675,1.3269,7.20,1.00
2010.09.29 13:34:23.847,1.3268,1.3269,1.00,1.00
2010.09.29 13:34:24.712,1.32675,1.3269,1.00,6.60
2010.09.29 13:34:25.064,1.3266,1.32675,5.60,2.60
2010.09.29 13:34:25.906,1.3266,1.32675,3.20,1.00
2010.09.29 13:34:26.213,1.3266,1.32675,3.20,5.00
2010.09.29 13:34:27.041,1.3268,1.32685,1.60,5.90
2010.09.29 13:34:27.398,1.3268,1.32695,1.60,2.40
2010.09.29 13:34:28.918,1.3268,1.32695,1.60,1.00
2010.09.29 13:34:29.903,1.32675,1.3269,8.80,1.60
2010.09.29 13:34:30.238,1.32675,1.3269,1.00,1.60
2010.09.29 13:34:31.115,1.32675,1.32695,1.60,7.90
2010.09.29 13:34:31.959,1.32675,1.3269,1.60,1.00
2010.09.29 13:34:32.315,1.3267,1.32685,1.00,1.60
2010.09.29 13:34:33.160,1.32665,1.32685,5.60,1.60
2010.09.29 13:34:33.524,1.32665,1.32685,11.20,1.00
2010.09.29 13:34:34.724,1.32665,1.32685,11.20,1.00
2010.09.29 13:34:36.545,1.32665,1.3268,5.60,1.00
2010.09.29 13:34:36.714,1.32665,1.3268,1.60,1.00
2010.09.29 13:34:37.390,1.32665,1.32685,5.60,6.30
2010.09.29 13:34:37.738,1.3267,1.3269,1.00,15.30
2010.09.29 13:34:38.609,1.3267,1.32685,1.60,1.60
2010.09.29 13:34:40.321,1.3267,1.3269,1.60,14.60
2010.09.29 13:34:41.128,1.3267,1.3269,1.60,14.60
2010.09.29 13:34:43.595,1.3267,1.3269,1.60,15.30
2010.09.29 13:34:45.780,1.3267,1.3269,1.60,16.10
2010.09.29 13:34:46.115,1.32665,1.3268,6.40,1.00
2010.09.29 13:34:47.006,1.3267,1.32685,1.60,1.00
2010.09.29 13:34:48.562,1.3267,1.32685,1.60,1.60
2010.09.29 13:34:50.363,1.3267,1.32685,1.60,1.00
2010.09.29 13:34:50.487,1.32675,1.3268,1.00,1.00
2010.09.29 13:34:51.124,1.3267,1.3268,1.00,1.00
2010.09.29 13:34:52.515,1.32665,1.32685,12.00,6.30
2010.09.29 13:34:52.864,1.32665,1.32685,12.00,2.30
2010.09.29 13:34:54.336,1.3267,1.32685,1.00,2.30
2010.09.29 13:34:54.595,1.3267,1.32685,1.00,1.00
2010.09.29 13:34:55.938,1.32665,1.32685,9.80,1.00
2010.09.29 13:34:56.113,1.32665,1.32685,5.80,1.80
2010.09.29 13:34:56.460,1.32665,1.32685,9.00,5.80
2010.09.29 13:34:57.007,1.32665,1.32685,8.80,5.60
2010.09.29 13:34:57.369,1.32675,1.3269,1.40,7.00
2010.09.29 13:34:57.724,1.3268,1.32695,1.00,6.30
2010.09.29 13:34:58.685,1.32675,1.3269,5.80,1.00
2010.09.29 13:34:58.998,1.32675,1.3269,5.60,1.00
2010.09.29 13:35:01.377,1.3267,1.3269,4.00,16.10
2010.09.29 13:35:01.662,1.32665,1.32685,7.20,5.60
2010.09.29 13:35:02.506,1.32665,1.3268,5.60,1.00
2010.09.29 13:35:03.354,1.32665,1.3268,1.60,4.00
2010.09.29 13:35:03.711,1.32665,1.3268,7.20,1.00
2010.09.29 13:35:04.888,1.3267,1.32685,2.40,1.50
2010.09.29 13:35:05.187,1.32675,1.32685,1.60,1.50
2010.09.29 13:35:05.485,1.3268,1.32685,1.00,1.50
2010.09.29 13:35:06.040,1.3268,1.32685,1.00,1.40
2010.09.29 13:35:06.320,1.32675,1.32685,1.60,1.60
2010.09.29 13:35:07.106,1.32675,1.32685,1.80,1.60
2010.09.29 13:35:07.475,1.32675,1.32685,1.60,2.20
2010.09.29 13:35:08.343,1.3268,1.32685,1.60,2.20
2010.09.29 13:35:08.657,1.32675,1.32685,1.60,3.00
2010.09.29 13:35:09.471,1.3267,1.3268,1.60,1.00
2010.09.29 13:35:09.820,1.3267,1.3268,1.60,6.30
2010.09.29 13:35:10.638,1.3267,1.3268,1.60,2.30
2010.09.29 13:35:13.403,1.32665,1.32675,4.00,1.00
2010.09.29 13:35:13.753,1.3267,1.3268,1.60,7.80
2010.09.29 13:35:14.268,1.3267,1.3268,1.60,6.20
2010.09.29 13:35:14.625,1.3267,1.3268,1.60,1.00
2010.09.29 13:35:15.487,1.3267,1.3268,2.40,1.00
2010.09.29 13:35:15.806,1.3267,1.3269,1.60,17.40
2010.09.29 13:35:16.755,1.3267,1.3269,11.20,8.90
2010.09.29 13:35:17.113,1.3267,1.3268,1.60,1.00
2010.09.29 13:35:19.467,1.3267,1.3268,1.60,1.00
2010.09.29 13:35:19.801,1.3267,1.3268,1.60,1.50
2010.09.29 13:35:21.468,1.3267,1.3268,1.60,1.00
2010.09.29 13:35:22.926,1.3267,1.3268,1.60,1.00
2010.09.29 13:35:24.134,1.3267,1.32685,1.60,1.00
2010.09.29 13:35:24.754,1.3267,1.32685,2.40,1.00
2010.09.29 13:35:27.012,1.3267,1.3269,7.20,1.70
2010.09.29 13:35:27.764,1.3267,1.3269,7.20,4.90
2010.09.29 13:35:28.008,1.32675,1.32695,7.20,7.30
2010.09.29 13:35:28.371,1.32675,1.32695,3.20,3.30
2010.09.29 13:35:29.208,1.32675,1.32695,3.20,3.10
2010.09.29 13:35:29.519,1.3268,1.32695,1.60,3.10
2010.09.29 13:35:31.887,1.32675,1.32695,2.40,3.80
2010.09.29 13:35:32.587,1.32675,1.32695,2.40,5.40
2010.09.29 13:35:33.502,1.3268,1.32695,1.60,7.00
2010.09.29 13:35:33.849,1.3268,1.32695,2.40,2.40
2010.09.29 13:35:34.701,1.3268,1.32695,1.60,7.00
2010.09.29 13:35:36.274,1.3268,1.32695,2.40,1.00
2010.09.29 13:35:36.585,1.3268,1.32695,3.20,1.00
2010.09.29 13:35:38.619,1.3268,1.32695,2.40,6.40
2010.09.29 13:35:38.960,1.3268,1.32695,3.20,6.40
2010.09.29 13:35:40.265,1.3268,1.32695,3.20,4.80
2010.09.29 13:35:40.621,1.3268,1.32695,3.20,6.40
2010.09.29 13:35:42.869,1.3268,1.3269,3.20,1.00
2010.09.29 13:35:44.750,1.3268,1.3269,2.40,1.00
2010.09.29 13:35:45.559,1.3268,1.3269,3.20,1.00
2010.09.29 13:35:45.863,1.3268,1.32695,7.20,1.60
2010.09.29 13:35:46.105,1.3268,1.3269,7.20,1.00
2010.09.29 13:35:50.447,1.32685,1.3269,1.00,1.00
2010.09.29 13:35:50.579,1.32685,1.32695,1.00,1.60
2010.09.29 13:35:51.825,1.32685,1.32695,2.40,1.60
2010.09.29 13:35:52.186,1.32685,1.32695,1.00,1.60
2010.09.29 13:35:52.736,1.32685,1.32695,1.00,7.20
2010.09.29 13:35:53.100,1.3268,1.3269,2.40,1.00
2010.09.29 13:36:00.976,1.3268,1.3269,3.20,1.00
2010.09.29 13:36:02.287,1.3268,1.3269,1.60,1.00
2010.09.29 13:36:03.180,1.3268,1.3269,1.00,1.00
2010.09.29 13:36:03.533,1.3268,1.3269,1.60,1.00
2010.09.29 13:36:04.521,1.3268,1.32695,1.60,1.60
2010.09.29 13:36:05.557,1.32685,1.3269,1.00,1.00
2010.09.29 13:36:05.906,1.32685,1.32695,1.00,1.60
2010.09.29 13:36:07.146,1.32685,1.3269,1.00,1.00
2010.09.29 13:36:10.010,1.32685,1.32695,1.60,1.60
2010.09.29 13:36:10.972,1.32685,1.3269,1.60,1.00
2010.09.29 13:36:11.870,1.32685,1.3269,1.00,1.00
2010.09.29 13:36:13.105,1.32685,1.32695,1.00,1.60
2010.09.29 13:36:14.324,1.3269,1.32695,1.00,1.00
2010.09.29 13:36:15.789,1.3269,1.327,1.00,1.80
2010.09.29 13:36:16.793,1.3269,1.327,1.00,2.60
2010.09.29 13:36:17.117,1.3269,1.32695,1.00,1.60
2010.09.29 13:36:18.337,1.3269,1.327,1.00,2.60
2010.09.29 13:36:19.572,1.3269,1.327,1.00,1.80
2010.09.29 13:36:21.013,1.32685,1.32695,1.00,2.40
2010.09.29 13:36:21.183,1.32685,1.32695,1.60,1.80
2010.09.29 13:36:21.346,1.32685,1.32695,1.00,1.80
2010.09.29 13:36:22.231,1.3268,1.32695,8.80,1.60
2010.09.29 13:36:23.861,1.3268,1.327,1.00,15.00
2010.09.29 13:36:25.012,1.3268,1.327,1.00,15.80
2010.09.29 13:36:25.197,1.3268,1.3269,1.00,10.60
2010.09.29 13:36:25.382,1.3268,1.3269,1.00,4.00
2010.09.29 13:36:25.944,1.3268,1.3269,1.00,4.00
2010.09.29 13:36:26.127,1.32675,1.32695,5.00,2.20
2010.09.29 13:36:27.008,1.32675,1.32695,8.80,1.60
2010.09.29 13:36:28.232,1.32675,1.32695,9.60,1.60
2010.09.29 13:36:28.586,1.32675,1.32695,5.60,5.60
2010.09.29 13:36:29.440,1.32675,1.32695,5.60,1.60
2010.09.29 13:36:29.783,1.3268,1.32695,1.00,1.60
2010.09.29 13:36:31.205,1.3268,1.32695,1.00,5.60
2010.09.29 13:36:33.206,1.3268,1.327,4.00,11.00
2010.09.29 13:36:33.805,1.32685,1.327,4.00,7.00
2010.09.29 13:36:34.086,1.3268,1.327,5.60,5.40
2010.09.29 13:36:34.348,1.3268,1.3269,5.60,2.20
2010.09.29 13:36:35.210,1.3268,1.3269,1.00,3.80
2010.09.29 13:36:35.567,1.3267,1.32685,11.20,1.00
2010.09.29 13:36:36.961,1.32675,1.32685,1.00,1.40
2010.09.29 13:36:37.996,1.3267,1.3268,4.80,1.00
2010.09.29 13:36:38.356,1.3267,1.3268,1.00,1.00
2010.09.29 13:36:39.336,1.3267,1.3268,1.60,5.40
2010.09.29 13:36:40.889,1.3267,1.3268,1.00,5.40
2010.09.29 13:36:41.194,1.3267,1.3268,1.00,1.40
2010.09.29 13:36:42.299,1.3267,1.3268,1.00,7.00
2010.09.29 13:36:42.592,1.32665,1.3268,1.00,1.40
2010.09.29 13:36:43.296,1.32665,1.32675,1.00,1.00
2010.09.29 13:36:43.635,1.32665,1.3268,1.60,1.40
2010.09.29 13:36:44.469,1.3267,1.3268,1.00,1.40
2010.09.29 13:36:46.009,1.3267,1.3268,1.00,3.00
2010.09.29 13:36:47.325,1.32665,1.3268,1.60,3.00
2010.09.29 13:36:48.532,1.32665,1.32675,1.60,1.00
2010.09.29 13:36:48.860,1.32665,1.32675,1.00,1.00
2010.09.29 13:36:49.669,1.3266,1.32675,1.60,1.00
2010.09.29 13:36:50.008,1.3266,1.32675,1.60,1.00
2010.09.29 13:36:51.796,1.3266,1.32675,4.00,4.00
2010.09.29 13:36:52.155,1.32665,1.32675,4.80,1.00
2010.09.29 13:36:52.673,1.32665,1.3268,5.60,4.00
2010.09.29 13:36:53.508,1.32665,1.3268,1.60,9.80
2010.09.29 13:36:53.836,1.3266,1.3268,5.60,9.40
2010.09.29 13:36:54.902,1.32665,1.3268,1.60,1.00
2010.09.29 13:36:55.815,1.3266,1.32675,7.40,1.00
2010.09.29 13:36:56.650,1.3266,1.32675,2.60,1.00
2010.09.29 13:36:57.007,1.3265,1.32665,8.00,3.10
2010.09.29 13:36:57.740,1.32645,1.32665,8.00,5.50
2010.09.29 13:36:58.022,1.32655,1.3267,4.00,3.80
2010.09.29 13:36:58.372,1.3265,1.3267,1.60,14.10
2010.09.29 13:36:59.248,1.3265,1.3267,3.20,15.70
2010.09.29 13:36:59.600,1.3265,1.3267,1.60,15.70
2010.09.29 13:37:00.542,1.32655,1.3267,3.20,1.00
2010.09.29 13:37:01.387,1.32655,1.32675,4.20,13.80
2010.09.29 13:37:01.714,1.32655,1.3267,9.60,1.00
2010.09.29 13:37:02.600,1.3266,1.32675,1.00,1.60
2010.09.29 13:37:03.476,1.3266,1.3267,1.00,2.40
2010.09.29 13:37:03.766,1.3265,1.32665,2.40,1.00
2010.09.29 13:37:04.054,1.32645,1.32665,7.20,1.00
2010.09.29 13:37:04.611,1.3265,1.32665,1.60,1.00
2010.09.29 13:37:04.968,1.3265,1.3267,3.20,4.80
2010.09.29 13:37:07.317,1.3265,1.32665,1.00,1.00
2010.09.29 13:37:08.140,1.32645,1.32665,3.20,1.30
2010.09.29 13:37:08.495,1.32645,1.3266,1.00,1.00
2010.09.29 13:37:09.378,1.3264,1.3266,4.80,1.00
2010.09.29 13:37:10.231,1.3264,1.3266,3.20,1.00
2010.09.29 13:37:10.504,1.32645,1.3266,1.00,8.00
2010.09.29 13:37:11.523,1.32645,1.3266,1.00,1.00
2010.09.29 13:37:11.878,1.32645,1.32665,3.20,4.00
2010.09.29 13:37:12.759,1.3265,1.3267,1.60,7.70
2010.09.29 13:37:13.048,1.3265,1.3267,3.20,3.20
2010.09.29 13:37:13.782,1.3265,1.3267,1.60,3.20
2010.09.29 13:37:14.132,1.3265,1.3267,3.20,12.80
2010.09.29 13:37:15.006,1.3265,1.32665,1.60,1.00
2010.09.29 13:37:16.459,1.3265,1.32665,3.20,1.00
2010.09.29 13:37:16.757,1.3265,1.3267,3.20,13.40
2010.09.29 13:37:17.634,1.3265,1.32665,1.60,1.00
2010.09.29 13:37:18.531,1.3265,1.3267,3.20,13.40
2010.09.29 13:37:21.189,1.3265,1.32665,3.20,1.00
2010.09.29 13:37:21.475,1.32645,1.32665,11.20,1.30
2010.09.29 13:37:22.239,1.3265,1.32665,1.00,1.00
2010.09.29 13:37:22.587,1.3265,1.32665,1.00,1.60
2010.09.29 13:37:22.932,1.3265,1.32665,2.40,1.60
2010.09.29 13:37:23.447,1.3265,1.32665,2.40,1.60
2010.09.29 13:37:23.760,1.3265,1.3267,3.20,5.50
2010.09.29 13:37:24.078,1.3265,1.32665,3.20,1.00
2010.09.29 13:37:24.900,1.32645,1.32665,1.60,3.90
2010.09.29 13:37:25.191,1.3264,1.32655,2.40,1.00
2010.09.29 13:37:25.993,1.3264,1.3266,3.20,4.00
2010.09.29 13:37:26.339,1.3264,1.3266,3.20,1.00
2010.09.29 13:37:26.688,1.32645,1.3266,3.20,1.00
2010.09.29 13:37:29.235,1.32645,1.3266,1.00,1.00
2010.09.29 13:37:29.517,1.32645,1.3266,1.00,4.00
2010.09.29 13:37:30.028,1.32645,1.3266,2.40,4.00
2010.09.29 13:37:30.347,1.32645,1.3266,3.40,1.00
2010.09.29 13:37:31.128,1.3265,1.3266,1.00,4.00
2010.09.29 13:37:31.483,1.3265,1.32665,1.60,8.00
2010.09.29 13:37:32.662,1.3265,1.32665,1.00,8.00
2010.09.29 13:37:33.705,1.3265,1.32665,1.00,1.00
2010.09.29 13:37:34.044,1.3265,1.32665,1.60,1.00
2010.09.29 13:37:36.463,1.3265,1.32665,1.60,8.00
2010.09.29 13:37:36.815,1.3265,1.3266,1.60,4.00
2010.09.29 13:37:37.716,1.3264,1.32655,3.20,1.00
2010.09.29 13:37:38.532,1.32635,1.3265,1.60,2.40
2010.09.29 13:37:38.886,1.3263,1.3265,7.00,2.40
2010.09.29 13:37:39.782,1.32635,1.3265,2.40,2.40
2010.09.29 13:37:40.141,1.32635,1.3265,2.40,6.40
2010.09.29 13:37:40.967,1.3263,1.3265,9.40,1.00
2010.09.29 13:37:41.326,1.3263,1.32645,7.80,1.00
2010.09.29 13:37:42.219,1.3263,1.32645,7.40,1.00
2010.09.29 13:37:42.554,1.32635,1.32645,1.60,1.00
2010.09.29 13:37:43.784,1.32635,1.32655,1.60,11.80
2010.09.29 13:37:44.078,1.3263,1.32645,1.60,2.40
2010.09.29 13:37:44.679,1.3263,1.32645,1.00,6.40
2010.09.29 13:37:45.014,1.32635,1.32655,2.40,7.00
2010.09.29 13:37:46.561,1.3264,1.32655,1.00,6.40
2010.09.29 13:37:47.415,1.3264,1.3266,2.40,1.40
2010.09.29 13:37:47.769,1.3264,1.3266,3.20,1.00
2010.09.29 13:37:48.609,1.3264,1.3266,1.60,1.00
2010.09.29 13:37:49.827,1.3264,1.3266,3.20,1.00
2010.09.29 13:37:50.160,1.32645,1.32665,3.20,7.00
2010.09.29 13:37:50.895,1.32645,1.32665,3.20,3.00
2010.09.29 13:37:51.122,1.32645,1.32665,3.40,7.00
2010.09.29 13:37:52.020,1.3265,1.32665,1.00,2.40
2010.09.29 13:37:52.378,1.3265,1.3267,9.00,1.00
2010.09.29 13:37:55.867,1.32655,1.32675,1.00,6.00
2010.09.29 13:37:56.227,1.3265,1.3267,4.20,2.40
2010.09.29 13:37:57.050,1.32655,1.32665,1.00,1.00
2010.09.29 13:37:57.382,1.32655,1.3267,5.60,1.40
2010.09.29 13:37:58.197,1.32655,1.3267,9.60,1.00
2010.09.29 13:37:58.554,1.32655,1.3267,2.40,1.00
2010.09.29 13:37:59.657,1.3266,1.3268,4.00,12.40
2010.09.29 13:37:59.921,1.32655,1.3268,13.60,14.00
2010.09.29 13:38:01.360,1.3266,1.3268,4.00,6.00
2010.09.29 13:38:02.183,1.3266,1.32675,4.80,2.40
2010.09.29 13:38:02.471,1.32665,1.3268,1.00,8.20
2010.09.29 13:38:03.993,1.3266,1.3268,5.60,8.80
2010.09.29 13:38:04.915,1.32665,1.3268,1.00,9.00
2010.09.29 13:38:08.187,1.32665,1.3268,1.60,9.00
2010.09.29 13:38:08.502,1.3267,1.3268,1.00,2.60
2010.09.29 13:38:08.799,1.3267,1.3268,1.00,6.60
2010.09.29 13:38:10.145,1.3267,1.3268,1.00,2.60
2010.09.29 13:38:10.433,1.3267,1.3268,1.00,6.60
2010.09.29 13:38:11.669,1.3267,1.3268,1.00,6.40
2010.09.29 13:38:12.491,1.3267,1.3268,1.00,1.00
2010.09.29 13:38:12.733,1.3267,1.3268,1.00,5.00
2010.09.29 13:38:14.700,1.3268,1.3269,1.00,4.20
2010.09.29 13:38:15.015,1.3268,1.327,1.60,7.60
2010.09.29 13:38:15.346,1.3268,1.3269,1.00,6.40
2010.09.29 13:38:16.266,1.3268,1.327,1.00,11.60
2010.09.29 13:38:17.138,1.3268,1.327,1.60,7.60
2010.09.29 13:38:17.483,1.3268,1.327,1.00,8.40
2010.09.29 13:38:18.699,1.32675,1.32695,1.60,1.00
2010.09.29 13:38:20.222,1.32675,1.32695,5.60,2.20
2010.09.29 13:38:21.416,1.32675,1.32695,5.60,6.20
2010.09.29 13:38:21.712,1.3267,1.32685,8.80,4.00
2010.09.29 13:38:22.535,1.3267,1.32685,1.60,6.20
2010.09.29 13:38:27.905,1.3267,1.3268,1.60,1.00
2010.09.29 13:38:28.082,1.32665,1.3268,7.20,1.00
2010.09.29 13:38:28.944,1.32665,1.3268,3.20,4.60
2010.09.29 13:38:29.294,1.3266,1.3268,7.20,7.80
2010.09.29 13:38:30.145,1.3266,1.3268,7.20,3.80
2010.09.29 13:38:30.691,1.3266,1.3268,5.60,7.00
2010.09.29 13:38:31.237,1.3266,1.3268,1.00,12.40
2010.09.29 13:38:31.459,1.32655,1.32675,7.20,6.20
2010.09.29 13:38:32.527,1.32655,1.32675,9.60,8.00
2010.09.29 13:38:33.399,1.32655,1.3267,1.60,4.00
2010.09.29 13:38:33.768,1.3266,1.32675,1.00,5.60
2010.09.29 13:38:34.652,1.3266,1.32675,1.00,7.20
2010.09.29 13:38:35.250,1.32655,1.32675,7.20,2.60
2010.09.29 13:38:36.109,1.32655,1.32675,3.20,16.20
2010.09.29 13:38:36.389,1.32665,1.32675,1.60,1.00
2010.09.29 13:38:37.194,1.3267,1.3268,1.00,8.20
2010.09.29 13:38:37.543,1.3267,1.3268,1.00,1.00
2010.09.29 13:38:38.739,1.3267,1.3268,1.60,1.00
2010.09.29 13:38:39.633,1.3267,1.3268,1.00,2.60
2010.09.29 13:38:40.003,1.32665,1.3268,1.60,10.60
2010.09.29 13:38:40.869,1.32665,1.3268,3.20,5.00
2010.09.29 13:38:42.407,1.3267,1.3268,1.00,1.00
2010.09.29 13:38:50.113,1.3267,1.3268,1.60,1.00
2010.09.29 13:38:50.454,1.3267,1.3268,5.60,1.00
2010.09.29 13:38:51.001,1.3267,1.3268,1.60,1.00
2010.09.29 13:38:51.353,1.3267,1.3268,1.00,3.40
2010.09.29 13:38:52.604,1.32665,1.3268,12.80,3.40
2010.09.29 13:38:52.962,1.3266,1.32675,7.20,1.00
2010.09.29 13:38:53.827,1.3267,1.3268,1.00,9.40
2010.09.29 13:38:54.184,1.3267,1.3268,1.00,3.00
2010.09.29 13:38:55.074,1.3267,1.3268,1.00,1.00
2010.09.29 13:38:55.925,1.32675,1.32685,1.80,5.60
2010.09.29 13:38:56.263,1.3268,1.32695,4.80,1.60
2010.09.29 13:38:57.759,1.3268,1.32695,1.60,5.60
2010.09.29 13:38:58.305,1.3268,1.32695,4.00,5.60
2010.09.29 13:38:58.652,1.3268,1.327,10.60,9.60
2010.09.29 13:38:59.634,1.3268,1.327,10.60,9.00
2010.09.29 13:39:00.491,1.3268,1.327,10.60,10.40
2010.09.29 13:39:00.718,1.3268,1.327,10.60,9.00
2010.09.29 13:39:01.523,1.32685,1.327,1.00,9.00
2010.09.29 13:39:04.181,1.3268,1.327,10.60,9.60
2010.09.29 13:39:04.710,1.32685,1.327,1.00,6.20
2010.09.29 13:39:05.329,1.32685,1.327,1.00,4.60
2010.09.29 13:39:05.647,1.32685,1.32705,4.80,7.00
2010.09.29 13:39:05.960,1.32685,1.327,4.00,1.00
2010.09.29 13:39:06.751,1.3268,1.327,16.60,1.00
2010.09.29 13:39:07.884,1.32685,1.327,1.00,1.40
2010.09.29 13:39:08.224,1.32685,1.32705,1.00,11.00
2010.09.29 13:39:09.042,1.32685,1.32705,1.00,11.80
2010.09.29 13:39:09.385,1.32685,1.32705,1.00,12.80
2010.09.29 13:39:10.234,1.32695,1.32705,1.60,1.60
2010.09.29 13:39:10.584,1.32695,1.3271,1.60,1.60
2010.09.29 13:39:13.945,1.3269,1.3271,7.20,2.20
2010.09.29 13:39:14.279,1.3269,1.3271,1.60,3.00
2010.09.29 13:39:16.363,1.3269,1.3271,1.00,3.00
2010.09.29 13:39:16.664,1.3269,1.3271,1.60,3.00
2010.09.29 13:39:17.499,1.3269,1.3271,1.60,2.20
2010.09.29 13:39:17.856,1.3269,1.3271,1.60,9.40
2010.09.29 13:39:18.212,1.3269,1.3271,1.00,13.40
2010.09.29 13:39:19.038,1.3269,1.3271,1.00,11.00
2010.09.29 13:39:19.404,1.32685,1.327,1.60,5.00
2010.09.29 13:39:19.749,1.3269,1.327,1.00,5.00
2010.09.29 13:39:20.632,1.3268,1.327,13.60,9.60
2010.09.29 13:39:21.497,1.3268,1.327,7.20,5.60
2010.09.29 13:39:22.292,1.3268,1.327,9.60,5.60
2010.09.29 13:39:22.641,1.3268,1.327,13.60,5.60
2010.09.29 13:39:23.822,1.3268,1.327,13.60,6.40
2010.09.29 13:39:26.792,1.3268,1.32695,1.00,4.00
2010.09.29 13:39:28.112,1.32675,1.32695,2.40,5.40
2010.09.29 13:39:29.281,1.3267,1.3269,4.80,1.00
2010.09.29 13:39:30.095,1.32675,1.3269,1.60,1.00
2010.09.29 13:39:31.252,1.3267,1.3269,4.00,1.60
2010.09.29 13:39:31.598,1.32675,1.3269,1.60,4.00
2010.09.29 13:39:32.441,1.3268,1.32695,1.00,3.20
2010.09.29 13:39:32.788,1.3268,1.32695,1.00,1.60
2010.09.29 13:39:34.341,1.3268,1.32695,2.40,1.60
2010.09.29 13:39:35.265,1.3269,1.32695,1.00,1.60
2010.09.29 13:39:36.144,1.32685,1.327,1.60,3.20
2010.09.29 13:39:36.474,1.32685,1.327,1.00,13.00
2010.09.29 13:39:37.311,1.3268,1.327,6.60,13.00
2010.09.29 13:39:37.668,1.32685,1.327,1.60,11.40
2010.09.29 13:39:39.161,1.32685,1.327,1.60,3.40
2010.09.29 13:39:39.505,1.32685,1.327,1.60,11.40
2010.09.29 13:39:39.755,1.32685,1.327,1.60,3.40
2010.09.29 13:39:41.028,1.32685,1.327,3.20,3.40
2010.09.29 13:39:41.164,1.32685,1.327,3.20,7.40
2010.09.29 13:39:41.785,1.32685,1.327,1.60,7.40
2010.09.29 13:39:42.466,1.32685,1.32695,1.60,1.00
2010.09.29 13:39:43.163,1.32685,1.32695,1.00,1.00
2010.09.29 13:39:43.405,1.3268,1.32695,1.00,1.00
2010.09.29 13:39:44.496,1.3268,1.327,1.00,14.80
2010.09.29 13:39:45.759,1.3268,1.327,5.60,14.00
2010.09.29 13:39:46.105,1.32685,1.327,1.00,9.40
2010.09.29 13:39:46.935,1.3268,1.327,1.60,14.00
2010.09.29 13:39:48.584,1.32685,1.327,1.60,5.40
2010.09.29 13:39:48.758,1.32685,1.327,3.20,3.20
2010.09.29 13:39:49.475,1.32685,1.32695,2.40,1.00
2010.09.29 13:39:49.654,1.3268,1.32695,3.20,1.00
2010.09.29 13:39:50.505,1.3268,1.327,3.20,13.40
2010.09.29 13:39:50.850,1.3268,1.327,1.60,14.00
2010.09.29 13:39:51.195,1.3268,1.327,1.60,13.40
2010.09.29 13:39:52.410,1.3268,1.327,1.60,14.00
2010.09.29 13:39:53.581,1.3268,1.327,7.20,9.40
2010.09.29 13:39:56.172,1.3268,1.327,3.20,13.40
2010.09.29 13:39:57.014,1.3268,1.327,3.20,14.00
2010.09.29 13:39:57.371,1.3268,1.327,1.60,15.60
2010.09.29 13:39:58.229,1.3268,1.327,1.00,16.40
2010.09.29 13:39:58.528,1.32675,1.327,12.80,16.40
2010.09.29 13:39:58.826,1.32675,1.32695,12.80,1.40
2010.09.29 13:40:00.039,1.32675,1.3269,8.80,5.80
2010.09.29 13:40:00.907,1.3267,1.3269,9.60,8.00
2010.09.29 13:40:01.206,1.3267,1.3269,11.20,5.40
2010.09.29 13:40:01.504,1.3267,1.3269,13.60,3.20
2010.09.29 13:40:02.031,1.32675,1.3269,8.00,3.20
2010.09.29 13:40:02.377,1.3267,1.3269,11.20,5.60
2010.09.29 13:40:03.787,1.3267,1.3269,7.20,5.60
2010.09.29 13:40:04.802,1.3267,1.3269,9.60,5.60
2010.09.29 13:40:05.128,1.32665,1.3268,4.20,2.40
2010.09.29 13:40:05.450,1.32665,1.32685,6.60,14.00
2010.09.29 13:40:06.264,1.32665,1.32685,12.20,10.00
2010.09.29 13:40:06.602,1.3267,1.32685,2.40,3.80
2010.09.29 13:40:06.937,1.3267,1.32685,1.00,5.40
2010.09.29 13:40:09.254,1.3267,1.32685,1.00,3.80
2010.09.29 13:40:09.841,1.3267,1.32685,1.60,3.80
2010.09.29 13:40:10.649,1.3267,1.32685,1.60,9.40
2010.09.29 13:40:10.996,1.32665,1.32685,10.60,10.00
2010.09.29 13:40:11.888,1.3267,1.32685,1.40,8.60
2010.09.29 13:40:12.749,1.32665,1.3268,1.60,5.40
2010.09.29 13:40:13.290,1.3266,1.3268,15.00,6.80
2010.09.29 13:40:13.853,1.3266,1.3268,15.00,10.80
2010.09.29 13:40:14.205,1.3266,1.32675,1.00,13.40
2010.09.29 13:40:15.779,1.3266,1.32675,1.00,14.00
2010.09.29 13:40:16.131,1.32655,1.32675,12.20,14.00
2010.09.29 13:40:16.921,1.32655,1.32675,12.20,10.00
2010.09.29 13:40:17.231,1.32655,1.32675,10.60,10.00
2010.09.29 13:40:18.012,1.3266,1.32675,1.00,9.40
2010.09.29 13:40:18.286,1.3266,1.32675,1.60,9.40
2010.09.29 13:40:21.747,1.3266,1.32675,3.00,8.00
2010.09.29 13:40:22.627,1.32665,1.3268,1.60,5.40
2010.09.29 13:40:27.868,1.32665,1.3268,7.20,3.00
2010.09.29 13:40:28.160,1.32665,1.3268,1.00,9.40
2010.09.29 13:40:28.692,1.3266,1.3268,11.00,10.00
2010.09.29 13:40:29.044,1.3266,1.3268,8.60,10.80
2010.09.29 13:40:34.903,1.3266,1.3268,8.60,11.60
2010.09.29 13:40:35.105,1.3266,1.32675,6.40,2.80
2010.09.29 13:40:35.848,1.32655,1.32675,8.20,6.80
2010.09.29 13:40:36.127,1.32655,1.32675,5.60,6.20
2010.09.29 13:40:37.124,1.3266,1.32675,1.00,5.60
2010.09.29 13:40:39.278,1.3266,1.32675,1.00,1.60
2010.09.29 13:40:40.437,1.32655,1.32675,5.60,2.20
2010.09.29 13:40:41.649,1.32655,1.32675,1.00,7.00
2010.09.29 13:40:43.750,1.32655,1.32675,5.60,6.20
2010.09.29 13:40:43.957,1.32655,1.3267,5.60,4.00
2010.09.29 13:40:44.227,1.32655,1.3267,4.00,9.40
2010.09.29 13:40:44.994,1.32655,1.3267,1.00,14.20
2010.09.29 13:40:45.204,1.32655,1.3267,1.00,8.00
2010.09.29 13:40:45.408,1.32655,1.32675,1.00,7.20
2010.09.29 13:40:46.118,1.32655,1.32675,5.00,7.20
2010.09.29 13:40:46.326,1.3265,1.32675,15.80,7.00
2010.09.29 13:40:46.657,1.32655,1.32675,1.00,7.00
2010.09.29 13:40:46.987,1.32655,1.3267,8.00,1.00
2010.09.29 13:40:47.638,1.32655,1.3267,8.00,4.80
2010.09.29 13:40:48.000,1.32655,1.32675,5.60,8.60
2010.09.29 13:40:49.180,1.32655,1.32675,5.60,3.00
2010.09.29 13:40:49.485,1.3266,1.32675,1.00,1.60
2010.09.29 13:40:50.678,1.32655,1.32675,5.60,7.00
2010.09.29 13:40:51.760,1.32655,1.32675,5.60,3.00
2010.09.29 13:40:52.194,1.32655,1.32675,5.60,7.00
2010.09.29 13:40:52.963,1.32655,1.32675,5.60,6.20
2010.09.29 13:40:53.257,1.3266,1.32675,1.00,5.60
2010.09.29 13:40:55.164,1.32655,1.32675,5.60,6.20
2010.09.29 13:40:57.330,1.32655,1.32675,4.80,7.00
2010.09.29 13:40:57.607,1.3265,1.3267,14.40,4.80
2010.09.29 13:40:58.427,1.3265,1.3267,6.60,8.20
2010.09.29 13:40:58.787,1.3265,1.32665,3.40,9.40
2010.09.29 13:40:59.946,1.32655,1.32665,1.00,5.60
2010.09.29 13:41:00.305,1.3266,1.32665,1.00,1.00
2010.09.29 13:41:01.164,1.32655,1.3267,8.80,4.00
2010.09.29 13:41:01.489,1.3265,1.3267,10.60,8.80
2010.09.29 13:41:02.340,1.3265,1.3267,5.80,10.40
2010.09.29 13:41:03.583,1.32655,1.3267,1.00,4.00
2010.09.29 13:41:04.411,1.3266,1.32675,1.00,12.00
2010.09.29 13:41:04.759,1.3266,1.3268,1.60,15.80
2010.09.29 13:41:08.311,1.3266,1.32675,1.60,4.00
2010.09.29 13:41:10.193,1.32655,1.32675,5.60,4.00
2010.09.29 13:41:10.218,1.32655,1.3267,5.60,2.40
2010.09.29 13:41:10.491,1.32655,1.32675,1.60,9.60
2010.09.29 13:41:11.869,1.32655,1.32675,1.60,5.60
2010.09.29 13:41:13.440,1.32665,1.3268,1.00,11.00
2010.09.29 13:41:14.238,1.32665,1.3268,5.60,4.80
2010.09.29 13:41:14.967,1.32665,1.32675,4.00,1.00
2010.09.29 13:41:16.045,1.3266,1.32675,1.60,4.00
2010.09.29 13:41:16.293,1.3266,1.32675,4.00,4.00
2010.09.29 13:41:17.053,1.3266,1.3268,8.00,10.20
2010.09.29 13:41:17.413,1.3266,1.3268,10.60,9.60
2010.09.29 13:41:19.536,1.3266,1.3268,9.80,10.40
2010.09.29 13:41:20.900,1.3266,1.3268,10.60,9.60
2010.09.29 13:41:22.020,1.32665,1.3268,1.60,9.00
2010.09.29 13:41:22.298,1.32665,1.3268,1.00,9.00
2010.09.29 13:41:22.575,1.3266,1.3268,10.60,9.00
2010.09.29 13:41:24.827,1.32665,1.3268,1.00,9.00
2010.09.29 13:41:25.057,1.32665,1.3268,1.00,5.00
2010.09.29 13:41:27.032,1.32665,1.3268,4.00,1.00
2010.09.29 13:41:27.761,1.32665,1.3268,1.60,5.00
2010.09.29 13:41:28.352,1.32665,1.3268,1.60,3.40
2010.09.29 13:41:31.740,1.32665,1.3268,1.60,4.20
2010.09.29 13:41:32.044,1.32665,1.3268,1.60,5.00
2010.09.29 13:41:32.938,1.32665,1.3268,4.00,5.00
2010.09.29 13:41:34.058,1.3267,1.3268,1.00,3.40
2010.09.29 13:41:35.169,1.3267,1.3268,1.00,2.60
2010.09.29 13:41:35.524,1.32665,1.3268,7.20,3.40
2010.09.29 13:41:41.684,1.3267,1.3268,1.00,3.40
2010.09.29 13:41:42.302,1.3267,1.3268,1.00,1.00
2010.09.29 13:41:42.669,1.32665,1.3268,1.60,3.40
2010.09.29 13:41:43.019,1.32665,1.3268,5.60,3.40
2010.09.29 13:41:43.788,1.32665,1.3268,9.60,3.40
2010.09.29 13:41:44.662,1.3267,1.3268,1.00,1.00
2010.09.29 13:41:44.874,1.3267,1.3268,1.60,1.00
2010.09.29 13:41:45.220,1.3267,1.3268,5.60,1.00
2010.09.29 13:41:46.427,1.3267,1.3268,8.00,1.00
2010.09.29 13:41:46.631,1.32675,1.32685,8.00,1.00
2010.09.29 13:41:47.740,1.32675,1.32685,12.00,1.00
2010.09.29 13:41:48.094,1.32675,1.3269,12.00,3.00
2010.09.29 13:41:49.102,1.32675,1.3269,1.60,3.20
2010.09.29 13:41:49.429,1.32675,1.3269,1.60,3.40
2010.09.29 13:41:50.873,1.32675,1.3269,1.60,5.00
2010.09.29 13:41:51.562,1.32675,1.3269,1.60,9.00
2010.09.29 13:41:51.907,1.32675,1.3269,1.60,3.40
2010.09.29 13:41:54.589,1.32675,1.3269,1.60,7.40
2010.09.29 13:41:55.832,1.32675,1.3269,1.60,3.40
2010.09.29 13:41:58.057,1.32675,1.3269,1.60,7.40
2010.09.29 13:41:58.411,1.3266,1.32665,1.00,6.60
2010.09.29 13:41:59.281,1.32655,1.3266,1.00,1.00
2010.09.29 13:41:59.634,1.32645,1.32665,6.60,13.00
2010.09.29 13:42:00.475,1.32645,1.32665,6.60,9.00
2010.09.29 13:42:00.825,1.32645,1.3266,1.60,3.80
2010.09.29 13:42:02.028,1.3265,1.3267,1.00,14.00
2010.09.29 13:42:02.382,1.3265,1.32655,1.00,6.40
2010.09.29 13:42:03.089,1.3265,1.32665,2.60,4.00
2010.09.29 13:42:03.373,1.3265,1.3267,8.80,5.40
2010.09.29 13:42:03.649,1.3265,1.3267,8.00,6.20
2010.09.29 13:42:04.428,1.3265,1.3267,7.20,6.20
2010.09.29 13:42:04.730,1.3265,1.3267,7.40,10.40
2010.09.29 13:42:06.749,1.3265,1.3267,6.60,6.40
2010.09.29 13:42:06.986,1.3265,1.32665,6.60,1.00
2010.09.29 13:42:09.987,1.3265,1.32665,5.00,2.20
2010.09.29 13:42:10.109,1.3265,1.32655,4.80,1.00
2010.09.29 13:42:10.228,1.3265,1.32655,4.00,1.00
2010.09.29 13:42:10.352,1.3265,1.32655,2.40,1.00
2010.09.29 13:42:10.909,1.32645,1.32655,8.80,1.00
2010.09.29 13:42:11.043,1.32645,1.32655,1.00,4.00
2010.09.29 13:42:11.923,1.32645,1.3266,1.80,4.00
2010.09.29 13:42:12.488,1.3265,1.32665,1.60,1.60
2010.09.29 13:42:13.342,1.32655,1.32665,1.00,1.00
2010.09.29 13:42:14.622,1.32655,1.32665,4.80,1.00
2010.09.29 13:42:15.212,1.3266,1.3267,1.00,5.00
2010.09.29 13:42:15.567,1.3266,1.3267,1.00,4.20
2010.09.29 13:42:17.637,1.32655,1.32665,1.60,1.00
2010.09.29 13:42:17.994,1.32655,1.32665,1.00,1.00
2010.09.29 13:42:18.901,1.32655,1.3267,1.00,11.00
2010.09.29 13:42:19.232,1.32655,1.3267,1.00,9.40
2010.09.29 13:42:19.788,1.32655,1.3267,1.00,8.80
2010.09.29 13:42:20.126,1.32655,1.3267,1.60,6.40
2010.09.29 13:42:20.477,1.32655,1.3267,1.60,6.60
2010.09.29 13:42:21.366,1.3266,1.3267,1.60,4.20
2010.09.29 13:42:22.721,1.3266,1.3267,1.60,5.00
2010.09.29 13:42:23.913,1.32655,1.3267,11.20,5.00
2010.09.29 13:42:24.263,1.32655,1.3267,1.60,10.60
2010.09.29 13:42:24.832,1.32655,1.32665,1.60,1.00
2010.09.29 13:42:25.191,1.3265,1.32665,1.60,4.00
2010.09.29 13:42:26.759,1.32665,1.3267,2.40,4.60
2010.09.29 13:42:27.606,1.32655,1.3267,1.00,2.40
2010.09.29 13:42:27.961,1.32655,1.32675,1.00,4.60
2010.09.29 13:42:29.191,1.32655,1.32675,1.60,2.60
2010.09.29 13:42:30.041,1.32655,1.32675,3.20,1.80
2010.09.29 13:42:30.336,1.32665,1.32685,6.40,18.20
2010.09.29 13:42:31.172,1.32665,1.32685,6.40,8.60
2010.09.29 13:42:31.523,1.32665,1.32685,6.60,8.00
2010.09.29 13:42:32.592,1.32665,1.32685,6.60,12.00
2010.09.29 13:42:33.056,1.32665,1.32685,6.60,12.80
2010.09.29 13:42:33.818,1.32665,1.32685,8.20,12.80
2010.09.29 13:42:34.153,1.3267,1.32685,3.80,8.60
2010.09.29 13:42:35.021,1.32665,1.3268,2.40,7.00
2010.09.29 13:42:35.368,1.32665,1.3268,4.00,3.80
2010.09.29 13:42:35.973,1.32665,1.3268,4.00,4.60
2010.09.29 13:42:36.330,1.32665,1.32675,4.00,1.60
2010.09.29 13:42:36.984,1.3266,1.32675,3.20,1.60
2010.09.29 13:42:38.617,1.3266,1.32675,4.80,1.60
2010.09.29 13:42:38.916,1.3266,1.3268,3.20,2.20
2010.09.29 13:42:39.729,1.32665,1.3268,1.00,1.60
2010.09.29 13:42:41.497,1.3266,1.32675,1.60,8.00
2010.09.29 13:42:43.862,1.3266,1.32675,3.20,8.00
2010.09.29 13:42:44.198,1.3266,1.32675,2.40,8.00
2010.09.29 13:42:45.412,1.32655,1.32675,4.80,8.00
2010.09.29 13:42:48.148,1.32655,1.3267,1.00,10.40
2010.09.29 13:42:48.481,1.3265,1.3267,5.60,12.00
2010.09.29 13:42:49.032,1.3265,1.3267,4.80,9.60
2010.09.29 13:42:49.408,1.3264,1.3266,8.00,4.60
2010.09.29 13:42:50.277,1.3264,1.3266,8.00,10.20
2010.09.29 13:42:50.643,1.3265,1.3266,1.80,1.60
2010.09.29 13:42:51.578,1.3265,1.32665,1.80,1.60
2010.09.29 13:42:51.886,1.3265,1.32665,3.20,1.60
2010.09.29 13:42:53.073,1.3265,1.32665,2.40,2.20
2010.09.29 13:42:53.396,1.3265,1.32665,1.60,1.00
2010.09.29 13:42:53.713,1.3265,1.3267,1.60,7.00
2010.09.29 13:42:54.251,1.3265,1.3267,2.40,7.00
2010.09.29 13:42:54.593,1.3265,1.3267,2.40,3.00
2010.09.29 13:42:55.445,1.32655,1.3267,1.60,2.40
2010.09.29 13:42:55.800,1.3266,1.32675,2.40,5.60
2010.09.29 13:42:56.504,1.3266,1.32675,2.40,1.60
2010.09.29 13:43:01.454,1.32655,1.32675,3.20,9.60
2010.09.29 13:43:02.319,1.3266,1.32675,1.60,5.60
2010.09.29 13:43:02.633,1.32665,1.32675,1.00,1.60
2010.09.29 13:43:03.835,1.3266,1.32675,1.60,1.60
2010.09.29 13:43:05.132,1.3266,1.3267,1.00,3.80
2010.09.29 13:43:06.025,1.3265,1.3267,3.20,9.40
2010.09.29 13:43:06.343,1.3265,1.3267,3.20,13.40
2010.09.29 13:43:07.474,1.3265,1.3267,3.20,9.40
2010.09.29 13:43:08.697,1.3265,1.3267,3.20,10.00
2010.09.29 13:43:09.814,1.3265,1.3267,3.20,10.80
2010.09.29 13:43:12.944,1.3265,1.3267,2.40,14.80
2010.09.29 13:43:13.292,1.3265,1.32665,1.60,4.00
2010.09.29 13:43:16.443,1.3265,1.3267,1.60,14.00
2010.09.29 13:43:16.988,1.3265,1.32665,1.60,4.00
2010.09.29 13:43:18.004,1.3265,1.3267,1.60,14.00
2010.09.29 13:43:19.493,1.3265,1.3267,1.60,14.80
2010.09.29 13:43:22.582,1.3265,1.3267,2.40,14.80
2010.09.29 13:43:23.433,1.3265,1.3267,3.20,14.00
2010.09.29 13:43:24.793,1.3265,1.3267,1.60,14.00
2010.09.29 13:43:27.365,1.3265,1.3267,1.60,14.80
2010.09.29 13:43:31.907,1.3265,1.32665,1.00,1.00
2010.09.29 13:43:32.478,1.32645,1.32665,8.80,1.00
2010.09.29 13:43:32.734,1.32645,1.3266,7.20,1.40
2010.09.29 13:43:33.557,1.32645,1.3266,5.60,1.40
2010.09.29 13:43:33.866,1.32645,1.32655,1.60,1.00
2010.09.29 13:43:34.736,1.32645,1.32655,1.60,1.40
2010.09.29 13:43:35.088,1.32645,1.3266,1.60,5.40
2010.09.29 13:43:35.925,1.32645,1.3266,1.60,1.40
2010.09.29 13:43:36.284,1.32645,1.3266,3.20,5.40
2010.09.29 13:43:37.064,1.32645,1.32655,3.20,1.00
2010.09.29 13:43:37.363,1.32645,1.32655,1.60,1.00
2010.09.29 13:43:37.946,1.32645,1.3266,1.60,5.40
2010.09.29 13:43:40.140,1.32645,1.32655,1.60,1.00
2010.09.29 13:43:40.805,1.3264,1.32655,11.40,1.00
2010.09.29 13:43:42.450,1.3264,1.32655,16.20,1.00
2010.09.29 13:43:43.087,1.3264,1.32655,17.00,1.00
2010.09.29 13:43:43.927,1.3264,1.32655,13.00,1.00
2010.09.29 13:43:45.172,1.3264,1.32655,7.20,1.40
2010.09.29 13:43:45.970,1.3264,1.32655,7.40,1.40
2010.09.29 13:43:50.787,1.3264,1.32655,7.40,1.00
2010.09.29 13:43:57.043,1.3264,1.3266,8.20,8.80
2010.09.29 13:43:57.114,1.3264,1.3266,7.40,8.80
2010.09.29 13:43:57.721,1.3264,1.32655,7.40,1.00
2010.09.29 13:43:58.080,1.3264,1.3265,3.40,1.00
2010.09.29 13:43:59.298,1.3264,1.32655,7.40,1.40
2010.09.29 13:44:00.896,1.3264,1.3266,9.80,8.00
2010.09.29 13:44:01.698,1.3264,1.3266,9.00,8.00
2010.09.29 13:44:01.865,1.3264,1.32655,13.00,1.00
2010.09.29 13:44:04.085,1.32645,1.32655,1.00,1.00
2010.09.29 13:44:04.344,1.32645,1.3266,1.00,1.00
2010.09.29 13:44:04.847,1.3264,1.3266,17.40,1.00
2010.09.29 13:44:05.867,1.32645,1.32665,10.40,1.40
2010.09.29 13:44:06.188,1.32645,1.32665,2.40,1.40
2010.09.29 13:44:07.406,1.32645,1.32665,4.00,1.40
2010.09.29 13:44:10.965,1.32645,1.32665,8.00,5.40
2010.09.29 13:44:15.187,1.32655,1.3267,1.60,1.00
2010.09.29 13:44:15.529,1.32655,1.3267,5.60,1.40
2010.09.29 13:44:15.796,1.32655,1.3267,1.60,1.40
2010.09.29 13:44:16.625,1.3265,1.3267,1.60,4.80
2010.09.29 13:44:16.865,1.3265,1.32665,1.60,1.40
2010.09.29 13:44:17.661,1.32645,1.32665,2.40,1.40
2010.09.29 13:44:21.989,1.32645,1.32665,7.20,5.40
2010.09.29 13:44:22.340,1.32645,1.32665,7.20,1.40
2010.09.29 13:44:22.604,1.32645,1.32665,7.20,5.40
2010.09.29 13:44:23.424,1.32645,1.32665,7.20,1.40
2010.09.29 13:44:24.728,1.32645,1.32665,6.40,5.40
2010.09.29 13:44:24.998,1.32645,1.3266,1.60,1.00
2010.09.29 13:44:27.124,1.32645,1.32665,7.20,4.60
2010.09.29 13:44:27.387,1.32645,1.32665,6.40,5.40
2010.09.29 13:44:31.160,1.32645,1.32665,7.20,4.60
2010.09.29 13:44:31.275,1.32645,1.32665,7.20,1.00
2010.09.29 13:44:32.053,1.32645,1.32665,7.20,4.60
2010.09.29 13:44:32.760,1.3265,1.32665,2.40,4.00
2010.09.29 13:44:33.628,1.3265,1.3267,9.60,10.20
2010.09.29 13:44:33.975,1.3265,1.3267,1.60,15.00
2010.09.29 13:44:35.162,1.3265,1.32665,1.60,4.60
2010.09.29 13:44:35.401,1.32645,1.32665,3.20,4.60
2010.09.29 13:44:36.787,1.3265,1.3267,1.00,10.80
2010.09.29 13:44:37.070,1.3265,1.32665,2.40,1.00
2010.09.29 13:44:37.623,1.3265,1.32665,1.60,1.00
2010.09.29 13:44:37.968,1.32645,1.32665,3.20,4.60
2010.09.29 13:44:38.843,1.3265,1.32665,1.00,4.00
2010.09.29 13:44:39.202,1.32645,1.32665,7.40,4.60
2010.09.29 13:44:40.077,1.32645,1.32665,11.20,1.00
2010.09.29 13:44:40.437,1.3265,1.32665,1.60,1.00
2010.09.29 13:44:43.326,1.32655,1.3267,1.60,1.00
2010.09.29 13:44:45.042,1.32655,1.32675,2.40,11.00
2010.09.29 13:44:45.299,1.3266,1.32675,1.00,11.00
2010.09.29 13:44:45.944,1.3266,1.32675,1.00,9.60
2010.09.29 13:44:46.300,1.3265,1.32665,3.20,1.40
2010.09.29 13:44:47.154,1.32645,1.3266,3.20,1.00
2010.09.29 13:44:47.508,1.32645,1.32665,3.40,5.40
2010.09.29 13:44:47.820,1.32645,1.32665,8.00,1.40
2010.09.29 13:44:48.125,1.32645,1.32665,12.00,1.40
2010.09.29 13:44:50.574,1.32645,1.3267,12.80,14.00
2010.09.29 13:44:50.798,1.3265,1.3267,8.00,1.40
2010.09.29 13:44:51.098,1.3265,1.3267,4.00,1.40
2010.09.29 13:44:51.941,1.3265,1.3267,5.00,1.40
2010.09.29 13:44:52.232,1.32655,1.3267,1.60,1.40
2010.09.29 13:44:53.040,1.3265,1.3267,2.40,6.20
2010.09.29 13:44:54.991,1.3265,1.3267,2.40,6.80
2010.09.29 13:44:55.290,1.32645,1.32665,3.20,1.00
2010.09.29 13:44:56.286,1.32645,1.32665,11.20,1.00
2010.09.29 13:44:59.584,1.32645,1.32665,10.40,1.40
2010.09.29 13:45:01.029,1.32645,1.32665,6.40,1.40
2010.09.29 13:45:01.715,1.32645,1.32665,10.40,1.40
2010.09.29 13:45:02.993,1.32655,1.3267,1.60,3.80
2010.09.29 13:45:03.279,1.32655,1.3267,1.60,1.40
2010.09.29 13:45:03.965,1.3265,1.3267,6.60,1.40
2010.09.29 13:45:04.312,1.3265,1.3267,8.20,1.40
2010.09.29 13:45:05.834,1.32655,1.3267,1.60,1.40
2010.09.29 13:45:08.159,1.32655,1.3267,2.40,1.00
2010.09.29 13:45:08.497,1.32655,1.32675,3.20,9.40
2010.09.29 13:45:09.338,1.32655,1.3267,4.80,1.00
2010.09.29 13:45:09.626,1.32655,1.3267,1.00,1.00
2010.09.29 13:45:10.496,1.32655,1.3267,1.00,1.40
2010.09.29 13:45:11.350,1.3265,1.3267,17.00,1.40
2010.09.29 13:45:11.700,1.3265,1.3267,14.40,2.40
2010.09.29 13:45:12.415,1.3265,1.32665,4.00,1.40
2010.09.29 13:45:12.636,1.32645,1.32665,9.80,1.40
2010.09.29 13:45:13.511,1.32655,1.32675,2.40,3.80
2010.09.29 13:45:13.864,1.32655,1.32675,3.20,3.00
2010.09.29 13:45:15.444,1.3266,1.32675,1.80,1.40
2010.09.29 13:45:15.612,1.32675,1.3268,1.00,3.00
2010.09.29 13:45:16.273,1.3268,1.3269,1.00,1.60
2010.09.29 13:45:16.625,1.3268,1.32695,1.60,1.60
2010.09.29 13:45:19.306,1.3268,1.32695,1.60,5.60
2010.09.29 13:45:20.742,1.3268,1.32695,4.00,4.00
2010.09.29 13:45:21.050,1.3268,1.327,13.60,6.20
2010.09.29 13:45:21.344,1.32685,1.327,1.60,6.20
2010.09.29 13:45:22.551,1.32685,1.32695,1.60,1.00
2010.09.29 13:45:28.501,1.3268,1.32695,1.60,1.00
2010.09.29 13:45:33.653,1.3268,1.32695,3.20,1.00
2010.09.29 13:45:34.289,1.3268,1.32695,7.20,1.00
2010.09.29 13:45:34.641,1.3268,1.32695,3.20,1.00
2010.09.29 13:45:35.486,1.3268,1.32695,7.20,1.00
2010.09.29 13:45:36.189,1.3268,1.32695,3.20,1.00
2010.09.29 13:45:37.039,1.32685,1.32695,5.60,1.00
2010.09.29 13:45:37.398,1.3269,1.32695,1.00,1.00
2010.09.29 13:45:45.189,1.3269,1.32695,5.60,1.00
2010.09.29 13:45:45.835,1.32695,1.327,1.00,1.00
2010.09.29 13:45:46.075,1.32685,1.32695,7.20,1.00
2010.09.29 13:45:47.058,1.32685,1.32695,1.60,1.00
2010.09.29 13:45:47.390,1.32685,1.32695,8.00,1.00
2010.09.29 13:45:48.226,1.32685,1.32695,3.20,1.00
2010.09.29 13:45:48.587,1.32685,1.32695,1.60,1.00
2010.09.29 13:45:49.460,1.3268,1.32695,11.20,1.00
2010.09.29 13:45:49.830,1.3268,1.32695,9.60,1.00
2010.09.29 13:45:50.692,1.3268,1.32695,5.60,1.00
2010.09.29 13:45:51.050,1.32675,1.3269,5.60,4.80
2010.09.29 13:45:51.928,1.32675,1.3269,3.20,4.00
2010.09.29 13:45:52.285,1.32675,1.3269,1.60,3.20
2010.09.29 13:45:52.631,1.32675,1.32695,1.60,3.40
2010.09.29 13:45:53.547,1.3267,1.3269,1.60,3.60
2010.09.29 13:45:53.849,1.3267,1.3269,1.60,5.20
2010.09.29 13:45:55.050,1.3267,1.3269,1.60,5.40
2010.09.29 13:45:57.110,1.3267,1.3269,1.60,9.40
2010.09.29 13:45:57.189,1.3267,1.3269,1.60,15.00
2010.09.29 13:45:57.264,1.3267,1.3269,1.60,15.60
2010.09.29 13:45:57.333,1.3267,1.3269,1.00,16.40
2010.09.29 13:45:57.409,1.3267,1.3268,1.00,4.00
2010.09.29 13:45:57.488,1.32665,1.3268,3.20,4.00
2010.09.29 13:45:58.086,1.32665,1.3268,1.60,4.00
2010.09.29 13:45:58.501,1.3267,1.32685,3.20,1.00
2010.09.29 13:45:59.486,1.3267,1.32685,1.60,1.60
2010.09.29 13:46:00.705,1.3267,1.3268,1.00,2.40
2010.09.29 13:46:01.057,1.32665,1.3268,1.60,5.00
2010.09.29 13:46:01.598,1.32665,1.3268,1.60,5.80
2010.09.29 13:46:01.966,1.32665,1.3268,1.60,7.40
2010.09.29 13:46:03.186,1.3267,1.32685,4.00,6.20
2010.09.29 13:46:03.486,1.32675,1.3269,1.00,3.80
2010.09.29 13:46:04.318,1.32675,1.3269,1.00,5.40
2010.09.29 13:46:04.854,1.3267,1.3269,7.20,5.40
2010.09.29 13:46:05.090,1.32675,1.3269,1.00,5.40
2010.09.29 13:46:08.696,1.32675,1.3269,1.00,6.20
2010.09.29 13:46:09.400,1.3267,1.3269,7.20,6.80
2010.09.29 13:46:09.593,1.3267,1.3269,7.20,10.80
2010.09.29 13:46:09.790,1.3267,1.3269,9.60,10.80
2010.09.29 13:46:10.525,1.3267,1.3269,8.80,10.80
2010.09.29 13:46:10.881,1.3267,1.3268,4.00,4.60
2010.09.29 13:46:11.756,1.3266,1.3268,3.20,11.60
2010.09.29 13:46:12.648,1.3266,1.3268,2.40,11.60
2010.09.29 13:46:12.970,1.3266,1.3268,3.20,14.20
2010.09.29 13:46:14.153,1.3266,1.3268,1.60,12.40
2010.09.29 13:46:15.680,1.32655,1.32675,12.80,1.00
2010.09.29 13:46:15.873,1.32655,1.32675,4.80,8.60
2010.09.29 13:46:16.055,1.3266,1.32675,1.60,8.60
2010.09.29 13:46:16.782,1.3266,1.32675,3.20,8.00
2010.09.29 13:46:18.983,1.32665,1.32675,1.00,8.00
2010.09.29 13:46:19.337,1.32665,1.3268,1.00,10.20
2010.09.29 13:46:20.575,1.3266,1.3268,3.20,10.20
2010.09.29 13:46:23.449,1.3266,1.3268,3.20,14.20
2010.09.29 13:46:24.753,1.32665,1.3268,1.00,10.20
2010.09.29 13:46:25.332,1.32665,1.3268,1.60,10.20
2010.09.29 13:46:25.656,1.32665,1.3268,1.00,14.20
2010.09.29 13:46:28.375,1.32665,1.3268,3.20,6.20
2010.09.29 13:46:38.543,1.32665,1.3268,5.60,2.40
2010.09.29 13:46:39.333,1.32665,1.3268,7.20,3.20
2010.09.29 13:46:39.615,1.32665,1.3268,3.20,3.40
2010.09.29 13:46:42.185,1.3267,1.3268,1.60,1.00
2010.09.29 13:46:44.511,1.3267,1.3268,1.60,1.00
2010.09.29 13:46:45.356,1.3267,1.3268,3.20,1.00
2010.09.29 13:46:45.566,1.32665,1.3268,11.20,2.60
2010.09.29 13:46:45.775,1.32665,1.3268,3.20,2.60
2010.09.29 13:46:46.554,1.3267,1.3268,1.00,1.00
2010.09.29 13:46:46.905,1.32665,1.3268,4.00,1.00
2010.09.29 13:46:47.793,1.3267,1.3268,1.00,1.00
2010.09.29 13:46:53.208,1.32675,1.3268,1.00,1.00
2010.09.29 13:46:53.526,1.32675,1.3268,1.00,1.00
2010.09.29 13:46:55.662,1.3267,1.3268,2.40,1.00
2010.09.29 13:46:55.913,1.32675,1.32685,1.00,1.60
2010.09.29 13:46:56.165,1.3268,1.32695,1.00,4.40
2010.09.29 13:46:56.889,1.3268,1.32695,1.60,2.80
2010.09.29 13:46:58.607,1.3268,1.32695,1.60,2.00
2010.09.29 13:46:58.935,1.32685,1.32695,1.00,2.00
2010.09.29 13:46:59.676,1.3268,1.32695,5.60,1.00
2010.09.29 13:46:59.943,1.3268,1.32695,1.60,1.00
2010.09.29 13:47:11.615,1.32685,1.32695,4.00,1.00
2010.09.29 13:47:13.619,1.32685,1.32695,8.00,1.00
2010.09.29 13:47:13.826,1.32685,1.32695,8.00,1.00
2010.09.29 13:47:14.788,1.32685,1.32695,8.00,1.00
2010.09.29 13:47:15.480,1.32685,1.32695,8.00,1.00
2010.09.29 13:47:17.057,1.3267,1.32685,1.00,4.80
2010.09.29 13:47:17.411,1.3267,1.32685,3.20,1.00
2010.09.29 13:47:17.935,1.3267,1.32685,3.20,5.00
2010.09.29 13:47:18.287,1.3267,1.32685,3.20,1.00
2010.09.29 13:47:18.645,1.3267,1.32685,3.20,4.80
2010.09.29 13:47:19.505,1.3267,1.32685,3.20,4.00
2010.09.29 13:47:19.881,1.3267,1.32685,2.40,4.00
2010.09.29 13:47:20.749,1.32675,1.3269,1.00,11.80
2010.09.29 13:47:21.106,1.32675,1.3269,3.20,1.60
2010.09.29 13:47:22.249,1.3268,1.32695,2.40,3.40
2010.09.29 13:47:23.604,1.3268,1.32695,2.40,4.00
2010.09.29 13:47:28.343,1.32675,1.32695,7.20,5.40
2010.09.29 13:47:28.615,1.32675,1.3269,1.60,2.80
2010.09.29 13:47:29.404,1.3267,1.32685,1.60,1.00
2010.09.29 13:47:30.990,1.3267,1.3269,2.40,6.80
2010.09.29 13:47:31.341,1.3267,1.32685,1.60,1.00
2010.09.29 13:47:33.884,1.3267,1.32685,1.60,4.60
2010.09.29 13:47:34.718,1.3267,1.32685,1.60,8.60
2010.09.29 13:47:35.075,1.3267,1.32685,2.40,4.00
2010.09.29 13:47:35.423,1.3267,1.3269,2.40,14.00
2010.09.29 13:47:36.146,1.3267,1.3268,1.60,1.00
2010.09.29 13:47:36.431,1.32665,1.32675,1.60,1.60
2010.09.29 13:47:37.190,1.32665,1.3268,2.40,2.20
2010.09.29 13:47:37.547,1.32665,1.32685,3.20,4.60
2010.09.29 13:47:38.402,1.32665,1.32685,3.20,4.00
2010.09.29 13:47:38.758,1.32665,1.32685,2.40,4.60
2010.09.29 13:47:39.102,1.32665,1.32685,1.60,6.20
2010.09.29 13:47:39.925,1.32665,1.3268,1.60,1.00
2010.09.29 13:47:40.617,1.32665,1.3268,1.60,1.40
2010.09.29 13:47:41.377,1.3267,1.32675,1.00,1.60
2010.09.29 13:47:41.644,1.3267,1.3269,9.60,6.60
2010.09.29 13:47:42.209,1.3267,1.3269,5.60,11.20
2010.09.29 13:47:42.567,1.3267,1.32685,9.60,1.60
2010.09.29 13:47:44.400,1.3267,1.3269,9.60,15.20
2010.09.29 13:47:45.235,1.3267,1.3269,5.60,15.20
2010.09.29 13:47:47.355,1.32675,1.3269,1.60,15.00
2010.09.29 13:47:47.528,1.32675,1.3269,2.40,11.20
2010.09.29 13:47:48.346,1.3268,1.32695,5.70,1.00
2010.09.29 13:47:50.260,1.3268,1.32695,5.90,1.00
2010.09.29 13:47:51.526,1.3268,1.32695,5.80,1.00
2010.09.29 13:47:52.740,1.32675,1.3269,4.00,3.80
2010.09.29 13:47:53.022,1.32675,1.3269,5.60,3.80
2010.09.29 13:47:53.311,1.32675,1.3269,5.60,5.40
2010.09.29 13:47:53.849,1.32675,1.3269,4.80,5.40
2010.09.29 13:47:54.181,1.3267,1.3269,8.80,9.40
2010.09.29 13:47:54.512,1.32675,1.3269,1.00,9.40
2010.09.29 13:47:54.840,1.32675,1.3269,1.00,5.40
2010.09.29 13:47:57.484,1.3268,1.32695,3.20,1.00
2010.09.29 13:47:58.470,1.3268,1.32695,2.40,1.00
2010.09.29 13:47:58.823,1.3268,1.32695,2.40,1.80
2010.09.29 13:48:01.807,1.3268,1.32695,1.60,5.60
2010.09.29 13:48:01.982,1.3268,1.32695,1.60,5.40
2010.09.29 13:48:02.158,1.32675,1.3269,2.40,1.00
2010.09.29 13:48:03.055,1.3268,1.32695,1.60,10.40
2010.09.29 13:48:03.930,1.3267,1.3269,3.20,3.00
2010.09.29 13:48:04.736,1.32665,1.3268,4.00,1.40
2010.09.29 13:48:05.017,1.32665,1.32675,1.60,1.00
2010.09.29 13:48:05.887,1.32665,1.32675,1.60,1.40
2010.09.29 13:48:06.566,1.32665,1.32675,1.60,1.00
2010.09.29 13:48:07.459,1.32665,1.3268,1.60,1.00
2010.09.29 13:48:08.338,1.3267,1.3269,3.20,8.00
2010.09.29 13:48:08.694,1.3267,1.3269,3.20,16.00
2010.09.29 13:48:09.554,1.3267,1.32685,1.60,1.00
2010.09.29 13:48:09.865,1.3267,1.32685,1.60,5.40
2010.09.29 13:48:11.020,1.3267,1.32685,1.60,9.40
2010.09.29 13:48:11.692,1.32675,1.32685,2.40,1.00
2010.09.29 13:48:12.565,1.3268,1.32695,1.60,3.20
2010.09.29 13:48:12.908,1.3268,1.32695,1.60,4.00
2010.09.29 13:48:14.054,1.3268,1.32695,1.60,3.20
2010.09.29 13:48:15.165,1.32675,1.3269,4.00,7.00
2010.09.29 13:48:15.516,1.3267,1.32685,2.40,1.00
2010.09.29 13:48:16.359,1.3267,1.32685,1.60,5.40
2010.09.29 13:48:16.717,1.3267,1.32685,1.60,11.00
2010.09.29 13:48:17.491,1.3267,1.3268,1.60,1.00
2010.09.29 13:48:17.825,1.32665,1.32675,1.60,2.40
2010.09.29 13:48:18.616,1.32665,1.32675,1.60,4.00
2010.09.29 13:48:18.948,1.32665,1.32675,1.60,1.40
2010.09.29 13:48:19.998,1.32665,1.3268,1.60,1.00
2010.09.29 13:48:21.155,1.32665,1.32685,2.40,3.00
2010.09.29 13:48:21.507,1.3267,1.32685,4.00,1.40
2010.09.29 13:48:22.649,1.3267,1.32685,4.00,1.00
2010.09.29 13:48:23.067,1.3267,1.32685,2.40,1.00
2010.09.29 13:48:24.894,1.3267,1.32685,6.40,1.00
2010.09.29 13:48:25.042,1.3267,1.3269,7.20,12.40
2010.09.29 13:48:25.187,1.3267,1.3269,7.20,8.40
2010.09.29 13:48:27.172,1.32675,1.3269,6.40,5.40
2010.09.29 13:48:27.385,1.3267,1.3269,10.50,3.80
2010.09.29 13:48:27.942,1.3267,1.3269,9.60,4.40
2010.09.29 13:48:28.154,1.32675,1.3269,1.00,7.00
2010.09.29 13:48:29.199,1.3267,1.3269,8.00,8.40
2010.09.29 13:48:29.720,1.3267,1.3269,12.00,8.40
2010.09.29 13:48:30.430,1.32675,1.3269,8.00,7.00
2010.09.29 13:48:30.954,1.32675,1.3269,8.00,5.40
2010.09.29 13:48:31.236,1.32675,1.3269,1.00,7.00
2010.09.29 13:48:33.934,1.32675,1.3269,1.00,8.80
2010.09.29 13:48:34.285,1.3267,1.3269,7.20,6.00
2010.09.29 13:48:35.153,1.3267,1.32685,1.00,1.00
2010.09.29 13:48:37.066,1.32675,1.32685,2.40,1.00
2010.09.29 13:48:37.165,1.32675,1.3269,2.40,6.00
2010.09.29 13:48:38.124,1.3267,1.3269,4.00,5.60
2010.09.29 13:48:38.991,1.3267,1.3269,1.60,8.60
2010.09.29 13:48:39.517,1.3267,1.3269,4.00,7.80
2010.09.29 13:48:40.476,1.3267,1.3269,1.60,7.80
2010.09.29 13:48:40.833,1.3267,1.3269,1.60,8.60
2010.09.29 13:48:41.179,1.3267,1.3269,1.60,9.20
2010.09.29 13:48:42.952,1.32675,1.3269,2.40,5.20
2010.09.29 13:48:43.180,1.3267,1.3269,1.60,17.20
2010.09.29 13:48:43.904,1.3267,1.3269,1.60,13.20
2010.09.29 13:48:44.904,1.3267,1.3269,1.60,17.20
2010.09.29 13:48:45.700,1.3267,1.3269,1.60,15.60
2010.09.29 13:48:45.983,1.3267,1.3269,1.60,11.60
2010.09.29 13:48:46.389,1.3267,1.3269,7.20,10.00
2010.09.29 13:48:47.037,1.32675,1.3269,6.40,3.00
2010.09.29 13:48:47.344,1.32675,1.32695,8.00,1.40
2010.09.29 13:48:47.638,1.32675,1.32695,4.00,1.00
2010.09.29 13:48:49.114,1.3268,1.32695,8.10,1.00
2010.09.29 13:48:49.333,1.3268,1.32695,9.70,1.00
2010.09.29 13:48:50.141,1.32685,1.32695,1.00,1.00
2010.09.29 13:48:50.501,1.3268,1.32695,6.50,1.00
2010.09.29 13:48:51.092,1.3268,1.32695,2.50,1.00
2010.09.29 13:48:51.451,1.32675,1.3269,7.30,1.00
2010.09.29 13:48:52.007,1.32675,1.3269,7.50,1.00
2010.09.29 13:48:52.368,1.32675,1.3269,4.90,3.40
2010.09.29 13:48:53.250,1.32675,1.32685,4.00,1.00
2010.09.29 13:48:53.604,1.3267,1.3269,15.20,6.80
2010.09.29 13:48:54.621,1.3267,1.32685,1.60,6.20
2010.09.29 13:48:54.977,1.3267,1.32685,1.60,3.00
2010.09.29 13:48:55.854,1.3267,1.32685,1.60,9.40
2010.09.29 13:48:56.206,1.3267,1.32685,1.60,1.40
2010.09.29 13:48:56.729,1.3267,1.32685,1.60,1.00
2010.09.29 13:48:58.358,1.3267,1.3269,6.40,13.20
2010.09.29 13:48:59.199,1.32675,1.3269,2.40,11.80
2010.09.29 13:48:59.516,1.3268,1.32695,2.40,1.00
2010.09.29 13:49:00.648,1.3268,1.32695,2.40,2.40
2010.09.29 13:49:01.823,1.32685,1.32695,4.00,1.00
2010.09.29 13:49:02.088,1.3268,1.32695,7.20,1.00
2010.09.29 13:49:03.318,1.3268,1.32695,3.20,1.00
2010.09.29 13:49:04.551,1.3268,1.32695,7.20,1.00
2010.09.29 13:49:05.399,1.3268,1.32695,3.20,1.00
2010.09.29 13:49:05.672,1.3268,1.32695,7.20,1.00
2010.09.29 13:49:06.753,1.3268,1.32695,3.20,1.00
2010.09.29 13:49:08.350,1.32685,1.32695,2.40,1.00
2010.09.29 13:49:09.226,1.32685,1.32695,1.00,1.00
2010.09.29 13:49:10.455,1.3268,1.32695,7.20,1.00
2010.09.29 13:49:10.803,1.32685,1.32695,1.00,1.00
2010.09.29 13:49:16.999,1.32685,1.32695,4.00,1.00
2010.09.29 13:49:17.108,1.32685,1.32695,12.00,1.00
2010.09.29 13:49:17.918,1.32685,1.32695,8.00,1.00
2010.09.29 13:49:20.759,1.3268,1.32695,9.60,1.00
2010.09.29 13:49:21.746,1.3268,1.32695,7.20,1.00
2010.09.29 13:49:22.104,1.3268,1.32695,3.20,1.00
2010.09.29 13:49:23.727,1.3269,1.32695,1.60,1.00
2010.09.29 13:49:24.609,1.3269,1.32695,5.60,1.00
2010.09.29 13:49:26.502,1.3269,1.32695,4.00,1.00
2010.09.29 13:49:27.407,1.3269,1.32695,1.00,1.00
2010.09.29 13:49:29.978,1.32685,1.32695,5.60,1.00
2010.09.29 13:49:30.300,1.32685,1.327,3.20,5.00
2010.09.29 13:49:30.962,1.32685,1.32695,3.20,1.00
2010.09.29 13:49:31.323,1.3268,1.32695,2.40,1.80
2010.09.29 13:49:32.123,1.3268,1.32695,2.40,1.60
2010.09.29 13:49:32.828,1.3268,1.32695,2.40,6.40
2010.09.29 13:49:33.347,1.3268,1.32695,2.40,10.40
2010.09.29 13:49:33.709,1.32685,1.327,1.00,15.40
2010.09.29 13:49:34.820,1.32685,1.327,1.00,7.40
2010.09.29 13:49:35.140,1.3269,1.327,1.00,2.60
2010.09.29 13:49:35.672,1.3269,1.327,4.80,2.60
2010.09.29 13:49:36.030,1.3268,1.32695,6.40,1.40
2010.09.29 13:49:36.868,1.3268,1.3269,4.00,5.00
2010.09.29 13:49:37.235,1.3268,1.3269,1.60,9.60
2010.09.29 13:49:38.117,1.3268,1.32695,1.60,1.60
2010.09.29 13:49:38.473,1.3268,1.32695,2.40,1.00
2010.09.29 13:49:39.338,1.3268,1.32695,1.60,1.00
2010.09.29 13:49:39.703,1.3268,1.32695,1.60,2.20
2010.09.29 13:49:41.497,1.3268,1.32695,4.80,1.60
2010.09.29 13:49:41.833,1.3268,1.32695,5.60,1.60
2010.09.29 13:49:42.352,1.3268,1.327,5.60,8.80
2010.09.29 13:49:42.530,1.3268,1.327,13.60,8.80
2010.09.29 13:49:44.411,1.3268,1.32695,13.60,1.60
2010.09.29 13:49:45.715,1.3268,1.32695,11.20,1.60
2010.09.29 13:49:46.060,1.3268,1.32695,7.20,1.60
2010.09.29 13:49:46.229,1.3268,1.32695,6.40,1.60
2010.09.29 13:49:46.916,1.3268,1.32695,1.60,4.60
2010.09.29 13:49:47.273,1.3268,1.32695,1.60,8.60
2010.09.29 13:49:48.626,1.3268,1.327,3.20,17.60
2010.09.29 13:49:48.870,1.32675,1.3269,11.20,1.00
2010.09.29 13:49:49.734,1.3267,1.3269,3.20,7.00
2010.09.29 13:49:50.083,1.3267,1.3269,3.20,7.20
2010.09.29 13:49:50.999,1.32675,1.3269,2.40,1.60
2010.09.29 13:49:52.187,1.3267,1.32685,4.80,2.40
2010.09.29 13:49:52.548,1.3267,1.32685,3.20,2.40
2010.09.29 13:49:52.901,1.32675,1.3269,1.00,11.00
2010.09.29 13:49:53.653,1.32675,1.3269,1.00,7.00
2010.09.29 13:49:55.044,1.3267,1.3269,8.80,6.00
2010.09.29 13:49:55.355,1.3267,1.3269,3.20,11.60
2010.09.29 13:49:56.169,1.3267,1.3269,3.20,12.40
2010.09.29 13:49:58.618,1.3267,1.3269,7.20,8.40
2010.09.29 13:49:59.593,1.3267,1.3269,3.20,12.40
2010.09.29 13:49:59.840,1.3267,1.3269,7.20,8.40
2010.09.29 13:50:00.090,1.3267,1.3269,7.20,7.60
2010.09.29 13:50:00.856,1.3267,1.3269,7.20,7.00
2010.09.29 13:50:01.160,1.3267,1.3269,3.20,7.00
2010.09.29 13:50:02.644,1.3267,1.3268,1.60,7.00
2010.09.29 13:50:02.911,1.3267,1.32675,1.60,3.00
2010.09.29 13:50:04.077,1.32665,1.32675,1.60,3.80
2010.09.29 13:50:04.438,1.32665,1.32675,1.60,1.40
2010.09.29 13:50:05.274,1.3267,1.32675,1.60,1.00
2010.09.29 13:50:05.634,1.3265,1.3266,1.60,1.00
2010.09.29 13:50:06.544,1.3266,1.3267,1.00,10.40
2010.09.29 13:50:07.479,1.3267,1.32675,1.00,8.00
2010.09.29 13:50:07.706,1.3267,1.32675,1.00,8.00
2010.09.29 13:50:08.416,1.3267,1.32675,1.00,4.00
2010.09.29 13:50:08.771,1.32665,1.32685,5.60,3.20
2010.09.29 13:50:09.479,1.32665,1.32685,3.20,4.80
2010.09.29 13:50:09.836,1.32665,1.3268,1.60,1.60
2010.09.29 13:50:11.060,1.32665,1.3268,1.60,3.00
2010.09.29 13:50:11.402,1.32665,1.3268,1.60,4.60
2010.09.29 13:50:12.502,1.32665,1.3268,1.60,3.00
2010.09.29 13:50:15.405,1.32665,1.3268,1.60,6.20
2010.09.29 13:50:15.754,1.32665,1.3268,1.60,14.20
2010.09.29 13:50:16.313,1.32665,1.3268,1.60,15.80
2010.09.29 13:50:16.671,1.32665,1.3268,1.60,7.00
2010.09.29 13:50:17.551,1.32665,1.3267,1.60,2.40
2010.09.29 13:50:17.839,1.32665,1.32675,1.60,1.40
2010.09.29 13:50:18.606,1.32665,1.3267,1.60,1.00
2010.09.29 13:50:19.559,1.32655,1.3267,1.60,3.80
2010.09.29 13:50:20.374,1.3265,1.3267,7.20,1.40
2010.09.29 13:50:20.674,1.3265,1.3267,7.20,5.40
2010.09.29 13:50:20.981,1.3265,1.3267,7.20,9.40
2010.09.29 13:50:21.850,1.3265,1.3267,7.40,9.40
2010.09.29 13:50:22.170,1.3265,1.32665,3.20,1.40
2010.09.29 13:50:23.011,1.3265,1.32665,5.00,1.40
2010.09.29 13:50:24.246,1.3265,1.32665,2.60,7.80
2010.09.29 13:50:24.507,1.3265,1.32665,5.00,9.40
2010.09.29 13:50:25.225,1.3265,1.32665,5.00,5.40
2010.09.29 13:50:25.828,1.3265,1.32665,5.00,1.40
2010.09.29 13:50:26.987,1.3265,1.32665,2.40,1.00
2010.09.29 13:50:27.294,1.32655,1.3267,1.40,4.60
2010.09.29 13:50:28.108,1.32655,1.32675,2.20,7.00
2010.09.29 13:50:28.414,1.32655,1.32675,1.80,3.00
2010.09.29 13:50:29.778,1.32655,1.32675,1.00,3.00
2010.09.29 13:50:31.055,1.3265,1.32675,6.40,3.00
2010.09.29 13:50:32.511,1.3265,1.3267,4.00,7.80
2010.09.29 13:50:32.868,1.32655,1.3267,1.00,1.00
2010.09.29 13:50:33.066,1.32655,1.3267,1.00,1.00
2010.09.29 13:50:33.257,1.3265,1.3267,12.40,1.00
2010.09.29 13:50:33.456,1.3265,1.3267,10.40,1.00
2010.09.29 13:50:33.644,1.3265,1.3267,6.40,1.00
2010.09.29 13:50:34.428,1.32655,1.3267,1.00,1.00
2010.09.29 13:50:34.636,1.3265,1.3267,17.20,1.00
2010.09.29 13:50:35.370,1.3265,1.3267,6.40,1.00
2010.09.29 13:50:35.726,1.32655,1.3267,1.00,5.00
2010.09.29 13:50:36.588,1.32655,1.3267,1.00,6.60
2010.09.29 13:50:36.615,1.3265,1.3267,4.00,7.20
2010.09.29 13:50:36.972,1.32645,1.32655,8.00,1.00
2010.09.29 13:50:37.823,1.3264,1.32655,5.00,1.00
2010.09.29 13:50:38.134,1.3264,1.32655,9.00,1.00
2010.09.29 13:50:38.446,1.3264,1.3266,12.00,7.80
2010.09.29 13:50:39.227,1.3264,1.3266,12.80,4.00
2010.09.29 13:50:39.514,1.32645,1.32665,4.00,5.40
2010.09.29 13:50:40.292,1.32645,1.32665,4.00,7.00
2010.09.29 13:50:40.642,1.3264,1.32665,17.40,5.40
2010.09.29 13:50:43.785,1.3264,1.32665,17.40,7.00
2010.09.29 13:50:43.998,1.3264,1.32665,18.20,7.00
2010.09.29 13:50:44.664,1.32645,1.32665,4.80,3.00
2010.09.29 13:50:46.470,1.32645,1.3266,4.00,1.40
2010.09.29 13:50:46.785,1.32645,1.3266,5.60,1.40
2010.09.29 13:50:47.109,1.32645,1.3266,9.60,1.40
2010.09.29 13:50:47.936,1.32645,1.3266,5.60,1.40
2010.09.29 13:50:48.837,1.32645,1.3266,12.00,1.00
2010.09.29 13:50:49.632,1.32645,1.3266,8.00,1.00
2010.09.29 13:50:50.160,1.3264,1.3266,17.40,1.00
2010.09.29 13:50:50.860,1.3264,1.3266,17.40,1.40
2010.09.29 13:50:54.228,1.32645,1.3266,3.80,1.40
2010.09.29 13:50:54.484,1.32655,1.3267,10.40,1.00
2010.09.29 13:50:55.600,1.32655,1.3267,10.40,1.00
2010.09.29 13:50:56.673,1.32655,1.32665,10.40,1.00
2010.09.29 13:50:56.898,1.32655,1.3267,12.00,1.60
2010.09.29 13:50:57.613,1.32665,1.32675,2.40,1.00
2010.09.29 13:50:57.959,1.32665,1.3268,2.40,3.00
2010.09.29 13:50:59.199,1.32655,1.32675,2.60,1.40
2010.09.29 13:51:02.656,1.32655,1.32675,4.20,1.40
2010.09.29 13:51:03.011,1.32665,1.3268,2.40,1.40
2010.09.29 13:51:03.788,1.32665,1.3268,2.40,3.00
2010.09.29 13:51:04.055,1.32655,1.3267,1.00,1.40
2010.09.29 13:51:04.319,1.32655,1.3267,2.40,1.40
2010.09.29 13:51:05.222,1.32655,1.3267,3.20,1.00
2010.09.29 13:51:06.060,1.32655,1.32675,4.00,1.40
2010.09.29 13:51:06.411,1.32655,1.32675,4.80,1.40
2010.09.29 13:51:07.256,1.32655,1.32675,4.00,1.40
2010.09.29 13:51:07.987,1.32655,1.32675,12.00,1.40
2010.09.29 13:51:08.128,1.32655,1.32675,12.80,1.40
2010.09.29 13:51:09.708,1.3266,1.32675,1.00,1.40
2010.09.29 13:51:10.077,1.3267,1.32685,6.40,1.40
2010.09.29 13:51:10.949,1.32665,1.3268,1.60,8.00
2010.09.29 13:51:12.053,1.32665,1.3268,1.60,4.00
2010.09.29 13:51:13.586,1.3267,1.32685,1.00,8.60
2010.09.29 13:51:14.471,1.3267,1.3268,1.00,4.00
2010.09.29 13:51:14.828,1.32675,1.3269,1.00,7.60
2010.09.29 13:51:15.959,1.32675,1.3269,3.20,5.20
2010.09.29 13:51:16.268,1.32675,1.32685,1.00,8.00
2010.09.29 13:51:16.521,1.3267,1.3268,1.00,1.00
2010.09.29 13:51:16.772,1.32665,1.3267,1.00,8.00
2010.09.29 13:51:17.623,1.3265,1.3267,10.20,1.40
2010.09.29 13:51:19.306,1.3265,1.3267,9.40,1.40
2010.09.29 13:51:20.093,1.3265,1.3267,13.40,1.40
2010.09.29 13:51:20.365,1.3265,1.3267,9.40,1.40
2010.09.29 13:51:21.506,1.3265,1.32655,2.40,1.00
2010.09.29 13:51:21.856,1.3264,1.32655,1.60,4.80
2010.09.29 13:51:22.414,1.3264,1.32655,3.20,3.20
2010.09.29 13:51:22.769,1.3264,1.32655,3.20,3.80
2010.09.29 13:51:23.132,1.32645,1.32655,1.80,4.00
2010.09.29 13:51:24.009,1.32645,1.3266,4.80,3.80
2010.09.29 13:51:24.889,1.32645,1.32665,1.00,1.40
2010.09.29 13:51:25.156,1.32645,1.32665,1.80,1.00
2010.09.29 13:51:25.917,1.32645,1.32665,6.60,1.00
2010.09.29 13:51:26.629,1.32635,1.3264,15.30,1.00
2010.09.29 13:51:27.410,1.3263,1.32635,1.00,1.00
2010.09.29 13:51:27.719,1.3263,1.3265,1.00,2.20
2010.09.29 13:51:28.026,1.3263,1.3265,1.60,1.00
2010.09.29 13:51:28.633,1.32635,1.32655,1.00,4.60
2010.09.29 13:51:29.228,1.32635,1.32655,1.00,3.80
2010.09.29 13:51:29.517,1.32645,1.32665,2.40,1.00
2010.09.29 13:51:30.293,1.3265,1.3267,3.20,2.20
2010.09.29 13:51:30.549,1.32655,1.32675,1.00,4.60
2010.09.29 13:51:31.419,1.32655,1.32665,1.00,1.00
2010.09.29 13:51:31.778,1.32645,1.32665,2.40,2.20
2010.09.29 13:51:32.642,1.3265,1.3267,1.00,7.80
2010.09.29 13:51:32.905,1.3265,1.3266,4.00,1.60
2010.09.29 13:51:33.163,1.32645,1.3265,1.00,2.40
2010.09.29 13:51:33.910,1.32645,1.32655,1.00,1.00
2010.09.29 13:51:34.270,1.32655,1.3267,1.00,1.60
2010.09.29 13:51:35.525,1.3265,1.3267,1.00,10.20
2010.09.29 13:51:35.875,1.3265,1.32665,1.00,1.60
2010.09.29 13:51:37.420,1.3265,1.32665,3.20,1.60
2010.09.29 13:51:38.159,1.3265,1.32665,1.60,1.60
2010.09.29 13:51:38.436,1.3265,1.3267,4.00,11.00
2010.09.29 13:51:38.716,1.3265,1.3267,4.80,9.40
2010.09.29 13:51:39.276,1.3265,1.3267,2.40,9.40
2010.09.29 13:51:39.575,1.3265,1.32665,4.00,1.60
2010.09.29 13:51:40.405,1.32655,1.3267,1.00,2.40
2010.09.29 13:51:40.726,1.32655,1.3267,1.00,1.60
2010.09.29 13:51:42.229,1.32655,1.3267,9.60,1.60
2010.09.29 13:51:42.478,1.3266,1.32675,12.00,1.60
2010.09.29 13:51:43.458,1.3266,1.32675,10.40,3.00
2010.09.29 13:51:43.820,1.3265,1.32665,1.00,1.60
2010.09.29 13:51:45.323,1.32625,1.3264,1.60,2.40
2010.09.29 13:51:45.928,1.3262,1.3264,4.80,3.20
2010.09.29 13:51:46.207,1.3262,1.3264,1.60,7.40
2010.09.29 13:51:46.480,1.3262,1.3264,1.60,6.60
2010.09.29 13:51:47.539,1.3262,1.3264,5.60,7.20
2010.09.29 13:51:48.442,1.3263,1.3264,1.00,6.60
2010.09.29 13:51:48.746,1.3263,1.3264,1.00,1.00
2010.09.29 13:51:49.451,1.32625,1.3264,4.00,3.80
2010.09.29 13:51:49.808,1.3262,1.32635,4.00,2.00
2010.09.29 13:51:50.160,1.32615,1.32635,3.20,1.40
2010.09.29 13:51:51.043,1.32615,1.32635,3.20,2.20
2010.09.29 13:51:51.392,1.32615,1.32635,3.20,1.40
2010.09.29 13:51:52.639,1.326,1.3262,3.20,5.00
2010.09.29 13:51:53.795,1.326,1.3262,7.20,5.00
2010.09.29 13:51:54.110,1.32605,1.3262,1.00,8.80
2010.09.29 13:51:54.647,1.32605,1.3262,1.60,6.40
2010.09.29 13:51:54.999,1.326,1.32615,1.00,4.00
2010.09.29 13:51:55.359,1.3259,1.3261,1.20,8.00
2010.09.29 13:51:55.905,1.3259,1.3261,1.20,4.00
2010.09.29 13:51:56.259,1.3259,1.32605,1.60,2.40
2010.09.29 13:51:56.547,1.32595,1.3261,1.00,8.00
2010.09.29 13:51:57.071,1.32595,1.3261,1.00,4.00
2010.09.29 13:51:57.360,1.32595,1.32615,3.20,3.20
2010.09.29 13:51:58.253,1.326,1.3262,1.60,7.60
2010.09.29 13:51:58.611,1.32595,1.3261,3.20,1.00
2010.09.29 13:51:59.776,1.32595,1.32615,3.20,2.60
2010.09.29 13:52:00.665,1.326,1.32615,1.00,1.40
2010.09.29 13:52:01.021,1.326,1.32615,3.20,1.00
2010.09.29 13:52:01.828,1.326,1.32615,4.80,1.00
2010.09.29 13:52:02.084,1.326,1.32615,3.20,1.00
2010.09.29 13:52:02.877,1.326,1.32615,4.80,1.00
2010.09.29 13:52:03.240,1.32575,1.3259,8.80,2.40
2010.09.29 13:52:04.136,1.32575,1.3258,8.00,2.40
2010.09.29 13:52:04.471,1.32585,1.3259,4.00,9.40
2010.09.29 13:52:05.176,1.3257,1.3259,1.60,12.00
2010.09.29 13:52:05.526,1.32575,1.3259,1.00,2.40
2010.09.29 13:52:07.086,1.32575,1.32595,1.00,11.80
2010.09.29 13:52:07.655,1.32575,1.32595,1.00,9.40
2010.09.29 13:52:07.996,1.3258,1.326,3.20,4.80
2010.09.29 13:52:09.086,1.3258,1.326,1.60,6.40
2010.09.29 13:52:09.401,1.3258,1.326,1.60,15.00
2010.09.29 13:52:10.810,1.3257,1.3259,1.60,11.80
2010.09.29 13:52:11.133,1.3257,1.3259,1.00,11.80
2010.09.29 13:52:11.709,1.3257,1.32585,1.00,1.00
2010.09.29 13:52:12.069,1.32565,1.3258,1.60,4.80
2010.09.29 13:52:12.889,1.32565,1.3258,1.60,3.20
2010.09.29 13:52:13.225,1.32565,1.3258,1.00,3.20
2010.09.29 13:52:14.138,1.3256,1.32575,1.00,3.80
2010.09.29 13:52:15.008,1.3256,1.32565,3.20,1.00
2010.09.29 13:52:15.368,1.3255,1.32565,1.00,4.80
2010.09.29 13:52:16.267,1.32545,1.32565,10.60,6.80
2010.09.29 13:52:17.160,1.32545,1.3256,5.40,1.00
2010.09.29 13:52:18.144,1.3255,1.3256,1.00,1.00
2010.09.29 13:52:18.407,1.32545,1.3256,3.80,3.00
2010.09.29 13:52:19.133,1.32545,1.3256,3.00,4.60
2010.09.29 13:52:19.481,1.32535,1.32545,1.00,9.40
2010.09.29 13:52:20.265,1.3253,1.32545,8.80,1.40
2010.09.29 13:52:20.517,1.3253,1.3254,1.00,1.40
2010.09.29 13:52:21.370,1.32525,1.32535,4.20,1.00
2010.09.29 13:52:21.740,1.32525,1.3253,2.40,1.40
2010.09.29 13:52:22.299,1.32525,1.3253,2.40,1.00
2010.09.29 13:52:22.657,1.3252,1.32535,4.20,9.40
2010.09.29 13:52:23.510,1.3252,1.32535,1.00,8.60
2010.09.29 13:52:23.868,1.3251,1.32525,8.00,5.40
2010.09.29 13:52:24.624,1.32515,1.32525,8.00,5.40
2010.09.29 13:52:24.895,1.3251,1.3252,8.00,4.80
2010.09.29 13:52:25.746,1.3251,1.3252,8.00,2.60
2010.09.29 13:52:26.099,1.32515,1.3252,8.00,2.60
2010.09.29 13:52:27.227,1.3252,1.3253,6.40,5.50
2010.09.29 13:52:27.981,1.3252,1.3253,6.40,1.00
2010.09.29 13:52:28.335,1.32515,1.32535,3.20,2.20
2010.09.29 13:52:29.179,1.32525,1.32535,1.00,1.00
2010.09.29 13:52:29.540,1.3252,1.3254,4.20,9.40
2010.09.29 13:52:30.394,1.3253,1.32545,1.00,5.60
2010.09.29 13:52:30.675,1.3253,1.32545,1.00,1.60
2010.09.29 13:52:31.469,1.32525,1.32545,2.60,1.40
2010.09.29 13:52:31.823,1.32525,1.32545,1.80,3.00
2010.09.29 13:52:32.708,1.3252,1.32535,1.60,8.00
2010.09.29 13:52:33.063,1.3252,1.32535,4.00,5.60
2010.09.29 13:52:33.901,1.3253,1.32535,1.00,4.00
2010.09.29 13:52:34.242,1.32525,1.32545,2.60,4.60
2010.09.29 13:52:35.135,1.3253,1.32545,1.00,2.40
2010.09.29 13:52:35.993,1.3253,1.3255,1.00,6.20
2010.09.29 13:52:36.256,1.3253,1.3255,1.60,2.20
2010.09.29 13:52:36.513,1.3254,1.3255,1.00,2.20
2010.09.29 13:52:37.096,1.3254,1.3255,1.60,2.20
2010.09.29 13:52:37.449,1.3254,1.3256,1.60,10.40
2010.09.29 13:52:38.309,1.3254,1.3256,1.60,5.60
2010.09.29 13:52:38.656,1.3254,1.3256,5.60,6.00
2010.09.29 13:52:38.996,1.32565,1.3257,2.40,2.20
2010.09.29 13:52:39.788,1.32575,1.32585,5.60,2.40
2010.09.29 13:52:40.069,1.3258,1.32595,1.00,2.40
2010.09.29 13:52:40.342,1.32575,1.32595,1.60,3.80
2010.09.29 13:52:41.131,1.3258,1.32595,1.00,2.40
2010.09.29 13:52:41.459,1.3258,1.326,6.40,4.60
2010.09.29 13:52:42.017,1.32595,1.326,1.00,1.60
2010.09.29 13:52:42.350,1.3259,1.326,1.60,1.60
2010.09.29 13:52:43.219,1.3259,1.32605,1.00,4.00
2010.09.29 13:52:43.562,1.32585,1.32605,1.00,5.20
2010.09.29 13:52:44.407,1.32585,1.326,1.00,1.60
2010.09.29 13:52:44.769,1.32585,1.326,1.00,1.00
2010.09.29 13:52:45.634,1.32585,1.326,1.00,1.00
2010.09.29 13:52:45.922,1.32585,1.326,1.00,4.60
2010.09.29 13:52:46.224,1.32585,1.326,9.60,1.00
2010.09.29 13:52:47.105,1.32585,1.326,1.60,1.00
2010.09.29 13:52:47.885,1.3258,1.326,3.20,1.00
2010.09.29 13:52:48.243,1.32585,1.32605,1.00,12.00
2010.09.29 13:52:49.410,1.3258,1.326,3.20,1.40
2010.09.29 13:52:50.288,1.3258,1.326,5.60,1.40
2010.09.29 13:52:50.606,1.3258,1.326,3.20,1.00
2010.09.29 13:52:50.919,1.3258,1.326,6.40,1.40
2010.09.29 13:52:51.806,1.3258,1.326,8.00,1.40
2010.09.29 13:52:52.153,1.3258,1.32595,1.00,6.40
2010.09.29 13:52:53.058,1.3258,1.32595,1.60,4.00
2010.09.29 13:52:53.416,1.3258,1.326,2.40,7.00
2010.09.29 13:52:54.115,1.32585,1.326,1.00,7.00
2010.09.29 13:52:54.475,1.3259,1.3261,1.00,8.00
2010.09.29 13:52:55.319,1.32595,1.3261,1.00,13.80
2010.09.29 13:52:55.677,1.3259,1.3261,1.60,4.80
2010.09.29 13:52:56.359,1.3259,1.3261,1.60,3.20
2010.09.29 13:52:56.626,1.32595,1.3261,1.00,4.80
2010.09.29 13:52:56.971,1.3259,1.3261,1.60,7.80
2010.09.29 13:52:57.843,1.3259,1.3261,1.60,9.20
2010.09.29 13:52:59.223,1.3259,1.3261,1.60,7.60
2010.09.29 13:53:00.939,1.3259,1.3261,1.60,15.60
2010.09.29 13:53:01.244,1.32585,1.3261,7.20,17.20
2010.09.29 13:53:01.400,1.32585,1.32605,7.20,1.00
2010.09.29 13:53:01.558,1.32585,1.32605,7.20,4.60
2010.09.29 13:53:02.242,1.32585,1.3261,9.60,14.80
2010.09.29 13:53:02.586,1.3259,1.3261,8.00,6.80
2010.09.29 13:53:03.703,1.3259,1.3261,8.80,6.80
2010.09.29 13:53:04.950,1.3259,1.3261,11.20,6.80
2010.09.29 13:53:05.308,1.32595,1.32615,1.60,3.00
2010.09.29 13:53:05.668,1.32595,1.32615,1.60,3.80
2010.09.29 13:53:07.489,1.32595,1.32615,1.60,2.20
2010.09.29 13:53:07.849,1.3261,1.32625,1.00,5.60
2010.09.29 13:53:09.253,1.326,1.3262,9.60,1.00
2010.09.29 13:53:10.134,1.326,1.32625,1.60,9.40
2010.09.29 13:53:11.040,1.3261,1.32625,1.00,6.20
2010.09.29 13:53:11.504,1.32605,1.32625,1.60,2.20
2010.09.29 13:53:12.037,1.32605,1.32625,1.20,2.40
2010.09.29 13:53:12.391,1.326,1.3262,10.40,2.20
2010.09.29 13:53:13.299,1.32595,1.32615,1.60,1.00
2010.09.29 13:53:14.148,1.32595,1.32615,3.20,5.40
2010.09.29 13:53:14.509,1.32595,1.32615,3.20,1.40
2010.09.29 13:53:15.379,1.32595,1.32615,1.00,1.40
2010.09.29 13:53:15.693,1.326,1.3261,2.60,1.00
2010.09.29 13:53:16.017,1.3261,1.3263,5.60,5.40
2010.09.29 13:53:16.567,1.3261,1.3263,5.60,4.80
2010.09.29 13:53:16.918,1.32615,1.3263,1.00,5.60
2010.09.29 13:53:17.790,1.3262,1.32635,1.00,1.60
2010.09.29 13:53:18.137,1.3262,1.32635,1.60,1.60
2010.09.29 13:53:19.388,1.32625,1.3264,1.60,3.20
2010.09.29 13:53:20.232,1.32615,1.3264,9.60,2.80
2010.09.29 13:53:20.588,1.3262,1.32635,1.00,1.60
2010.09.29 13:53:21.440,1.3262,1.3264,1.60,8.40
2010.09.29 13:53:21.794,1.3262,1.3264,9.60,7.60
2010.09.29 13:53:22.141,1.3262,1.32635,9.60,1.60
2010.09.29 13:53:23.023,1.3262,1.3264,5.60,11.00
2010.09.29 13:53:23.668,1.3262,1.3264,5.60,11.80
2010.09.29 13:53:24.701,1.32625,1.3264,1.00,11.00
2010.09.29 13:53:26.139,1.32625,1.3264,1.00,15.00
2010.09.29 13:53:26.455,1.32625,1.32635,1.00,4.00
2010.09.29 13:53:27.581,1.32625,1.3264,1.00,12.60
2010.09.29 13:53:27.894,1.32625,1.3264,1.00,10.20
2010.09.29 13:53:28.083,1.32625,1.3264,1.00,8.60
2010.09.29 13:53:30.979,1.32625,1.3264,1.00,4.60
2010.09.29 13:53:31.847,1.32625,1.3264,1.00,8.60
2010.09.29 13:53:33.003,1.32625,1.3264,1.00,4.60
2010.09.29 13:53:33.295,1.3263,1.32645,4.00,1.60
2010.09.29 13:53:33.563,1.3263,1.32645,4.80,1.60
2010.09.29 13:53:34.450,1.3264,1.3265,1.00,1.00
2010.09.29 13:53:35.686,1.32635,1.3265,1.60,1.00
2010.09.29 13:53:36.061,1.32645,1.32655,1.00,10.60
2010.09.29 13:53:37.121,1.32645,1.3266,1.60,5.60
2010.09.29 13:53:37.391,1.32645,1.3266,1.60,1.00
2010.09.29 13:53:38.471,1.3264,1.3265,1.00,2.60
2010.09.29 13:53:39.085,1.3264,1.3265,1.00,1.00
2010.09.29 13:53:41.066,1.3264,1.3265,1.00,5.00
2010.09.29 13:53:41.653,1.3264,1.3265,1.00,6.60
2010.09.29 13:53:42.009,1.3263,1.3265,7.20,9.40
2010.09.29 13:53:43.223,1.3263,1.3265,7.20,7.00
2010.09.29 13:53:43.560,1.32635,1.3265,1.60,2.40
2010.09.29 13:53:44.426,1.32645,1.32655,1.60,4.00
2010.09.29 13:53:44.776,1.32645,1.3266,1.60,2.60
2010.09.29 13:53:45.638,1.32645,1.3266,1.60,1.00
2010.09.29 13:53:45.996,1.3265,1.3266,1.00,1.00
2010.09.29 13:53:46.731,1.32645,1.3266,5.60,1.00
2010.09.29 13:53:46.966,1.3265,1.3266,1.60,1.00
2010.09.29 13:53:48.154,1.3265,1.3266,1.00,1.00
2010.09.29 13:53:51.182,1.32645,1.3266,1.60,1.00
2010.09.29 13:54:02.991,1.32645,1.3266,1.60,1.00
2010.09.29 13:54:04.639,1.32645,1.3266,1.60,1.00
2010.09.29 13:54:05.815,1.3263,1.3264,1.00,1.00
2010.09.29 13:54:06.104,1.32625,1.32645,1.60,5.60
2010.09.29 13:54:06.931,1.32625,1.32645,1.60,1.60
2010.09.29 13:54:08.155,1.32625,1.32645,1.60,3.20
2010.09.29 13:54:10.791,1.3262,1.3264,3.20,3.20
2010.09.29 13:54:11.609,1.3262,1.3264,1.60,1.00
2010.09.29 13:54:11.900,1.3262,1.3264,1.00,1.60
2010.09.29 13:54:12.784,1.32615,1.32635,3.20,1.40
2010.09.29 13:54:14.314,1.3262,1.3264,1.60,2.40
2010.09.29 13:54:14.636,1.32625,1.3264,1.60,1.60
2010.09.29 13:54:16.782,1.32625,1.3264,1.00,1.60
2010.09.29 13:54:16.979,1.32625,1.3264,1.60,4.00
2010.09.29 13:54:18.508,1.3262,1.3264,1.00,1.40
2010.09.29 13:54:18.749,1.3262,1.32635,1.00,1.00
2010.09.29 13:54:21.233,1.32615,1.3263,1.00,2.40
2010.09.29 13:54:22.090,1.32615,1.32635,1.00,6.20
2010.09.29 13:54:22.448,1.32615,1.32635,1.00,3.00
2010.09.29 13:54:23.329,1.32615,1.3263,1.00,1.00
2010.09.29 13:54:23.679,1.32615,1.3263,4.00,9.00
2010.09.29 13:54:24.026,1.3261,1.3263,7.20,10.40
2010.09.29 13:54:25.006,1.3261,1.3262,4.00,1.40
2010.09.29 13:54:25.323,1.32605,1.3262,2.40,5.40
2010.09.29 13:54:25.876,1.32605,1.3262,2.40,7.00
2010.09.29 13:54:26.227,1.326,1.3262,3.20,14.00
2010.09.29 13:54:27.049,1.326,1.3262,3.20,13.40
2010.09.29 13:54:27.407,1.32605,1.3262,1.00,13.40
2010.09.29 13:54:28.205,1.326,1.3262,8.00,8.60
2010.09.29 13:54:28.556,1.32605,1.32625,3.20,3.00
2010.09.29 13:54:28.906,1.32605,1.32625,1.00,8.60
2010.09.29 13:54:30.106,1.32605,1.32625,1.00,6.80
2010.09.29 13:54:30.343,1.32605,1.32625,3.20,7.80
2010.09.29 13:54:31.120,1.32605,1.32625,3.20,6.20
2010.09.29 13:54:31.476,1.32605,1.32625,3.20,3.80
2010.09.29 13:54:32.670,1.3261,1.32625,1.00,3.00
2010.09.29 13:54:33.024,1.3261,1.32625,1.60,1.60
2010.09.29 13:54:33.618,1.3261,1.32625,3.20,1.60
2010.09.29 13:54:33.869,1.3261,1.3263,3.20,5.00
2010.09.29 13:54:34.649,1.3261,1.32625,5.60,1.00
2010.09.29 13:54:34.924,1.3261,1.32625,1.60,1.00
2010.09.29 13:54:35.855,1.3261,1.32625,1.60,1.00
2010.09.29 13:54:36.122,1.3261,1.3263,1.60,15.00
2010.09.29 13:54:36.922,1.3261,1.3263,3.20,13.40
2010.09.29 13:54:37.547,1.3261,1.3263,3.20,12.80
2010.09.29 13:54:37.879,1.3262,1.3264,1.60,12.00
2010.09.29 13:54:38.977,1.3262,1.3264,3.20,2.20
2010.09.29 13:54:39.178,1.3262,1.3264,3.20,1.00
2010.09.29 13:54:39.886,1.3262,1.3264,4.00,1.00
2010.09.29 13:54:40.088,1.32625,1.32645,4.00,3.00
2010.09.29 13:54:40.978,1.32625,1.32645,7.20,3.00
2010.09.29 13:54:41.339,1.32625,1.32645,3.20,3.00
2010.09.29 13:54:42.210,1.32625,1.32645,1.00,7.00
2010.09.29 13:54:42.472,1.32625,1.32645,9.60,1.40
2010.09.29 13:54:43.257,1.3263,1.32645,4.00,1.40
2010.09.29 13:54:44.119,1.32625,1.32645,11.20,1.40
2010.09.29 13:54:44.470,1.32625,1.32645,9.60,3.00
2010.09.29 13:54:45.471,1.32625,1.32645,9.60,5.20
2010.09.29 13:54:45.714,1.3262,1.3264,4.80,1.40
2010.09.29 13:54:46.453,1.3262,1.3264,4.80,3.00
2010.09.29 13:54:46.683,1.32615,1.3263,1.00,1.00
2010.09.29 13:54:47.574,1.32615,1.32635,1.00,3.80
2010.09.29 13:54:47.929,1.3262,1.3264,1.00,9.40
2010.09.29 13:54:48.821,1.32625,1.32645,1.00,7.00
2010.09.29 13:54:49.166,1.32625,1.32645,1.00,5.40
2010.09.29 13:54:49.870,1.3262,1.3264,2.40,1.40
2010.09.29 13:54:50.235,1.32615,1.32635,1.60,3.80
2010.09.29 13:54:51.123,1.3262,1.32635,1.00,1.00
2010.09.29 13:54:51.473,1.32625,1.32645,1.00,4.60
2010.09.29 13:54:52.285,1.32625,1.32645,1.60,3.00
2010.09.29 13:54:52.631,1.32625,1.32645,1.60,7.00
2010.09.29 13:54:53.489,1.3262,1.3264,2.40,1.40
2010.09.29 13:54:54.389,1.3262,1.32635,2.40,1.00
2010.09.29 13:54:55.173,1.3262,1.32635,1.60,1.40
2010.09.29 13:54:55.529,1.3262,1.32635,1.00,1.40
2010.09.29 13:54:57.347,1.32615,1.32635,12.00,1.40
2010.09.29 13:54:57.589,1.32615,1.3263,5.60,1.00
2010.09.29 13:54:57.831,1.3261,1.3263,3.20,4.00
2010.09.29 13:54:58.077,1.3261,1.3263,5.60,12.00
2010.09.29 13:54:58.606,1.3261,1.32625,5.60,1.00
2010.09.29 13:54:58.838,1.3261,1.32625,5.60,3.20
2010.09.29 13:54:59.723,1.3261,1.32625,5.60,2.20
2010.09.29 13:55:00.045,1.3261,1.32625,1.60,2.20
2010.09.29 13:55:00.343,1.3261,1.32625,1.60,1.00
2010.09.29 13:55:01.659,1.3261,1.32625,2.40,1.00
2010.09.29 13:55:03.789,1.32605,1.3262,2.40,1.00
2010.09.29 13:55:03.884,1.32605,1.3262,1.60,1.40
2010.09.29 13:55:04.539,1.32605,1.32615,1.60,1.00
2010.09.29 13:55:08.012,1.32605,1.32615,1.60,1.40
2010.09.29 13:55:08.298,1.32595,1.32605,1.60,1.00
2010.09.29 13:55:08.580,1.3259,1.32605,6.40,1.00
2010.09.29 13:55:10.169,1.32595,1.32605,1.60,1.00
2010.09.29 13:55:10.924,1.326,1.32605,1.60,1.00
2010.09.29 13:55:12.208,1.326,1.32615,1.00,1.00
2010.09.29 13:55:12.457,1.32605,1.32615,1.00,1.00
2010.09.29 13:55:13.244,1.32615,1.32635,1.00,5.60
2010.09.29 13:55:14.179,1.3261,1.3263,1.60,5.60
2010.09.29 13:55:15.041,1.3261,1.3263,1.60,7.20
2010.09.29 13:55:15.576,1.3261,1.3263,5.60,11.20
2010.09.29 13:55:16.883,1.3261,1.3263,9.00,8.60
2010.09.29 13:55:17.234,1.3261,1.3263,15.40,1.00
2010.09.29 13:55:18.028,1.3261,1.32625,1.00,1.40
2010.09.29 13:55:18.293,1.3261,1.3262,1.00,1.00
2010.09.29 13:55:18.836,1.3261,1.3262,1.00,1.00
2010.09.29 13:55:19.537,1.32615,1.3262,8.40,1.00
2010.09.29 13:55:20.076,1.32615,1.32625,8.40,1.40
2010.09.29 13:55:20.431,1.32615,1.32625,1.00,1.00
2010.09.29 13:55:21.273,1.3261,1.32625,11.80,1.00
2010.09.29 13:55:21.612,1.32625,1.32635,1.00,1.40
2010.09.29 13:55:22.441,1.3262,1.32635,5.60,6.00
2010.09.29 13:55:22.770,1.32615,1.32625,1.60,1.00
2010.09.29 13:55:23.460,1.3262,1.3263,1.00,1.40
2010.09.29 13:55:23.737,1.3262,1.3263,2.40,1.40
2010.09.29 13:55:24.284,1.3262,1.3263,1.00,1.40
2010.09.29 13:55:24.566,1.32625,1.3263,1.00,1.40
2010.09.29 13:55:25.601,1.3262,1.3263,9.00,1.40
2010.09.29 13:55:25.844,1.32625,1.3264,1.00,6.40
2010.09.29 13:55:26.090,1.32625,1.3263,1.00,1.00
2010.09.29 13:55:26.842,1.3262,1.3263,9.00,1.40
2010.09.29 13:55:27.211,1.32625,1.3264,1.00,2.90
2010.09.29 13:55:27.559,1.3262,1.3263,5.00,1.00
2010.09.29 13:55:28.384,1.3262,1.3263,1.00,1.00
2010.09.29 13:55:29.773,1.32625,1.3263,1.00,1.40
2010.09.29 13:55:30.097,1.3262,1.3263,5.00,1.40
2010.09.29 13:55:31.122,1.3262,1.32625,1.00,1.00
2010.09.29 13:55:33.574,1.3262,1.32625,1.80,1.00
2010.09.29 13:55:33.856,1.3262,1.32625,1.00,1.00
2010.09.29 13:55:34.736,1.3262,1.32625,1.80,1.00
2010.09.29 13:55:36.941,1.32615,1.32625,11.40,1.40
2010.09.29 13:55:37.473,1.32615,1.32625,7.40,1.40
2010.09.29 13:55:37.823,1.32615,1.32625,5.80,1.00
2010.09.29 13:55:38.765,1.32615,1.32625,5.80,1.40
2010.09.29 13:55:42.132,1.32615,1.32625,4.00,2.00
2010.09.29 13:55:42.750,1.3261,1.32625,8.60,1.00
2010.09.29 13:55:43.110,1.3263,1.3264,1.40,3.50
2010.09.29 13:55:43.952,1.3263,1.3264,1.40,1.40
2010.09.29 13:55:47.069,1.3263,1.3264,3.00,1.40
2010.09.29 13:55:50.319,1.3263,1.32635,3.00,1.00
2010.09.29 13:55:50.855,1.3263,1.32635,1.40,1.00
2010.09.29 13:55:51.104,1.3263,1.3264,5.40,1.40
2010.09.29 13:55:51.455,1.3263,1.3264,3.00,1.40
2010.09.29 13:55:52.348,1.3263,1.3264,1.00,9.40
2010.09.29 13:55:52.703,1.32625,1.32635,1.80,1.40
2010.09.29 13:55:53.228,1.32625,1.32635,1.60,1.40
2010.09.29 13:55:53.540,1.3262,1.32635,15.80,1.40
2010.09.29 13:55:53.853,1.3262,1.32635,12.60,1.40
2010.09.29 13:55:54.684,1.3262,1.3263,12.60,1.00
2010.09.29 13:55:55.012,1.3262,1.3263,6.60,1.00
2010.09.29 13:55:55.845,1.3262,1.3263,6.60,1.40
2010.09.29 13:56:00.836,1.3262,1.3263,8.20,1.40
2010.09.29 13:56:04.860,1.3262,1.3263,6.60,1.40
2010.09.29 13:56:06.511,1.3262,1.3263,6.40,1.40
2010.09.29 13:56:06.793,1.3262,1.32625,5.60,1.00
2010.09.29 13:56:06.970,1.3262,1.32625,1.00,1.00
2010.09.29 13:56:07.146,1.3262,1.32625,1.00,1.40
2010.09.29 13:56:08.151,1.3262,1.32625,2.60,1.40
2010.09.29 13:56:08.980,1.3262,1.32625,2.60,1.00
2010.09.29 13:56:10.175,1.3262,1.32635,8.20,1.40
2010.09.29 13:56:10.526,1.32625,1.32635,4.00,1.40
2010.09.29 13:56:11.743,1.32625,1.32635,4.00,1.40
2010.09.29 13:56:12.833,1.32625,1.3264,4.00,4.00
2010.09.29 13:56:13.133,1.32625,1.3264,1.00,4.00
2010.09.29 13:56:13.434,1.3262,1.3264,11.40,4.00
2010.09.29 13:56:14.266,1.3262,1.32635,4.00,1.60
2010.09.29 13:56:14.549,1.3262,1.32635,4.00,2.40
2010.09.29 13:56:15.446,1.3262,1.32635,1.00,2.40
2010.09.29 13:56:15.791,1.32615,1.32635,11.40,4.00
2010.09.29 13:56:18.265,1.32615,1.3263,8.00,2.00
2010.09.29 13:56:19.849,1.32615,1.3263,8.60,1.00
2010.09.29 13:56:20.048,1.32615,1.3263,10.20,1.00
2010.09.29 13:56:20.249,1.32615,1.3263,10.20,1.40
2010.09.29 13:56:20.943,1.32615,1.32625,2.20,1.00
2010.09.29 13:56:21.255,1.32615,1.32625,2.20,1.40
2010.09.29 13:56:23.986,1.32605,1.3262,13.60,2.00
2010.09.29 13:56:24.333,1.32595,1.3261,3.20,1.00
2010.09.29 13:56:24.903,1.32595,1.3261,5.60,1.00
2010.09.29 13:56:25.240,1.32595,1.3261,8.00,1.00
2010.09.29 13:56:26.653,1.326,1.3261,1.60,1.00
2010.09.29 13:56:26.843,1.326,1.3261,1.80,1.00
2010.09.29 13:56:29.276,1.326,1.3261,5.80,1.00
2010.09.29 13:56:29.578,1.326,1.32615,5.60,1.40
2010.09.29 13:56:30.438,1.32595,1.32615,9.60,1.40
2010.09.29 13:56:30.755,1.32595,1.3261,8.00,1.00
2010.09.29 13:56:31.579,1.326,1.3261,4.00,1.00
2010.09.29 13:56:32.281,1.326,1.3261,5.60,1.00
2010.09.29 13:56:33.266,1.326,1.3261,5.80,1.00
2010.09.29 13:56:34.029,1.326,1.32615,5.80,1.40
2010.09.29 13:56:34.131,1.326,1.32615,6.60,1.40
2010.09.29 13:56:34.231,1.326,1.32615,9.00,1.00
2010.09.29 13:56:34.775,1.326,1.32615,9.00,1.00
2010.09.29 13:56:34.898,1.32605,1.3262,1.00,1.40
2010.09.29 13:56:35.765,1.326,1.3262,15.80,1.40
2010.09.29 13:56:36.154,1.32605,1.3262,8.00,1.40
2010.09.29 13:56:37.016,1.32605,1.3262,6.40,1.40
2010.09.29 13:56:37.374,1.3261,1.3262,4.00,1.40
2010.09.29 13:56:38.224,1.3261,1.3262,4.00,1.00
2010.09.29 13:56:38.574,1.32605,1.3262,8.00,1.00
2010.09.29 13:56:38.896,1.32605,1.3262,1.00,1.00
2010.09.29 13:56:39.731,1.32605,1.3262,8.00,1.00
2010.09.29 13:56:40.026,1.3261,1.3262,4.00,1.00
2010.09.29 13:56:40.328,1.3261,1.3263,9.60,5.40
2010.09.29 13:56:41.143,1.32615,1.3263,4.00,3.20
2010.09.29 13:56:42.919,1.32615,1.3263,6.60,1.00
2010.09.29 13:56:43.240,1.32615,1.3263,8.20,1.00
2010.09.29 13:56:44.050,1.32615,1.3263,4.00,3.20
2010.09.29 13:56:45.335,1.32615,1.3263,4.00,1.60
2010.09.29 13:56:46.037,1.32615,1.3263,9.60,1.60
2010.09.29 13:56:46.714,1.32615,1.3263,11.00,1.00
2010.09.29 13:56:47.056,1.32615,1.3263,12.60,1.00
2010.09.29 13:56:47.310,1.32615,1.32635,12.60,4.40
2010.09.29 13:56:48.054,1.3262,1.32635,1.00,4.40
2010.09.29 13:56:48.408,1.32625,1.3264,4.00,2.80
2010.09.29 13:56:49.287,1.32625,1.3264,8.00,2.80
2010.09.29 13:56:50.804,1.3262,1.32635,12.60,1.00
2010.09.29 13:56:51.348,1.3262,1.3264,12.60,6.80
2010.09.29 13:56:51.666,1.3262,1.32635,4.60,1.00
2010.09.29 13:56:52.336,1.3262,1.3264,4.60,12.40
2010.09.29 13:56:53.210,1.32625,1.3264,4.00,2.00
2010.09.29 13:56:53.800,1.32625,1.3264,4.00,1.40
2010.09.29 13:56:54.601,1.32625,1.3264,5.60,1.40
2010.09.29 13:56:54.881,1.32625,1.3264,5.60,1.40
2010.09.29 13:56:55.161,1.3263,1.3264,1.00,1.40
2010.09.29 13:56:57.428,1.3262,1.3264,8.20,1.40
2010.09.29 13:56:57.786,1.3262,1.3264,7.40,6.00
2010.09.29 13:56:58.896,1.3262,1.3264,7.40,5.40
2010.09.29 13:56:59.203,1.32625,1.3264,1.00,1.40
2010.09.29 13:57:00.268,1.32625,1.32635,1.00,1.00
2010.09.29 13:57:00.575,1.32625,1.3264,1.00,5.40
2010.09.29 13:57:01.559,1.32625,1.3264,1.00,1.40
2010.09.29 13:57:02.749,1.3262,1.3264,8.60,2.00
2010.09.29 13:57:03.103,1.3262,1.3264,8.60,6.00
2010.09.29 13:57:04.352,1.3262,1.3264,8.60,2.00
2010.09.29 13:57:04.702,1.32625,1.3264,1.00,7.60
2010.09.29 13:57:05.583,1.32625,1.3264,1.00,3.00
2010.09.29 13:57:05.872,1.3262,1.3264,9.40,2.20
2010.09.29 13:57:06.168,1.32625,1.3264,2.40,5.20
2010.09.29 13:57:06.737,1.32625,1.3264,4.00,5.20
2010.09.29 13:57:07.065,1.32635,1.32645,1.60,5.40
2010.09.29 13:57:07.899,1.32635,1.32655,1.60,3.80
2010.09.29 13:57:08.260,1.32635,1.32655,1.60,3.00
2010.09.29 13:57:09.129,1.32635,1.32655,1.60,2.20
2010.09.29 13:57:09.487,1.32635,1.3266,1.00,8.00
2010.09.29 13:57:10.274,1.32635,1.3266,3.20,10.40
2010.09.29 13:57:10.615,1.32635,1.3266,3.20,6.40
2010.09.29 13:57:12.491,1.32635,1.3266,7.20,14.40
2010.09.29 13:57:12.868,1.32635,1.32655,7.20,1.00
2010.09.29 13:57:13.536,1.3264,1.32655,1.00,1.00
2010.09.29 13:57:13.877,1.3264,1.32655,2.40,5.40
2010.09.29 13:57:14.780,1.3264,1.32655,2.60,5.40
2010.09.29 13:57:15.634,1.3264,1.32655,2.60,1.40
2010.09.29 13:57:17.390,1.32645,1.32655,1.80,1.00
2010.09.29 13:57:18.237,1.3264,1.3265,1.40,1.00
2010.09.29 13:57:18.597,1.3264,1.3265,7.00,1.00
2010.09.29 13:57:19.484,1.3264,1.32645,4.00,1.20
2010.09.29 13:57:19.837,1.32625,1.32645,3.20,4.60
2010.09.29 13:57:20.593,1.32625,1.32645,7.20,5.40
2010.09.29 13:57:20.845,1.32625,1.32645,7.20,1.40
2010.09.29 13:57:22.891,1.32625,1.3264,9.60,1.40
2010.09.29 13:57:23.249,1.32625,1.32635,1.60,1.00
2010.09.29 13:57:24.295,1.3262,1.32635,8.00,1.40
2010.09.29 13:57:24.607,1.3262,1.32635,10.20,1.40
2010.09.29 13:57:25.477,1.3262,1.32635,11.80,1.40
2010.09.29 13:57:26.348,1.3262,1.32635,11.80,1.00
2010.09.29 13:57:26.699,1.3262,1.32635,16.70,1.00
2010.09.29 13:57:29.590,1.3262,1.32635,11.80,1.00
2010.09.29 13:57:32.602,1.3262,1.3264,11.80,1.40
2010.09.29 13:57:34.035,1.32615,1.3263,1.60,3.20
2010.09.29 13:57:34.282,1.32605,1.32625,11.60,1.00
2010.09.29 13:57:34.912,1.32605,1.32625,7.60,1.00
2010.09.29 13:57:35.264,1.32605,1.32625,7.20,1.40
2010.09.29 13:57:36.425,1.32605,1.3262,1.00,1.00
2010.09.29 13:57:36.677,1.3261,1.3262,1.00,1.00
2010.09.29 13:57:36.920,1.3261,1.3262,1.00,1.40
2010.09.29 13:57:37.801,1.3261,1.3262,1.00,1.00
2010.09.29 13:57:39.295,1.32595,1.3261,2.00,1.00
2010.09.29 13:57:39.590,1.3259,1.32605,1.60,1.00
2010.09.29 13:57:40.423,1.3259,1.32605,1.60,1.00
2010.09.29 13:57:40.739,1.3259,1.326,1.60,1.00
2010.09.29 13:57:41.890,1.3259,1.32605,7.80,1.40
2010.09.29 13:57:42.222,1.3259,1.32605,7.80,1.00
2010.09.29 13:57:44.941,1.3259,1.32605,15.80,1.00
2010.09.29 13:57:46.630,1.3259,1.32605,11.80,1.00
2010.09.29 13:57:47.108,1.32595,1.3261,1.00,1.40
2010.09.29 13:57:48.348,1.32595,1.3261,4.80,1.40
2010.09.29 13:57:48.643,1.32605,1.3262,4.00,1.40
2010.09.29 13:57:49.451,1.326,1.3262,10.20,1.40
2010.09.29 13:57:50.703,1.326,1.3262,11.80,1.40
2010.09.29 13:57:51.234,1.326,1.3262,10.40,1.40
2010.09.29 13:57:51.941,1.326,1.32615,2.40,1.00
2010.09.29 13:57:52.296,1.32595,1.32615,5.80,1.00
2010.09.29 13:57:53.194,1.32595,1.32615,5.00,1.00
2010.09.29 13:57:53.540,1.32595,1.3262,5.00,3.00
2010.09.29 13:57:56.077,1.32595,1.3262,4.20,3.00
2010.09.29 13:57:56.389,1.32595,1.3262,5.00,3.00
2010.09.29 13:57:57.307,1.32595,1.32615,5.00,1.00
2010.09.29 13:57:57.648,1.32595,1.32615,4.20,1.00
2010.09.29 13:57:58.744,1.326,1.32625,13.60,12.60
2010.09.29 13:57:59.097,1.326,1.32625,16.00,8.60
2010.09.29 13:57:59.812,1.32605,1.3263,8.80,15.00
2010.09.29 13:58:00.014,1.3261,1.32625,8.00,1.60
2010.09.29 13:58:01.039,1.32605,1.32625,8.00,1.60
2010.09.29 13:58:02.103,1.32605,1.32625,8.00,2.20
2010.09.29 13:58:02.422,1.32605,1.32625,4.00,6.20
2010.09.29 13:58:03.219,1.326,1.3261,8.00,1.00
2010.09.29 13:58:03.579,1.3259,1.32605,2.40,1.00
2010.09.29 13:58:04.511,1.3259,1.32605,2.60,1.00
2010.09.29 13:58:05.392,1.32595,1.3261,4.20,1.40
2010.09.29 13:58:05.698,1.32595,1.3261,4.00,1.00
2010.09.29 13:58:06.885,1.32595,1.3261,1.60,1.00
2010.09.29 13:58:11.019,1.32595,1.3261,5.60,1.00
2010.09.29 13:58:11.265,1.32595,1.32615,1.60,9.40
2010.09.29 13:58:13.705,1.32595,1.3261,1.60,8.00
2010.09.29 13:58:14.383,1.32595,1.32615,1.60,9.40
2010.09.29 13:58:15.593,1.326,1.32615,7.80,4.00
2010.09.29 13:58:16.181,1.32605,1.32625,1.00,14.60
2010.09.29 13:58:16.489,1.3261,1.32625,1.00,10.20
2010.09.29 13:58:17.258,1.32615,1.32625,1.00,4.00
2010.09.29 13:58:17.808,1.32615,1.32635,1.00,11.20
2010.09.29 13:58:18.666,1.3262,1.32635,1.00,5.40
2010.09.29 13:58:19.011,1.3262,1.32635,1.00,8.00
2010.09.29 13:58:19.562,1.3262,1.32635,1.00,8.00
2010.09.29 13:58:19.915,1.3262,1.3264,1.00,12.00
2010.09.29 13:58:21.643,1.3262,1.32635,1.00,1.00
2010.09.29 13:58:21.851,1.3262,1.32635,1.00,4.60
2010.09.29 13:58:23.119,1.3262,1.3263,1.00,1.00
2010.09.29 13:58:23.686,1.32615,1.3263,7.40,1.00
2010.09.29 13:58:24.051,1.32615,1.3263,3.40,1.40
2010.09.29 13:58:25.002,1.3262,1.3263,1.40,1.40
2010.09.29 13:58:25.636,1.3262,1.3263,1.40,1.00
2010.09.29 13:58:27.497,1.3262,1.3263,1.40,1.40
2010.09.29 13:58:27.823,1.3262,1.3263,1.00,1.40
2010.09.29 13:58:30.560,1.32615,1.32625,4.20,2.00
2010.09.29 13:58:31.115,1.32615,1.32625,4.10,2.00
2010.09.29 13:58:31.394,1.32605,1.3262,3.20,1.00
2010.09.29 13:58:32.272,1.32605,1.3262,1.60,1.40
2010.09.29 13:58:32.628,1.326,1.32615,1.60,1.00
2010.09.29 13:58:33.245,1.32605,1.32615,1.00,1.00
2010.09.29 13:58:33.599,1.3261,1.3262,1.00,1.00
2010.09.29 13:58:34.438,1.32605,1.3262,1.00,1.00
2010.09.29 13:58:34.736,1.32615,1.3262,1.00,1.00
2010.09.29 13:58:36.016,1.3262,1.3263,1.00,3.20
2010.09.29 13:58:36.875,1.3262,1.32635,1.00,3.20
2010.09.29 13:58:37.226,1.3262,1.32635,1.00,7.20
2010.09.29 13:58:38.763,1.3262,1.3263,1.00,1.40
2010.09.29 13:58:39.155,1.32615,1.3263,1.00,1.40
2010.09.29 13:58:39.914,1.3262,1.32635,1.00,1.40
2010.09.29 13:58:41.037,1.32615,1.3263,1.00,2.60
2010.09.29 13:58:41.384,1.32615,1.3263,1.00,1.00
2010.09.29 13:58:42.281,1.32615,1.32635,1.00,3.40
2010.09.29 13:58:43.351,1.32615,1.32635,1.70,1.80
2010.09.29 13:58:44.601,1.32615,1.32635,9.70,1.60
2010.09.29 13:58:45.731,1.3262,1.3264,1.00,7.80
2010.09.29 13:58:46.072,1.3262,1.3264,6.60,8.00
2010.09.29 13:58:46.936,1.3262,1.3264,6.60,9.60
2010.09.29 13:58:48.508,1.3262,1.3264,5.00,9.60
2010.09.29 13:58:49.411,1.32625,1.3264,1.00,9.40
2010.09.29 13:58:50.149,1.32625,1.3264,1.00,7.00
2010.09.29 13:58:50.402,1.3262,1.3264,14.20,1.40
2010.09.29 13:58:52.144,1.32625,1.3264,1.00,1.40
2010.09.29 13:58:52.387,1.3262,1.3263,11.80,1.00
2010.09.29 13:58:53.129,1.3262,1.3263,3.00,1.00
2010.09.29 13:58:53.434,1.3262,1.3263,1.00,1.00
2010.09.29 13:58:53.620,1.3262,1.3263,1.00,1.00
2010.09.29 13:58:54.501,1.32615,1.32625,4.10,1.00
2010.09.29 13:58:54.859,1.32615,1.32625,1.00,1.00
2010.09.29 13:58:56.073,1.32615,1.32625,1.00,1.60
2010.09.29 13:58:58.601,1.32615,1.32625,1.00,2.60
2010.09.29 13:58:59.285,1.32615,1.32625,1.00,3.40
2010.09.29 13:58:59.620,1.32615,1.32625,1.00,3.00
2010.09.29 13:58:59.943,1.32615,1.32625,1.00,3.80
2010.09.29 13:59:00.812,1.32615,1.32625,1.00,7.80
2010.09.29 13:59:01.163,1.32615,1.32625,1.00,7.00
2010.09.29 13:59:01.511,1.32615,1.32625,1.00,7.80
2010.09.29 13:59:02.288,1.32605,1.32615,4.00,1.00
2010.09.29 13:59:02.594,1.32595,1.3261,1.60,1.00
2010.09.29 13:59:03.428,1.3259,1.3261,1.60,4.80
2010.09.29 13:59:03.740,1.32585,1.32605,1.60,1.00
2010.09.29 13:59:04.607,1.3259,1.32605,2.60,1.40
2010.09.29 13:59:05.513,1.3259,1.32605,3.40,1.00
2010.09.29 13:59:06.269,1.32595,1.3261,1.80,3.00
2010.09.29 13:59:06.474,1.3259,1.32605,2.60,1.00
2010.09.29 13:59:07.695,1.3259,1.326,1.00,1.00
2010.09.29 13:59:08.044,1.3259,1.32605,1.80,5.40
2010.09.29 13:59:08.388,1.3259,1.32605,2.60,5.40
2010.09.29 13:59:09.265,1.32585,1.326,1.10,1.40
2010.09.29 13:59:09.619,1.3259,1.326,1.00,1.40
2010.09.29 13:59:14.462,1.3259,1.326,1.00,5.40
2010.09.29 13:59:14.819,1.3259,1.326,1.40,1.00
2010.09.29 13:59:18.055,1.3259,1.326,3.00,1.00
2010.09.29 13:59:19.899,1.3259,1.32605,3.00,1.40
2010.09.29 13:59:26.451,1.32595,1.32605,1.60,1.40
2010.09.29 13:59:27.500,1.32595,1.32605,1.60,5.40
2010.09.29 13:59:28.385,1.32595,1.32605,1.60,1.40
2010.09.29 13:59:28.742,1.32595,1.326,1.60,1.40
2010.09.29 13:59:33.290,1.32595,1.326,1.60,1.00
2010.09.29 13:59:33.649,1.3259,1.326,1.60,5.40
2010.09.29 13:59:35.998,1.3259,1.326,1.60,1.40
2010.09.29 13:59:37.114,1.3259,1.326,1.60,5.40
2010.09.29 13:59:37.426,1.3259,1.326,1.60,6.00
2010.09.29 13:59:37.737,1.3258,1.3259,1.60,1.00
2010.09.29 13:59:38.555,1.32575,1.3259,1.60,5.20
2010.09.29 13:59:38.848,1.3257,1.3258,1.00,7.80
2010.09.29 13:59:39.145,1.3257,1.3258,1.00,8.40
2010.09.29 13:59:39.447,1.3257,1.3258,1.00,7.20
2010.09.29 13:59:40.298,1.32575,1.3258,1.60,4.00
2010.09.29 13:59:41.111,1.32575,1.3259,1.60,12.00
2010.09.29 13:59:41.740,1.32575,1.3259,1.60,8.00
2010.09.29 13:59:44.188,1.3257,1.3258,1.00,1.00
2010.09.29 13:59:44.517,1.3257,1.32585,1.60,9.80
2010.09.29 13:59:45.422,1.3257,1.32585,1.60,6.40
2010.09.29 13:59:45.649,1.3257,1.32585,1.60,6.20
2010.09.29 13:59:46.605,1.3257,1.32585,1.60,5.60
2010.09.29 13:59:48.248,1.3258,1.3259,1.60,11.80
2010.09.29 13:59:49.114,1.3258,1.3259,1.60,4.00
2010.09.29 13:59:49.445,1.3257,1.3259,2.20,9.60
2010.09.29 13:59:50.082,1.3257,1.3259,2.20,10.20
2010.09.29 13:59:50.439,1.3257,1.3259,3.80,9.40
2010.09.29 13:59:51.630,1.3257,1.32585,2.40,1.00
2010.09.29 13:59:51.979,1.3257,1.32585,2.60,4.60
2010.09.29 13:59:52.514,1.3257,1.32585,2.60,4.60
2010.09.29 13:59:52.875,1.32575,1.32585,1.00,9.40
2010.09.29 13:59:53.749,1.32575,1.3259,1.00,8.60
2010.09.29 13:59:54.102,1.32575,1.3259,5.60,1.00
2010.09.29 13:59:54.425,1.32575,1.3259,1.00,1.00
2010.09.29 13:59:55.299,1.3259,1.32605,1.00,11.00
2010.09.29 13:59:55.800,1.3259,1.32605,1.00,7.00
2010.09.29 13:59:56.286,1.3259,1.326,1.00,1.00
2010.09.29 13:59:56.634,1.32585,1.326,1.00,11.80
2010.09.29 13:59:57.354,1.32585,1.326,1.00,11.00
2010.09.29 13:59:57.713,1.32575,1.3259,5.60,1.00
2010.09.29 13:59:58.591,1.3258,1.3259,1.00,4.00
2010.09.29 13:59:58.952,1.3257,1.3259,1.00,9.20
2010.09.29 13:59:59.987,1.3257,1.3259,6.20,9.40
