2012.02.22 15:00:00.129,1.20673,1.20695,2.63,2.85
2012.02.22 15:00:00.916,1.20673,1.20695,2.63,2.85
2012.02.22 15:00:01.278,1.20676,1.20696,2.25,2.10
2012.02.22 15:00:01.578,1.20675,1.20699,2.63,2.25
2012.02.22 15:00:01.669,1.20675,1.20699,2.25,2.25
2012.02.22 15:00:02.355,1.20675,1.20697,2.25,2.25
2012.02.22 15:00:03.078,1.20675,1.20697,2.25,3.00
2012.02.22 15:00:03.230,1.20671,1.20696,2.63,2.25
2012.02.22 15:00:03.995,1.20669,1.20697,1.13,2.33
2012.02.22 15:00:04.097,1.20665,1.20687,3.00,2.25
2012.02.22 15:00:04.336,1.20667,1.20694,3.00,2.25
2012.02.22 15:00:04.657,1.20667,1.20689,3.00,2.25
2012.02.22 15:00:04.748,1.20666,1.20697,3.00,2.25
2012.02.22 15:00:05.627,1.20666,1.20696,3.00,2.46
2012.02.22 15:00:06.023,1.20667,1.20695,3.00,2.25
2012.02.22 15:00:07.091,1.20667,1.20695,3.00,2.44
2012.02.22 15:00:07.298,1.20667,1.2069,3.00,2.25
2012.02.22 15:00:07.529,1.20666,1.20696,3.26,2.25
2012.02.22 15:00:10.381,1.20672,1.20695,1.13,2.25
2012.02.22 15:00:10.820,1.20669,1.20692,2.63,1.71
2012.02.22 15:00:11.170,1.20668,1.20695,3.75,2.25
2012.02.22 15:00:12.167,1.20668,1.20689,3.38,1.71
2012.02.22 15:00:12.473,1.20674,1.20685,2.14,2.25
2012.02.22 15:00:12.776,1.20674,1.20687,1.50,1.50
2012.02.22 15:00:12.925,1.20676,1.20692,3.64,1.50
2012.02.22 15:00:13.238,1.20678,1.20693,1.50,1.13
2012.02.22 15:00:13.992,1.20678,1.20685,2.25,2.25
2012.02.22 15:00:14.072,1.20676,1.20688,3.26,1.69
2012.02.22 15:00:14.218,1.20679,1.20692,1.50,2.25
2012.02.22 15:00:14.509,1.20679,1.20693,1.50,1.50
2012.02.22 15:00:15.832,1.20676,1.20686,1.50,3.00
2012.02.22 15:00:15.910,1.20676,1.2069,3.45,2.25
2012.02.22 15:00:15.982,1.20677,1.20693,2.25,3.75
2012.02.22 15:00:16.065,1.20677,1.20693,2.25,3.75
2012.02.22 15:00:16.217,1.20676,1.2069,5.70,1.50
2012.02.22 15:00:16.435,1.20678,1.20692,1.50,1.50
2012.02.22 15:00:16.934,1.20676,1.2069,4.20,1.50
2012.02.22 15:00:17.769,1.20673,1.20689,3.00,1.50
2012.02.22 15:00:18.273,1.20673,1.20689,1.88,1.50
2012.02.22 15:00:18.707,1.20673,1.20689,2.63,1.50
2012.02.22 15:00:19.415,1.20681,1.2069,1.95,1.50
2012.02.22 15:00:19.670,1.20679,1.20693,1.50,2.25
2012.02.22 15:00:19.900,1.20679,1.20693,2.25,2.25
2012.02.22 15:00:20.259,1.20678,1.2069,1.50,2.25
2012.02.22 15:00:20.999,1.20676,1.20692,4.20,2.25
2012.02.22 15:00:21.094,1.20676,1.20692,3.45,2.25
2012.02.22 15:00:21.333,1.20678,1.20692,1.95,2.25
2012.02.22 15:00:21.789,1.20676,1.2069,5.70,2.25
2012.02.22 15:00:22.560,1.20678,1.20692,1.50,2.25
2012.02.22 15:00:22.796,1.20678,1.20692,1.50,2.25
2012.02.22 15:00:23.107,1.20676,1.2069,2.25,2.25
2012.02.22 15:00:23.336,1.20678,1.20692,1.88,2.25
2012.02.22 15:00:24.013,1.20685,1.20692,1.95,1.50
2012.02.22 15:00:24.475,1.20681,1.20695,1.50,2.25
2012.02.22 15:00:24.904,1.20683,1.20697,1.50,2.25
2012.02.22 15:00:25.506,1.20681,1.20695,1.50,2.25
2012.02.22 15:00:26.084,1.20682,1.20698,1.50,2.25
2012.02.22 15:00:26.163,1.20682,1.20698,1.50,2.25
2012.02.22 15:00:27.393,1.20682,1.20697,1.50,2.25
2012.02.22 15:00:28.087,1.20685,1.20697,1.95,2.25
2012.02.22 15:00:29.109,1.20682,1.20698,1.50,4.50
2012.02.22 15:00:29.410,1.20684,1.20698,1.95,4.50
2012.02.22 15:00:29.491,1.20684,1.20698,1.95,2.25
2012.02.22 15:00:30.854,1.20685,1.20698,1.95,2.25
2012.02.22 15:00:31.158,1.20685,1.20699,4.20,3.75
2012.02.22 15:00:31.243,1.20686,1.20698,1.76,2.25
2012.02.22 15:00:31.564,1.20685,1.20697,1.01,2.44
2012.02.22 15:00:32.385,1.20681,1.20697,3.21,4.50
2012.02.22 15:00:32.746,1.20681,1.20697,1.50,2.25
2012.02.22 15:00:33.151,1.20681,1.20697,1.50,2.25
2012.02.22 15:00:33.836,1.20682,1.20696,1.95,3.00
2012.02.22 15:00:34.354,1.20681,1.20696,1.50,3.00
2012.02.22 15:00:34.686,1.20678,1.20692,1.69,2.25
2012.02.22 15:00:35.388,1.20678,1.20692,1.50,2.25
2012.02.22 15:00:38.797,1.2068,1.20692,2.63,2.25
2012.02.22 15:00:38.893,1.20683,1.20697,1.50,2.25
2012.02.22 15:00:38.964,1.20683,1.20697,1.76,2.25
2012.02.22 15:00:39.047,1.20683,1.20697,1.50,1.50
2012.02.22 15:00:39.823,1.20683,1.20697,1.76,3.45
2012.02.22 15:00:40.870,1.20683,1.20697,1.95,1.50
2012.02.22 15:00:41.371,1.20683,1.20697,1.95,1.50
2012.02.22 15:00:41.933,1.20683,1.20697,1.95,1.50
2012.02.22 15:00:42.302,1.20683,1.20697,1.95,2.25
2012.02.22 15:00:42.956,1.20681,1.20695,3.71,2.25
2012.02.22 15:00:43.049,1.20679,1.20695,1.69,2.85
2012.02.22 15:00:43.267,1.20682,1.20696,1.69,2.10
2012.02.22 15:00:43.347,1.20682,1.20697,1.69,1.50
2012.02.22 15:00:43.564,1.20682,1.20698,3.45,2.25
2012.02.22 15:00:44.206,1.20682,1.20698,3.45,2.25
2012.02.22 15:00:45.030,1.20682,1.20698,2.51,2.25
2012.02.22 15:00:46.001,1.20684,1.207,1.95,2.25
2012.02.22 15:00:46.362,1.20683,1.20697,1.50,2.25
2012.02.22 15:00:47.119,1.20683,1.20697,1.69,2.25
2012.02.22 15:00:47.199,1.20683,1.20697,1.69,2.25
2012.02.22 15:00:47.892,1.20683,1.20696,1.69,1.50
2012.02.22 15:00:48.041,1.20681,1.20695,3.26,2.55
2012.02.22 15:00:48.460,1.20678,1.20694,3.26,2.25
2012.02.22 15:00:49.153,1.20678,1.20694,3.00,2.25
2012.02.22 15:00:49.239,1.20678,1.20694,2.63,2.25
2012.02.22 15:00:50.000,1.20678,1.20694,2.25,2.25
2012.02.22 15:00:50.285,1.20678,1.20694,2.25,2.25
2012.02.22 15:00:51.889,1.20678,1.20694,2.25,3.75
2012.02.22 15:00:52.049,1.20676,1.20692,1.50,2.25
2012.02.22 15:00:52.204,1.20674,1.2069,3.75,2.25
2012.02.22 15:00:52.428,1.20677,1.20691,1.50,2.25
2012.02.22 15:00:52.573,1.20674,1.2069,2.25,2.25
2012.02.22 15:00:53.425,1.20672,1.20688,2.73,2.25
2012.02.22 15:00:53.853,1.20672,1.20688,1.50,4.50
2012.02.22 15:00:54.355,1.20672,1.20688,1.50,4.50
2012.02.22 15:00:55.179,1.20672,1.20688,2.25,2.25
2012.02.22 15:00:55.304,1.20672,1.20688,2.25,2.25
2012.02.22 15:00:55.399,1.20672,1.20688,4.20,2.25
2012.02.22 15:00:56.974,1.20672,1.20688,1.50,2.25
2012.02.22 15:01:01.874,1.20672,1.20688,2.25,2.25
2012.02.22 15:01:03.424,1.20672,1.20688,4.20,2.25
2012.02.22 15:01:04.155,1.20672,1.20688,4.20,2.25
2012.02.22 15:01:04.859,1.20672,1.20688,2.25,2.25
2012.02.22 15:01:06.242,1.20677,1.20686,1.95,1.50
2012.02.22 15:01:06.930,1.20675,1.20687,3.45,1.50
2012.02.22 15:01:07.884,1.20675,1.20687,1.95,1.50
2012.02.22 15:01:07.980,1.20677,1.20686,1.95,1.50
2012.02.22 15:01:09.315,1.20675,1.20686,3.45,1.50
2012.02.22 15:01:09.917,1.20675,1.20687,1.50,2.25
2012.02.22 15:01:09.988,1.20675,1.20686,1.50,1.50
2012.02.22 15:01:10.491,1.20672,1.20686,1.50,1.50
2012.02.22 15:01:20.160,1.20672,1.20688,1.88,6.00
2012.02.22 15:01:20.229,1.20672,1.20688,1.88,4.50
2012.02.22 15:01:20.304,1.20674,1.2069,1.88,2.25
2012.02.22 15:01:20.380,1.20675,1.2069,1.01,2.25
2012.02.22 15:01:20.941,1.20677,1.20691,1.50,3.00
2012.02.22 15:01:22.039,1.20677,1.20691,2.25,3.00
2012.02.22 15:01:23.544,1.20677,1.20691,2.25,6.75
2012.02.22 15:01:24.201,1.20675,1.20688,1.95,3.00
2012.02.22 15:01:24.690,1.20675,1.20688,1.95,3.00
2012.02.22 15:01:25.539,1.20674,1.20688,2.51,3.00
2012.02.22 15:01:26.203,1.20674,1.20688,2.70,2.25
2012.02.22 15:01:26.707,1.20676,1.20688,1.95,2.25
2012.02.22 15:01:27.337,1.20676,1.20686,1.95,2.25
2012.02.22 15:01:28.225,1.2068,1.20686,1.95,2.25
2012.02.22 15:01:28.359,1.20676,1.20687,4.39,2.25
2012.02.22 15:01:28.860,1.20675,1.20685,4.20,1.50
2012.02.22 15:01:30.620,1.20676,1.20687,1.95,1.50
2012.02.22 15:01:32.563,1.20682,1.20688,1.95,1.50
2012.02.22 15:01:39.087,1.20681,1.20688,1.95,1.50
2012.02.22 15:01:41.248,1.20682,1.20688,1.95,1.50
2012.02.22 15:01:41.536,1.20677,1.20688,1.88,1.50
2012.02.22 15:01:41.901,1.20682,1.20688,1.95,1.50
2012.02.22 15:01:41.991,1.20675,1.2069,2.70,3.00
2012.02.22 15:01:42.152,1.20675,1.2069,3.45,2.25
2012.02.22 15:01:43.087,1.20677,1.2069,1.95,2.25
2012.02.22 15:01:43.570,1.20677,1.20689,1.95,2.25
2012.02.22 15:01:45.257,1.20676,1.20688,1.95,1.50
2012.02.22 15:01:45.634,1.20674,1.20688,1.95,1.50
2012.02.22 15:01:45.933,1.20674,1.20688,3.08,1.50
2012.02.22 15:01:46.243,1.20676,1.20692,2.25,2.25
2012.02.22 15:01:47.538,1.20675,1.20689,2.25,1.50
2012.02.22 15:01:47.922,1.20676,1.20688,1.95,2.25
2012.02.22 15:01:48.851,1.20674,1.20687,2.70,1.50
2012.02.22 15:01:49.559,1.20673,1.20687,2.25,1.50
2012.02.22 15:01:50.688,1.20679,1.20689,1.95,1.50
2012.02.22 15:01:50.759,1.20676,1.20688,1.95,2.25
2012.02.22 15:01:51.614,1.20676,1.20689,1.95,1.50
2012.02.22 15:01:52.254,1.20678,1.20689,1.95,1.50
2012.02.22 15:01:52.363,1.20676,1.20689,1.50,1.50
2012.02.22 15:01:52.439,1.20678,1.20689,1.95,1.50
2012.02.22 15:01:52.836,1.20675,1.20689,3.45,1.50
2012.02.22 15:01:55.941,1.20675,1.20689,4.20,1.50
2012.02.22 15:01:56.514,1.20675,1.20689,4.20,1.50
2012.02.22 15:01:56.665,1.20675,1.20688,1.95,1.50
2012.02.22 15:01:57.502,1.20672,1.20688,5.21,1.50
2012.02.22 15:01:58.449,1.20673,1.20688,1.50,1.50
2012.02.22 15:01:59.421,1.20672,1.20688,1.59,1.50
2012.02.22 15:01:59.508,1.20672,1.20688,1.50,1.50
2012.02.22 15:02:01.345,1.20672,1.20688,3.00,1.50
2012.02.22 15:02:03.247,1.20672,1.20688,2.25,1.50
2012.02.22 15:02:03.341,1.20675,1.2069,1.95,3.75
2012.02.22 15:02:03.576,1.20676,1.2069,1.01,3.75
2012.02.22 15:02:03.872,1.20674,1.20689,1.69,2.25
2012.02.22 15:02:06.765,1.20675,1.20689,2.70,2.25
2012.02.22 15:02:07.264,1.20674,1.20687,1.60,1.95
2012.02.22 15:02:07.583,1.20671,1.20687,1.86,1.50
2012.02.22 15:02:07.802,1.20674,1.20688,1.50,3.00
2012.02.22 15:02:08.705,1.20673,1.20689,1.50,1.50
2012.02.22 15:02:09.053,1.20675,1.20689,1.50,1.50
2012.02.22 15:02:10.434,1.20675,1.20689,1.50,1.50
2012.02.22 15:02:10.951,1.20675,1.20688,1.50,2.25
2012.02.22 15:02:16.034,1.20673,1.20689,3.00,1.50
2012.02.22 15:02:17.143,1.20674,1.20688,3.45,2.25
2012.02.22 15:02:20.644,1.20675,1.20688,1.50,2.25
2012.02.22 15:02:20.729,1.20673,1.20686,1.50,1.50
2012.02.22 15:02:20.872,1.20673,1.20686,1.50,1.50
2012.02.22 15:02:21.316,1.20675,1.20686,1.50,1.50
2012.02.22 15:02:21.540,1.20675,1.20688,1.50,5.25
2012.02.22 15:02:22.507,1.20677,1.20688,1.50,1.50
2012.02.22 15:02:23.145,1.20675,1.20688,1.69,1.50
2012.02.22 15:02:24.050,1.20677,1.20691,1.50,5.10
2012.02.22 15:02:24.487,1.20675,1.20688,1.50,3.75
2012.02.22 15:02:24.570,1.20674,1.20688,2.25,3.75
2012.02.22 15:02:27.224,1.20674,1.20688,1.50,3.75
2012.02.22 15:02:28.124,1.20674,1.20688,1.69,3.75
2012.02.22 15:02:30.070,1.20674,1.20688,1.50,1.50
2012.02.22 15:02:32.535,1.20675,1.20688,1.95,1.50
2012.02.22 15:02:34.395,1.20679,1.20688,1.95,1.50
2012.02.22 15:02:34.488,1.20675,1.20688,3.45,1.50
2012.02.22 15:02:35.120,1.20677,1.20688,1.95,1.50
2012.02.22 15:02:36.554,1.20674,1.20688,3.00,1.50
2012.02.22 15:02:39.161,1.20676,1.20688,1.95,1.50
2012.02.22 15:02:39.732,1.20674,1.20688,3.00,1.50
2012.02.22 15:02:43.393,1.20675,1.20688,1.50,1.50
2012.02.22 15:02:43.906,1.20675,1.20689,1.50,1.50
2012.02.22 15:02:45.561,1.20675,1.20689,2.25,1.50
2012.02.22 15:02:47.717,1.20675,1.20689,1.50,1.50
2012.02.22 15:02:48.580,1.20675,1.20686,1.50,1.50
2012.02.22 15:02:48.666,1.20672,1.20686,4.50,1.50
2012.02.22 15:02:49.375,1.20672,1.20685,1.50,1.50
2012.02.22 15:02:50.401,1.20669,1.20685,3.26,1.50
2012.02.22 15:02:51.851,1.20671,1.20686,1.50,1.50
2012.02.22 15:02:52.576,1.20671,1.20687,1.50,1.50
2012.02.22 15:02:52.871,1.20672,1.20685,1.50,4.50
2012.02.22 15:02:53.082,1.2067,1.20681,1.50,2.25
2012.02.22 15:02:53.150,1.20668,1.20681,3.90,1.50
2012.02.22 15:02:53.297,1.20673,1.20682,2.25,1.50
2012.02.22 15:02:53.373,1.20673,1.20686,3.75,1.50
2012.02.22 15:02:53.522,1.20671,1.20685,1.50,1.50
2012.02.22 15:02:54.720,1.20669,1.20684,3.00,1.50
2012.02.22 15:02:54.938,1.20671,1.20685,1.50,1.50
2012.02.22 15:02:59.196,1.20674,1.20685,1.95,1.50
2012.02.22 15:02:59.556,1.20672,1.20685,3.00,1.50
2012.02.22 15:02:59.641,1.20671,1.20685,1.50,1.50
2012.02.22 15:03:00.362,1.20673,1.20687,1.50,1.50
2012.02.22 15:03:02.391,1.20678,1.2069,2.25,3.00
2012.02.22 15:03:02.534,1.20676,1.2069,1.50,2.25
2012.02.22 15:03:03.042,1.20677,1.20689,1.95,2.25
2012.02.22 15:03:03.713,1.20677,1.20691,1.95,3.75
2012.02.22 15:03:04.676,1.20676,1.20691,1.95,2.25
2012.02.22 15:03:05.031,1.20676,1.20691,1.95,2.25
2012.02.22 15:03:05.825,1.20675,1.20691,2.25,2.25
2012.02.22 15:03:07.237,1.20675,1.20691,2.25,2.25
2012.02.22 15:03:07.924,1.20674,1.20688,1.50,2.25
2012.02.22 15:03:08.465,1.20674,1.20688,1.50,2.25
2012.02.22 15:03:08.558,1.20672,1.20686,3.19,2.25
2012.02.22 15:03:09.491,1.20673,1.20686,1.50,2.25
2012.02.22 15:03:10.009,1.20673,1.20684,1.50,1.95
2012.02.22 15:03:10.936,1.20676,1.20687,1.95,1.50
2012.02.22 15:03:11.483,1.20674,1.20687,1.50,1.50
2012.02.22 15:03:12.373,1.20674,1.20687,1.50,1.50
2012.02.22 15:03:14.501,1.20674,1.20687,1.50,2.25
2012.02.22 15:03:15.354,1.20674,1.20687,1.50,2.25
2012.02.22 15:03:15.482,1.20671,1.20686,1.50,1.58
2012.02.22 15:03:15.561,1.20668,1.20683,4.76,2.25
2012.02.22 15:03:16.124,1.20669,1.20685,1.50,2.33
2012.02.22 15:03:17.264,1.20669,1.20685,1.50,2.33
2012.02.22 15:03:17.413,1.20671,1.20685,1.95,2.33
2012.02.22 15:03:17.704,1.20671,1.20687,1.50,2.33
2012.02.22 15:03:18.283,1.20671,1.20687,1.50,2.33
2012.02.22 15:03:18.401,1.20669,1.20685,1.88,2.33
2012.02.22 15:03:18.925,1.20669,1.20685,4.88,2.25
2012.02.22 15:03:19.997,1.20669,1.20685,4.50,4.20
2012.02.22 15:03:20.224,1.20672,1.20685,1.50,2.70
2012.02.22 15:03:20.306,1.20669,1.20685,4.88,2.25
2012.02.22 15:03:20.878,1.20671,1.20687,1.50,2.25
2012.02.22 15:03:21.518,1.20671,1.20687,1.50,2.25
2012.02.22 15:03:22.023,1.20671,1.20687,1.50,2.25
2012.02.22 15:03:23.215,1.2067,1.20685,2.25,2.25
2012.02.22 15:03:23.737,1.20672,1.20685,1.95,2.25
2012.02.22 15:03:24.124,1.20672,1.20686,1.50,2.25
2012.02.22 15:03:24.972,1.20671,1.20685,3.08,1.50
2012.02.22 15:03:25.758,1.2067,1.20685,3.00,3.75
2012.02.22 15:03:26.538,1.20668,1.20683,6.75,1.50
2012.02.22 15:03:27.463,1.20668,1.20683,4.50,2.25
2012.02.22 15:03:28.127,1.20668,1.20683,4.50,2.25
2012.02.22 15:03:33.816,1.2067,1.20683,3.00,2.25
2012.02.22 15:03:36.393,1.2067,1.20684,4.50,2.25
2012.02.22 15:03:36.546,1.2067,1.20684,2.25,3.75
2012.02.22 15:03:38.070,1.2067,1.20685,3.00,2.25
2012.02.22 15:03:39.379,1.2067,1.20682,3.19,1.50
2012.02.22 15:03:39.453,1.2067,1.20684,4.69,2.25
2012.02.22 15:03:43.272,1.20672,1.20684,1.95,2.25
2012.02.22 15:03:43.353,1.20674,1.20684,1.95,1.50
2012.02.22 15:03:43.444,1.20672,1.20684,1.50,2.25
2012.02.22 15:03:43.946,1.20669,1.20685,4.50,2.25
2012.02.22 15:03:44.628,1.20669,1.20685,4.50,2.25
2012.02.22 15:03:44.736,1.20669,1.20685,4.50,3.75
2012.02.22 15:03:45.241,1.20669,1.20683,3.00,2.25
2012.02.22 15:03:46.553,1.20669,1.20683,3.00,2.25
2012.02.22 15:03:48.338,1.2067,1.20684,2.25,2.25
2012.02.22 15:03:49.256,1.20669,1.20683,3.00,4.20
2012.02.22 15:03:49.889,1.20669,1.20683,3.00,4.20
2012.02.22 15:03:49.976,1.20668,1.20681,4.50,2.25
2012.02.22 15:03:51.960,1.20669,1.20683,3.00,2.25
2012.02.22 15:03:52.384,1.20673,1.2068,1.95,1.50
2012.02.22 15:03:52.606,1.20672,1.20685,2.21,1.50
2012.02.22 15:03:53.602,1.20672,1.20688,3.71,2.25
2012.02.22 15:03:54.198,1.20673,1.20688,1.95,2.25
2012.02.22 15:03:55.355,1.20672,1.20688,4.50,2.25
2012.02.22 15:03:55.735,1.20672,1.20686,2.51,3.00
2012.02.22 15:03:55.952,1.20672,1.20688,4.50,2.44
2012.02.22 15:03:56.236,1.20672,1.20688,4.76,2.44
2012.02.22 15:03:57.119,1.20671,1.20686,3.63,2.25
2012.02.22 15:03:57.413,1.20669,1.20684,2.25,2.25
2012.02.22 15:03:57.971,1.20669,1.20684,2.25,2.25
2012.02.22 15:03:59.485,1.2067,1.20686,1.50,3.00
2012.02.22 15:03:59.772,1.20669,1.20682,2.25,1.50
2012.02.22 15:04:00.053,1.20669,1.20685,1.50,2.25
2012.02.22 15:04:01.031,1.20671,1.20685,2.25,1.50
2012.02.22 15:04:01.744,1.20672,1.20686,1.50,2.25
2012.02.22 15:04:03.559,1.20672,1.20686,1.50,2.25
2012.02.22 15:04:03.707,1.20672,1.20686,1.50,2.25
2012.02.22 15:04:04.074,1.20675,1.20686,1.95,1.50
2012.02.22 15:04:04.876,1.20672,1.20686,1.50,1.50
2012.02.22 15:04:07.933,1.20672,1.20686,1.50,2.25
2012.02.22 15:04:08.012,1.2067,1.20684,1.50,4.50
2012.02.22 15:04:08.080,1.20668,1.20684,1.50,4.50
2012.02.22 15:04:09.009,1.20679,1.20685,1.88,1.50
2012.02.22 15:04:09.107,1.20679,1.20693,1.88,6.00
2012.02.22 15:04:09.194,1.20681,1.20693,1.50,4.50
2012.02.22 15:04:10.326,1.20681,1.20695,1.50,2.78
2012.02.22 15:04:11.162,1.20681,1.20694,1.50,1.50
2012.02.22 15:04:12.318,1.20681,1.20693,1.50,2.70
2012.02.22 15:04:12.977,1.20677,1.20691,1.50,1.50
2012.02.22 15:04:13.140,1.20678,1.20694,1.50,2.25
2012.02.22 15:04:13.875,1.20678,1.20694,1.50,1.50
2012.02.22 15:04:14.023,1.20681,1.20695,1.50,1.50
2012.02.22 15:04:15.287,1.20678,1.20694,1.69,1.50
2012.02.22 15:04:15.851,1.20678,1.20694,1.50,1.50
2012.02.22 15:04:17.124,1.2068,1.20696,1.50,4.35
2012.02.22 15:04:17.303,1.20678,1.20694,1.50,1.50
2012.02.22 15:04:18.148,1.2068,1.20696,1.50,4.35
2012.02.22 15:04:18.963,1.2068,1.20696,1.50,2.85
2012.02.22 15:04:19.481,1.20681,1.20695,1.50,2.25
2012.02.22 15:04:21.215,1.20682,1.20695,1.95,1.50
2012.02.22 15:04:22.647,1.20678,1.20694,1.50,1.50
2012.02.22 15:04:23.363,1.20678,1.2069,1.50,1.50
2012.02.22 15:04:25.081,1.20676,1.2069,2.25,1.50
2012.02.22 15:04:25.378,1.20681,1.20689,1.50,1.50
2012.02.22 15:04:26.155,1.20681,1.20692,1.50,1.50
2012.02.22 15:04:26.257,1.20684,1.20692,1.95,1.50
2012.02.22 15:04:26.508,1.20684,1.20695,1.95,3.00
2012.02.22 15:04:26.796,1.20684,1.20695,1.95,2.25
2012.02.22 15:04:27.566,1.20681,1.20692,1.50,2.25
2012.02.22 15:04:27.666,1.20678,1.20694,1.50,1.50
2012.02.22 15:04:28.754,1.20681,1.20695,1.50,3.00
2012.02.22 15:04:29.449,1.20681,1.20692,1.50,1.50
2012.02.22 15:04:30.539,1.20685,1.20692,1.95,1.50
2012.02.22 15:04:31.392,1.20685,1.20695,1.95,1.50
2012.02.22 15:04:31.635,1.20682,1.20695,5.21,1.50
2012.02.22 15:04:32.430,1.20682,1.20695,5.21,1.50
2012.02.22 15:04:33.164,1.20682,1.20695,5.21,1.50
2012.02.22 15:04:34.047,1.20682,1.20695,4.46,1.50
2012.02.22 15:04:34.171,1.20681,1.20695,2.25,3.00
2012.02.22 15:04:34.930,1.20681,1.20695,3.00,3.00
2012.02.22 15:04:35.415,1.20681,1.20694,2.25,1.50
2012.02.22 15:04:35.496,1.20681,1.20692,2.25,1.50
2012.02.22 15:04:36.711,1.20681,1.20692,1.50,1.50
2012.02.22 15:04:37.219,1.20683,1.20694,1.50,1.50
2012.02.22 15:04:37.370,1.20683,1.20696,1.50,1.50
2012.02.22 15:04:38.204,1.20683,1.20696,1.50,1.50
2012.02.22 15:04:38.700,1.20683,1.20696,1.50,1.50
2012.02.22 15:04:40.256,1.20683,1.20692,1.50,1.50
2012.02.22 15:04:40.501,1.20681,1.20693,1.50,1.50
2012.02.22 15:04:40.920,1.20681,1.20695,1.50,4.20
2012.02.22 15:04:41.802,1.20682,1.20691,1.50,1.50
2012.02.22 15:04:41.984,1.2068,1.20691,1.50,1.50
2012.02.22 15:04:42.370,1.20678,1.20691,1.50,1.50
2012.02.22 15:04:43.224,1.2068,1.20691,3.75,1.50
2012.02.22 15:04:43.606,1.20678,1.20691,1.50,1.50
2012.02.22 15:04:43.708,1.2068,1.20691,1.50,1.50
2012.02.22 15:04:44.022,1.20682,1.20691,1.50,1.50
2012.02.22 15:04:44.725,1.20682,1.20692,1.50,1.50
2012.02.22 15:04:45.025,1.20682,1.20694,1.50,1.50
2012.02.22 15:04:45.180,1.20682,1.20695,1.50,1.50
2012.02.22 15:04:45.262,1.20682,1.20695,1.50,1.50
2012.02.22 15:04:45.402,1.20682,1.20694,1.50,1.50
2012.02.22 15:04:45.755,1.20682,1.20692,1.50,1.50
2012.02.22 15:04:46.563,1.2068,1.20693,1.50,1.50
2012.02.22 15:04:46.821,1.20678,1.20692,5.25,1.50
2012.02.22 15:04:47.179,1.20681,1.20692,1.50,1.50
2012.02.22 15:04:47.951,1.20679,1.2069,1.95,1.69
2012.02.22 15:04:48.393,1.20676,1.2069,3.75,2.25
2012.02.22 15:04:48.650,1.20678,1.20691,2.25,1.50
2012.02.22 15:04:49.502,1.20682,1.20692,1.50,1.50
2012.02.22 15:04:49.592,1.20677,1.20692,1.50,1.50
2012.02.22 15:04:50.167,1.20678,1.20692,1.50,3.00
2012.02.22 15:04:50.319,1.2068,1.20692,1.50,1.50
2012.02.22 15:04:51.378,1.20678,1.20692,1.50,1.50
2012.02.22 15:04:51.880,1.20679,1.20692,1.50,1.50
2012.02.22 15:04:55.407,1.20678,1.20692,2.25,3.00
2012.02.22 15:04:55.510,1.2068,1.20692,1.50,1.50
2012.02.22 15:04:57.417,1.20677,1.20692,1.50,1.50
2012.02.22 15:04:57.963,1.20678,1.20692,1.69,1.50
2012.02.22 15:04:58.133,1.2068,1.20693,1.50,1.50
2012.02.22 15:04:58.276,1.20678,1.20692,1.69,2.25
2012.02.22 15:04:58.984,1.20678,1.20692,1.69,2.25
2012.02.22 15:04:59.484,1.20678,1.20692,1.50,2.25
2012.02.22 15:05:01.601,1.20678,1.20692,1.50,2.25
2012.02.22 15:05:01.971,1.2068,1.20694,1.50,3.00
2012.02.22 15:05:03.809,1.2068,1.20693,1.50,1.50
2012.02.22 15:05:04.020,1.2068,1.20694,2.25,1.50
2012.02.22 15:05:10.852,1.20682,1.20696,1.50,3.00
2012.02.22 15:05:11.411,1.20682,1.20696,1.50,2.25
2012.02.22 15:05:12.265,1.20679,1.20695,2.25,4.50
2012.02.22 15:05:15.031,1.2068,1.20695,1.50,4.59
2012.02.22 15:05:15.554,1.2068,1.20692,1.50,1.50
2012.02.22 15:05:16.342,1.20679,1.20692,1.50,1.88
2012.02.22 15:05:16.680,1.20681,1.20692,1.95,2.25
2012.02.22 15:05:17.066,1.20678,1.20692,3.00,2.25
2012.02.22 15:05:18.066,1.20677,1.20688,1.50,2.25
2012.02.22 15:05:18.632,1.20678,1.20689,1.50,3.00
2012.02.22 15:05:19.567,1.20674,1.20689,1.50,4.50
2012.02.22 15:05:19.652,1.20676,1.20689,1.50,3.75
2012.02.22 15:05:19.723,1.20676,1.20689,1.50,3.38
2012.02.22 15:05:19.864,1.20677,1.20689,2.25,2.63
2012.02.22 15:05:20.371,1.20677,1.20691,3.75,2.25
2012.02.22 15:05:20.449,1.20677,1.20693,3.75,1.50
2012.02.22 15:05:21.640,1.2068,1.20694,1.50,1.50
2012.02.22 15:05:23.035,1.2068,1.20694,2.25,1.50
2012.02.22 15:05:23.434,1.2068,1.20694,2.25,1.50
2012.02.22 15:05:25.494,1.20681,1.20695,1.50,2.25
2012.02.22 15:05:30.470,1.20681,1.2069,1.50,4.50
2012.02.22 15:05:31.350,1.20681,1.20695,3.75,3.75
2012.02.22 15:05:31.435,1.20684,1.20695,1.95,2.25
2012.02.22 15:05:32.318,1.20681,1.20694,3.00,2.25
2012.02.22 15:05:34.112,1.20682,1.20693,2.25,1.50
2012.02.22 15:05:34.589,1.20683,1.2069,1.50,1.88
2012.02.22 15:05:34.818,1.20681,1.20688,1.95,2.25
2012.02.22 15:05:35.461,1.20682,1.20692,2.70,1.50
2012.02.22 15:05:35.655,1.20686,1.20692,1.95,1.50
2012.02.22 15:05:35.735,1.20686,1.20692,1.95,1.50
2012.02.22 15:05:36.173,1.20686,1.20692,1.95,1.50
2012.02.22 15:05:36.602,1.20686,1.20695,1.95,6.75
2012.02.22 15:05:37.789,1.20681,1.20694,2.25,3.00
2012.02.22 15:05:38.295,1.20679,1.20694,2.25,3.00
2012.02.22 15:05:39.220,1.20684,1.20694,1.95,3.00
2012.02.22 15:05:39.321,1.20678,1.20688,1.95,1.13
2012.02.22 15:05:40.099,1.2068,1.2069,1.50,4.50
2012.02.22 15:05:40.381,1.2068,1.20694,2.25,5.03
2012.02.22 15:05:40.730,1.2068,1.20694,2.25,4.50
2012.02.22 15:05:41.629,1.2068,1.20694,8.70,1.50
2012.02.22 15:05:41.715,1.20682,1.20696,1.50,1.50
2012.02.22 15:05:42.281,1.20683,1.20695,1.95,3.75
2012.02.22 15:05:43.138,1.20682,1.20695,2.70,3.75
2012.02.22 15:05:43.641,1.20682,1.20695,1.50,1.50
2012.02.22 15:05:45.023,1.20677,1.20689,1.50,2.25
2012.02.22 15:05:45.380,1.20676,1.20687,1.95,1.50
2012.02.22 15:05:45.735,1.20674,1.20688,2.25,3.75
2012.02.22 15:05:46.928,1.20674,1.20688,5.70,1.50
2012.02.22 15:05:47.643,1.20674,1.20688,4.95,3.90
2012.02.22 15:05:48.713,1.20675,1.20687,2.70,1.50
2012.02.22 15:05:49.242,1.20675,1.20688,2.70,2.25
2012.02.22 15:05:53.310,1.20677,1.20688,1.95,2.40
2012.02.22 15:05:53.605,1.20675,1.2069,2.70,1.50
2012.02.22 15:05:54.401,1.20675,1.2069,4.20,3.75
2012.02.22 15:05:54.555,1.20674,1.20686,4.20,1.50
2012.02.22 15:05:55.084,1.20676,1.20686,1.95,1.50
2012.02.22 15:05:56.080,1.20677,1.20687,1.50,1.50
2012.02.22 15:05:56.456,1.20674,1.20686,3.45,1.50
2012.02.22 15:05:56.540,1.20676,1.20686,1.95,1.50
2012.02.22 15:05:57.034,1.20676,1.20688,1.95,6.04
2012.02.22 15:05:57.183,1.20676,1.20688,1.95,5.29
2012.02.22 15:05:57.856,1.20676,1.20687,1.95,2.25
2012.02.22 15:05:59.786,1.20675,1.20688,1.50,3.60
2012.02.22 15:06:00.360,1.20677,1.20688,1.95,3.60
2012.02.22 15:06:02.674,1.20676,1.20688,3.45,1.35
2012.02.22 15:06:03.693,1.20677,1.20691,2.25,7.39
2012.02.22 15:06:04.494,1.2068,1.20691,1.95,9.60
2012.02.22 15:06:04.649,1.20675,1.20691,3.75,5.14
2012.02.22 15:06:05.561,1.20675,1.20688,2.25,3.75
2012.02.22 15:06:06.072,1.20675,1.20688,1.50,2.25
2012.02.22 15:06:06.622,1.20674,1.20687,4.20,1.50
2012.02.22 15:06:08.230,1.20674,1.20687,4.20,1.50
2012.02.22 15:06:08.764,1.20674,1.20688,4.95,2.25
2012.02.22 15:06:09.195,1.20677,1.20688,1.95,2.25
2012.02.22 15:06:09.941,1.20672,1.20688,5.25,2.10
2012.02.22 15:06:10.298,1.20673,1.20688,1.50,5.10
2012.02.22 15:06:10.816,1.20671,1.20685,4.95,3.75
2012.02.22 15:06:11.523,1.20671,1.20685,2.25,4.50
2012.02.22 15:06:11.606,1.20672,1.20684,2.25,1.50
2012.02.22 15:06:11.921,1.20669,1.20681,3.00,1.50
2012.02.22 15:06:12.149,1.20669,1.20681,3.38,1.50
2012.02.22 15:06:13.062,1.20671,1.20681,1.50,1.50
2012.02.22 15:06:13.153,1.20669,1.20681,2.25,1.50
2012.02.22 15:06:15.016,1.20672,1.20681,1.50,1.50
2012.02.22 15:06:15.106,1.2067,1.20681,3.00,1.50
2012.02.22 15:06:15.645,1.20672,1.20681,1.50,1.50
2012.02.22 15:06:16.461,1.20673,1.20686,2.25,1.50
2012.02.22 15:06:16.539,1.20673,1.20688,2.25,1.50
2012.02.22 15:06:17.042,1.20673,1.20689,2.25,2.25
2012.02.22 15:06:17.324,1.20673,1.20689,2.25,2.25
2012.02.22 15:06:22.025,1.20674,1.20688,2.25,2.25
2012.02.22 15:06:22.670,1.20674,1.20688,2.25,2.25
2012.02.22 15:06:23.393,1.20674,1.20686,1.50,1.50
2012.02.22 15:06:23.646,1.20671,1.20684,2.25,1.50
2012.02.22 15:06:24.151,1.20671,1.20684,2.25,1.50
2012.02.22 15:06:25.088,1.20671,1.20685,2.25,1.50
2012.02.22 15:06:26.220,1.20671,1.20685,1.50,1.50
2012.02.22 15:06:26.587,1.20673,1.20685,1.50,1.50
2012.02.22 15:06:27.209,1.20673,1.20686,2.25,2.70
2012.02.22 15:06:27.452,1.2067,1.20685,1.35,2.25
2012.02.22 15:06:28.011,1.20671,1.20685,2.25,3.00
2012.02.22 15:06:29.052,1.20672,1.20688,2.25,3.90
2012.02.22 15:06:29.137,1.20675,1.20688,1.50,2.40
2012.02.22 15:06:29.890,1.20672,1.20688,3.75,3.90
2012.02.22 15:06:30.421,1.20675,1.20688,1.50,2.40
2012.02.22 15:06:31.386,1.20674,1.20688,1.50,2.40
2012.02.22 15:06:31.953,1.20675,1.20688,1.50,2.40
2012.02.22 15:06:34.084,1.20672,1.20686,2.25,2.33
2012.02.22 15:06:34.164,1.20673,1.20686,1.50,1.65
2012.02.22 15:06:37.874,1.20672,1.20686,4.50,1.58
2012.02.22 15:06:38.445,1.20672,1.20686,1.50,1.65
2012.02.22 15:06:38.733,1.2067,1.20685,1.61,1.50
2012.02.22 15:06:38.892,1.20671,1.20685,1.01,1.50
2012.02.22 15:06:39.618,1.20673,1.20688,3.00,1.65
2012.02.22 15:06:39.711,1.20673,1.20687,2.25,3.15
2012.02.22 15:06:40.413,1.20673,1.20687,2.25,7.65
2012.02.22 15:06:40.495,1.20673,1.20687,1.50,7.65
2012.02.22 15:06:41.284,1.20671,1.20685,2.70,4.50
2012.02.22 15:06:41.383,1.20674,1.20685,1.50,3.00
2012.02.22 15:06:41.454,1.20671,1.20685,3.45,4.50
2012.02.22 15:06:41.536,1.20671,1.20682,3.45,2.25
2012.02.22 15:06:42.035,1.20671,1.20682,4.20,2.25
2012.02.22 15:06:42.183,1.20671,1.20684,4.20,2.25
2012.02.22 15:06:43.542,1.20672,1.20684,1.50,2.25
2012.02.22 15:06:43.977,1.20671,1.20682,3.00,2.25
2012.02.22 15:06:44.496,1.2067,1.20683,1.50,4.50
2012.02.22 15:06:45.187,1.20669,1.20683,3.00,4.50
2012.02.22 15:06:45.945,1.20669,1.20683,3.00,4.50
2012.02.22 15:06:47.168,1.20666,1.20682,2.25,1.50
2012.02.22 15:06:47.964,1.20668,1.20683,2.25,3.00
2012.02.22 15:06:48.751,1.20668,1.20682,1.50,3.45
2012.02.22 15:06:49.241,1.2067,1.20682,1.50,3.45
2012.02.22 15:06:52.680,1.20672,1.20682,1.50,2.25
2012.02.22 15:06:53.652,1.20671,1.20682,3.00,2.25
2012.02.22 15:06:55.648,1.20669,1.20682,1.50,1.50
2012.02.22 15:07:00.043,1.2067,1.20682,1.50,1.50
2012.02.22 15:07:05.773,1.20669,1.20682,1.50,3.00
2012.02.22 15:07:05.851,1.20666,1.20682,2.25,3.75
2012.02.22 15:07:05.931,1.20668,1.2068,1.50,1.50
2012.02.22 15:07:06.666,1.20669,1.20681,2.25,1.50
2012.02.22 15:07:06.765,1.20669,1.20682,2.25,3.75
2012.02.22 15:07:07.612,1.20669,1.20682,2.25,3.75
2012.02.22 15:07:10.415,1.20669,1.20682,1.50,3.00
2012.02.22 15:07:10.977,1.20669,1.20683,1.50,7.20
2012.02.22 15:07:11.492,1.20669,1.20682,1.50,1.50
2012.02.22 15:07:12.796,1.20671,1.20682,1.50,1.50
2012.02.22 15:07:16.081,1.20668,1.20682,3.00,1.50
2012.02.22 15:07:16.578,1.20668,1.20683,1.50,1.95
2012.02.22 15:07:18.019,1.20668,1.20684,1.50,6.45
2012.02.22 15:07:18.881,1.20668,1.20683,1.50,1.95
2012.02.22 15:07:32.220,1.20666,1.20682,2.25,1.50
2012.02.22 15:07:35.056,1.20666,1.20679,1.50,1.95
2012.02.22 15:07:36.034,1.20667,1.20679,1.50,1.95
2012.02.22 15:07:36.257,1.20667,1.20681,1.50,1.50
2012.02.22 15:07:36.829,1.20668,1.20683,1.50,4.58
2012.02.22 15:07:37.673,1.20668,1.20681,1.50,1.95
2012.02.22 15:07:38.671,1.20668,1.20683,1.50,1.95
2012.02.22 15:07:45.057,1.20668,1.20684,1.50,4.50
2012.02.22 15:07:45.149,1.20667,1.20681,1.50,1.50
2012.02.22 15:07:45.722,1.20668,1.20683,1.50,2.25
2012.02.22 15:07:46.911,1.20666,1.20682,2.25,1.50
2012.02.22 15:07:48.783,1.20666,1.20682,2.25,3.75
2012.02.22 15:07:49.135,1.20669,1.20683,1.50,3.45
2012.02.22 15:07:49.562,1.20666,1.20682,2.25,1.50
2012.02.22 15:07:50.602,1.20666,1.20682,2.25,3.45
2012.02.22 15:07:52.116,1.20666,1.2068,1.50,1.95
2012.02.22 15:07:54.139,1.20666,1.20682,1.50,3.64
2012.02.22 15:07:57.659,1.20666,1.2068,1.50,1.95
2012.02.22 15:07:58.014,1.20666,1.20682,1.50,3.94
2012.02.22 15:07:58.175,1.20666,1.2068,2.25,1.95
2012.02.22 15:07:59.271,1.20666,1.20682,1.50,1.50
2012.02.22 15:08:00.279,1.20666,1.20681,1.50,1.95
2012.02.22 15:08:01.382,1.20665,1.20679,1.50,1.50
2012.02.22 15:08:01.907,1.20667,1.20681,1.50,3.64
2012.02.22 15:08:02.906,1.20668,1.20683,1.50,3.00
2012.02.22 15:08:03.261,1.20668,1.2068,1.50,1.95
2012.02.22 15:08:03.449,1.20665,1.20679,3.75,1.50
2012.02.22 15:08:03.539,1.20667,1.20681,1.50,2.25
2012.02.22 15:08:04.466,1.20668,1.20684,1.50,4.50
2012.02.22 15:08:05.034,1.20668,1.20684,2.25,6.45
2012.02.22 15:08:06.345,1.20667,1.20682,2.25,1.50
2012.02.22 15:08:06.901,1.20668,1.20683,2.25,2.70
2012.02.22 15:08:08.145,1.20667,1.20681,2.25,1.50
2012.02.22 15:08:10.867,1.20667,1.20681,2.25,1.50
2012.02.22 15:08:11.790,1.20667,1.20681,1.50,1.50
2012.02.22 15:08:14.510,1.20667,1.20681,2.25,1.50
2012.02.22 15:08:17.014,1.20669,1.20683,1.50,3.75
2012.02.22 15:08:18.680,1.20667,1.20681,2.25,1.50
2012.02.22 15:08:18.961,1.20669,1.20683,2.25,1.50
2012.02.22 15:08:19.936,1.20669,1.20683,2.25,1.50
2012.02.22 15:08:21.965,1.20671,1.20684,1.50,1.95
2012.02.22 15:08:22.753,1.20668,1.20684,3.00,1.50
2012.02.22 15:08:22.843,1.20666,1.20682,2.44,1.50
2012.02.22 15:08:22.925,1.20666,1.20682,2.44,1.50
2012.02.22 15:08:23.018,1.20665,1.20679,3.19,1.50
2012.02.22 15:08:24.051,1.20665,1.20679,2.44,1.50
2012.02.22 15:08:24.142,1.20667,1.20681,2.25,1.50
2012.02.22 15:08:24.363,1.20665,1.20679,2.44,1.50
2012.02.22 15:08:24.502,1.20666,1.20682,2.44,1.50
2012.02.22 15:08:25.838,1.2067,1.20684,2.70,2.25
2012.02.22 15:08:26.165,1.20672,1.20682,2.70,1.50
2012.02.22 15:08:26.251,1.2067,1.20682,3.00,1.50
2012.02.22 15:08:26.600,1.20671,1.20684,1.50,1.50
2012.02.22 15:08:31.877,1.2067,1.20683,1.50,1.50
2012.02.22 15:08:32.030,1.20669,1.2068,1.50,1.50
2012.02.22 15:08:32.590,1.20669,1.2068,3.00,1.50
2012.02.22 15:08:34.491,1.20669,1.2068,3.00,1.50
2012.02.22 15:08:38.102,1.2067,1.2068,1.50,1.50
2012.02.22 15:08:38.760,1.20669,1.2068,1.50,1.50
2012.02.22 15:08:39.456,1.20669,1.20682,1.50,2.25
2012.02.22 15:08:39.533,1.20669,1.20682,1.50,2.25
2012.02.22 15:08:39.686,1.20668,1.20682,1.50,2.25
2012.02.22 15:08:39.770,1.20668,1.20682,2.25,2.25
2012.02.22 15:08:40.606,1.20667,1.20681,1.13,2.25
2012.02.22 15:08:45.968,1.20666,1.20681,1.69,2.25
2012.02.22 15:08:46.959,1.20666,1.2068,3.19,2.25
2012.02.22 15:08:48.796,1.20667,1.2068,1.50,2.25
2012.02.22 15:08:49.114,1.20668,1.20682,2.25,3.75
2012.02.22 15:08:50.131,1.2067,1.20684,2.25,3.00
2012.02.22 15:08:50.949,1.20673,1.20685,1.50,1.50
2012.02.22 15:08:54.394,1.20671,1.20685,1.50,3.19
2012.02.22 15:08:56.430,1.20668,1.20682,1.95,1.50
2012.02.22 15:08:56.534,1.20667,1.20681,2.82,2.25
2012.02.22 15:08:57.056,1.20667,1.20681,2.25,1.50
2012.02.22 15:08:57.789,1.20668,1.20683,2.51,3.00
2012.02.22 15:08:57.891,1.20668,1.20683,2.51,1.50
2012.02.22 15:08:57.984,1.20668,1.20681,2.25,1.50
2012.02.22 15:08:58.421,1.20668,1.20684,2.25,3.00
2012.02.22 15:08:59.563,1.20669,1.20683,2.25,2.25
2012.02.22 15:09:00.419,1.20669,1.20683,3.00,2.25
2012.02.22 15:09:00.968,1.20671,1.20684,1.50,1.50
2012.02.22 15:09:01.898,1.20668,1.20682,2.51,2.25
2012.02.22 15:09:01.997,1.20668,1.20682,2.51,5.25
2012.02.22 15:09:02.083,1.20667,1.2068,2.44,2.25
2012.02.22 15:09:03.964,1.20667,1.20681,3.00,1.50
2012.02.22 15:09:07.524,1.20668,1.20681,1.50,1.50
2012.02.22 15:09:13.830,1.2067,1.20682,1.50,1.50
2012.02.22 15:09:16.048,1.2067,1.20681,1.50,1.50
2012.02.22 15:09:16.754,1.20668,1.20681,2.25,1.50
2012.02.22 15:09:16.851,1.20669,1.20683,1.50,1.50
2012.02.22 15:09:19.020,1.20667,1.20683,2.25,1.50
2012.02.22 15:09:19.110,1.20668,1.2068,1.50,2.25
2012.02.22 15:09:19.881,1.20668,1.20682,1.50,2.85
2012.02.22 15:09:20.445,1.20669,1.20684,1.50,4.05
2012.02.22 15:09:21.092,1.20672,1.20684,1.50,4.05
2012.02.22 15:09:21.177,1.20669,1.20684,1.50,4.05
2012.02.22 15:09:21.989,1.20672,1.20684,1.50,2.10
2012.02.22 15:09:23.573,1.20671,1.2068,1.50,2.25
2012.02.22 15:09:23.644,1.20671,1.20684,1.50,4.35
2012.02.22 15:09:25.296,1.20671,1.20685,1.50,3.00
2012.02.22 15:09:25.657,1.20671,1.20684,1.50,2.25
2012.02.22 15:09:26.538,1.20667,1.20672,1.50,1.95
2012.02.22 15:09:26.635,1.20668,1.2068,1.50,2.14
2012.02.22 15:09:27.079,1.20668,1.20682,1.50,2.63
2012.02.22 15:09:27.460,1.20668,1.20679,1.50,1.95
2012.02.22 15:09:27.620,1.20666,1.20679,2.25,4.20
2012.02.22 15:09:28.216,1.20668,1.20679,1.50,1.95
2012.02.22 15:09:28.314,1.20668,1.20682,1.50,5.33
2012.02.22 15:09:29.020,1.20668,1.20681,1.50,1.88
2012.02.22 15:09:29.094,1.20668,1.20678,1.50,1.95
2012.02.22 15:09:29.382,1.20666,1.20681,1.50,1.88
2012.02.22 15:09:29.531,1.20668,1.20681,1.50,1.88
2012.02.22 15:09:30.340,1.20668,1.2068,1.50,1.95
2012.02.22 15:09:30.421,1.20668,1.20682,1.50,4.39
2012.02.22 15:09:30.563,1.2067,1.20682,1.50,4.39
2012.02.22 15:09:30.911,1.2067,1.2068,1.50,1.95
2012.02.22 15:09:31.428,1.20669,1.2068,1.50,1.95
2012.02.22 15:09:32.288,1.20669,1.20678,1.50,1.95
2012.02.22 15:09:32.380,1.20666,1.20678,1.50,1.95
2012.02.22 15:09:32.931,1.20667,1.20678,1.50,1.95
2012.02.22 15:09:33.440,1.20665,1.20678,2.25,1.95
2012.02.22 15:09:34.394,1.20665,1.20676,2.25,1.95
2012.02.22 15:09:34.602,1.20665,1.2068,2.25,3.00
2012.02.22 15:09:34.841,1.20668,1.2068,1.50,2.25
2012.02.22 15:09:34.932,1.20665,1.20681,2.25,7.95
2012.02.22 15:09:35.152,1.20669,1.20681,1.50,4.95
2012.02.22 15:09:35.506,1.20669,1.20675,1.50,2.25
2012.02.22 15:09:36.164,1.20668,1.20677,1.50,1.95
2012.02.22 15:09:36.255,1.20664,1.20677,2.25,1.95
2012.02.22 15:09:36.799,1.20666,1.20682,5.25,2.25
2012.02.22 15:09:37.163,1.20668,1.20684,3.00,2.25
2012.02.22 15:09:37.836,1.2067,1.20684,1.50,1.50
2012.02.22 15:09:38.500,1.2067,1.20682,1.50,1.95
2012.02.22 15:09:38.854,1.2067,1.20684,1.50,1.50
2012.02.22 15:09:39.876,1.20671,1.20683,1.50,1.50
2012.02.22 15:09:40.449,1.20671,1.20685,3.00,2.25
2012.02.22 15:09:41.010,1.20672,1.20685,1.13,2.25
2012.02.22 15:09:43.292,1.20671,1.20685,1.20,2.70
2012.02.22 15:09:44.047,1.2067,1.20683,1.95,2.25
2012.02.22 15:09:44.548,1.20669,1.20682,1.13,3.75
2012.02.22 15:09:45.042,1.20668,1.20682,2.25,2.25
2012.02.22 15:09:45.969,1.20668,1.20681,2.25,1.95
2012.02.22 15:09:46.557,1.20669,1.20674,1.50,1.95
2012.02.22 15:09:46.640,1.20667,1.2068,1.50,7.95
2012.02.22 15:09:46.715,1.20663,1.20677,2.10,1.50
2012.02.22 15:09:46.793,1.20663,1.20679,1.50,2.25
2012.02.22 15:09:47.141,1.20665,1.20678,1.50,3.00
2012.02.22 15:09:47.706,1.20664,1.20678,1.50,3.00
2012.02.22 15:09:49.488,1.20664,1.20678,1.50,2.44
2012.02.22 15:09:49.927,1.20664,1.2068,1.50,1.50
2012.02.22 15:09:50.753,1.20668,1.20682,1.50,6.64
2012.02.22 15:09:51.257,1.20668,1.20681,1.50,1.95
2012.02.22 15:09:51.410,1.20666,1.2068,1.50,1.50
2012.02.22 15:09:51.488,1.20668,1.20681,1.50,1.95
2012.02.22 15:09:52.842,1.20665,1.20681,1.50,3.45
2012.02.22 15:09:53.357,1.20666,1.20679,1.50,1.95
2012.02.22 15:09:53.730,1.20668,1.20679,1.50,1.95
2012.02.22 15:09:55.393,1.20666,1.20677,1.50,1.95
2012.02.22 15:09:57.683,1.20666,1.20678,2.25,1.95
2012.02.22 15:10:03.370,1.20666,1.20679,1.50,1.95
2012.02.22 15:10:06.163,1.20666,1.2068,1.50,2.89
2012.02.22 15:10:07.134,1.20669,1.20683,1.50,2.25
2012.02.22 15:10:09.554,1.20669,1.20681,1.50,1.95
2012.02.22 15:10:09.702,1.20669,1.20683,1.50,3.45
2012.02.22 15:10:09.785,1.20666,1.20681,1.13,1.50
2012.02.22 15:10:09.872,1.20667,1.20683,1.50,3.45
2012.02.22 15:10:10.814,1.20667,1.20683,2.25,1.50
2012.02.22 15:10:12.882,1.20667,1.20683,2.25,1.69
2012.02.22 15:10:13.035,1.20666,1.20676,3.00,1.95
2012.02.22 15:10:13.599,1.20665,1.20676,1.50,1.95
2012.02.22 15:10:18.329,1.20665,1.20674,1.50,1.95
2012.02.22 15:10:18.949,1.20664,1.20674,3.00,1.95
2012.02.22 15:10:19.365,1.20664,1.20676,1.50,1.95
2012.02.22 15:10:19.444,1.20666,1.20676,1.50,1.95
2012.02.22 15:10:19.802,1.20668,1.20676,1.50,1.95
2012.02.22 15:10:20.572,1.20666,1.20676,1.50,1.95
2012.02.22 15:10:22.850,1.20666,1.20673,1.50,1.95
2012.02.22 15:10:23.574,1.20663,1.20676,1.50,1.69
2012.02.22 15:10:23.914,1.20667,1.20678,1.50,1.50
2012.02.22 15:10:24.054,1.20667,1.2068,1.50,3.38
2012.02.22 15:10:24.485,1.20664,1.2068,2.25,4.13
2012.02.22 15:10:24.632,1.20664,1.2068,2.25,4.13
2012.02.22 15:10:27.818,1.20667,1.20679,1.50,1.95
2012.02.22 15:10:28.374,1.20665,1.20679,2.25,1.50
2012.02.22 15:10:29.015,1.20666,1.2068,1.50,4.20
2012.02.22 15:10:31.743,1.20666,1.20679,2.25,1.95
2012.02.22 15:10:32.558,1.20667,1.20682,1.50,2.25
2012.02.22 15:10:32.652,1.20664,1.2068,2.25,3.75
2012.02.22 15:10:33.419,1.20664,1.2068,2.25,1.50
2012.02.22 15:10:34.242,1.20668,1.20682,1.50,5.70
2012.02.22 15:10:34.894,1.20666,1.2068,2.25,1.50
2012.02.22 15:10:35.533,1.20666,1.2068,2.25,1.50
2012.02.22 15:10:35.686,1.20668,1.20682,2.25,3.75
2012.02.22 15:10:36.420,1.20666,1.20682,1.50,5.70
2012.02.22 15:10:36.528,1.20668,1.20682,1.50,1.95
2012.02.22 15:10:36.614,1.20665,1.20681,2.25,1.50
2012.02.22 15:10:37.034,1.20665,1.20679,2.25,1.95
2012.02.22 15:10:38.363,1.20665,1.20681,2.25,1.88
2012.02.22 15:10:39.691,1.20665,1.20681,2.25,1.88
2012.02.22 15:10:39.978,1.20663,1.20678,1.50,2.25
2012.02.22 15:10:40.844,1.20664,1.20677,1.50,2.63
2012.02.22 15:10:42.516,1.20664,1.20679,1.50,2.63
2012.02.22 15:10:44.562,1.20666,1.20679,1.50,2.78
2012.02.22 15:10:45.432,1.20665,1.20681,2.25,3.94
2012.02.22 15:10:45.585,1.20667,1.20681,1.50,3.60
2012.02.22 15:10:45.946,1.20669,1.20682,1.50,3.30
2012.02.22 15:10:46.320,1.20666,1.20679,2.25,1.95
2012.02.22 15:10:47.090,1.20665,1.20679,2.25,3.45
2012.02.22 15:10:47.622,1.20667,1.20681,2.25,3.00
2012.02.22 15:10:48.770,1.20666,1.2068,2.25,1.50
2012.02.22 15:10:49.323,1.20667,1.20681,1.50,3.00
2012.02.22 15:10:50.311,1.20666,1.2068,3.75,1.50
2012.02.22 15:10:50.631,1.20668,1.20682,1.50,2.25
2012.02.22 15:10:51.142,1.20667,1.20681,2.25,1.50
2012.02.22 15:10:53.649,1.20669,1.20683,1.50,2.63
2012.02.22 15:10:54.195,1.20669,1.20683,2.25,1.50
2012.02.22 15:10:55.071,1.20671,1.20685,1.50,4.39
2012.02.22 15:10:55.993,1.20669,1.20684,1.13,1.80
2012.02.22 15:10:56.842,1.20668,1.20684,2.25,1.80
2012.02.22 15:10:58.203,1.20667,1.20677,2.51,1.50
2012.02.22 15:10:58.381,1.20668,1.20682,1.76,4.20
2012.02.22 15:11:00.815,1.20668,1.2068,1.50,3.94
2012.02.22 15:11:00.893,1.20668,1.2068,1.50,4.47
2012.02.22 15:11:01.885,1.20669,1.20679,1.50,1.28
2012.02.22 15:11:02.048,1.20667,1.20679,1.50,1.28
2012.02.22 15:11:02.987,1.20667,1.2068,1.50,3.34
2012.02.22 15:11:03.065,1.20667,1.2068,2.25,2.25
2012.02.22 15:11:03.219,1.2067,1.20683,2.25,1.95
2012.02.22 15:11:03.977,1.20669,1.20683,2.25,2.25
2012.02.22 15:11:04.821,1.20669,1.20682,2.25,1.95
2012.02.22 15:11:05.354,1.20669,1.20682,2.25,1.95
2012.02.22 15:11:06.253,1.20668,1.20682,2.25,3.60
2012.02.22 15:11:07.628,1.20673,1.20684,1.50,2.40
2012.02.22 15:11:07.776,1.20669,1.20683,2.25,1.95
2012.02.22 15:11:08.340,1.20669,1.20683,2.25,1.95
2012.02.22 15:11:08.897,1.20669,1.20683,2.25,1.95
2012.02.22 15:11:09.627,1.20669,1.20683,2.25,1.95
2012.02.22 15:11:10.192,1.2067,1.20684,1.50,2.40
2012.02.22 15:11:10.707,1.20668,1.20684,2.25,3.90
2012.02.22 15:11:11.777,1.20669,1.20682,2.25,2.10
2012.02.22 15:11:12.287,1.2067,1.20686,1.50,3.90
2012.02.22 15:11:13.494,1.2067,1.20686,1.50,4.28
2012.02.22 15:11:14.056,1.2067,1.20686,1.50,4.28
2012.02.22 15:11:14.625,1.2067,1.20686,1.50,4.28
2012.02.22 15:11:15.603,1.2067,1.20686,1.50,4.43
2012.02.22 15:11:16.189,1.2067,1.20686,1.50,4.28
2012.02.22 15:11:16.812,1.2067,1.20686,1.50,3.90
2012.02.22 15:11:17.782,1.2067,1.20685,1.50,2.40
2012.02.22 15:11:18.558,1.2067,1.20685,1.50,2.59
2012.02.22 15:11:19.550,1.2067,1.20685,1.50,2.59
2012.02.22 15:11:20.043,1.2067,1.20685,1.50,2.40
2012.02.22 15:11:20.589,1.2067,1.20683,1.50,2.40
2012.02.22 15:11:21.249,1.2067,1.20683,1.50,2.40
2012.02.22 15:11:21.891,1.20669,1.20683,2.25,2.40
2012.02.22 15:11:21.970,1.20671,1.20684,1.50,2.40
2012.02.22 15:11:22.472,1.20671,1.20684,1.50,2.40
2012.02.22 15:11:23.392,1.20671,1.20684,1.50,2.40
2012.02.22 15:11:24.086,1.20671,1.20683,1.50,2.40
2012.02.22 15:11:24.384,1.20672,1.20685,1.50,1.80
2012.02.22 15:11:24.537,1.20672,1.20688,3.00,3.19
2012.02.22 15:11:24.754,1.20672,1.20688,2.25,3.04
2012.02.22 15:11:25.110,1.20672,1.20686,1.50,1.50
2012.02.22 15:11:25.640,1.2067,1.20686,2.25,3.00
2012.02.22 15:11:29.628,1.20672,1.20686,1.50,1.50
2012.02.22 15:11:30.190,1.20672,1.20685,1.50,1.50
2012.02.22 15:11:33.443,1.2067,1.20685,2.25,1.50
2012.02.22 15:11:34.166,1.2067,1.20685,2.25,1.50
2012.02.22 15:11:34.696,1.2067,1.20686,2.25,2.25
2012.02.22 15:11:34.778,1.2067,1.20686,2.25,2.25
2012.02.22 15:11:35.830,1.2067,1.20686,2.25,3.00
2012.02.22 15:11:37.602,1.20673,1.20686,1.50,1.50
2012.02.22 15:11:38.404,1.20671,1.20685,2.25,2.25
2012.02.22 15:11:40.673,1.20671,1.20685,2.25,2.25
2012.02.22 15:11:40.995,1.20671,1.20686,1.76,3.00
2012.02.22 15:11:41.599,1.20671,1.20686,1.76,3.00
2012.02.22 15:11:42.097,1.20672,1.20685,1.01,1.50
2012.02.22 15:11:42.611,1.2067,1.20685,2.25,3.45
2012.02.22 15:11:43.482,1.2067,1.20685,2.25,1.50
2012.02.22 15:11:43.973,1.20669,1.20684,1.01,2.25
2012.02.22 15:11:44.916,1.20669,1.20684,1.01,3.00
2012.02.22 15:11:45.422,1.20672,1.20684,1.95,1.50
2012.02.22 15:11:46.709,1.2067,1.20684,2.25,1.50
2012.02.22 15:11:47.585,1.2067,1.20684,2.25,1.50
2012.02.22 15:11:48.505,1.20669,1.20684,1.01,2.25
2012.02.22 15:11:56.503,1.20669,1.20682,1.50,2.25
2012.02.22 15:11:56.796,1.20669,1.20684,3.00,2.25
2012.02.22 15:11:57.151,1.20669,1.20684,3.75,2.25
2012.02.22 15:11:58.140,1.20671,1.20685,2.51,2.25
2012.02.22 15:11:58.688,1.20672,1.20685,1.01,2.25
2012.02.22 15:11:59.773,1.20671,1.20685,2.88,2.25
2012.02.22 15:12:00.298,1.20671,1.20685,4.83,2.25
2012.02.22 15:12:01.449,1.20671,1.20683,1.76,1.50
2012.02.22 15:12:02.164,1.2067,1.20684,1.76,2.25
2012.02.22 15:12:03.283,1.20671,1.20684,1.01,2.25
2012.02.22 15:12:03.827,1.20671,1.20685,3.63,2.25
2012.02.22 15:12:04.400,1.20671,1.20685,3.26,2.25
2012.02.22 15:12:05.248,1.2067,1.20685,2.51,2.25
2012.02.22 15:12:05.337,1.2067,1.20683,1.01,1.50
2012.02.22 15:12:06.900,1.2067,1.20686,2.51,2.25
2012.02.22 15:12:06.984,1.2067,1.20686,2.25,2.25
2012.02.22 15:12:07.502,1.2067,1.20686,3.00,3.00
2012.02.22 15:12:07.641,1.2067,1.20686,3.00,3.00
2012.02.22 15:12:07.782,1.2067,1.20685,3.00,1.50
2012.02.22 15:12:08.418,1.2067,1.20685,3.26,1.50
2012.02.22 15:12:08.657,1.20673,1.20687,3.00,3.75
2012.02.22 15:12:09.162,1.20671,1.20683,1.88,1.50
2012.02.22 15:12:09.964,1.20671,1.20683,1.13,1.50
2012.02.22 15:12:10.073,1.20671,1.20685,2.63,1.50
2012.02.22 15:12:11.204,1.20671,1.20683,1.13,1.50
2012.02.22 15:12:12.062,1.20671,1.20686,2.63,1.50
2012.02.22 15:12:12.552,1.20673,1.20687,1.50,1.50
2012.02.22 15:12:12.646,1.2067,1.20686,5.33,1.50
2012.02.22 15:12:15.807,1.2067,1.20684,1.13,1.50
2012.02.22 15:12:16.673,1.20671,1.20684,1.13,3.15
2012.02.22 15:12:17.820,1.2067,1.20684,1.88,4.88
2012.02.22 15:12:18.711,1.20667,1.20683,4.38,4.50
2012.02.22 15:12:23.451,1.20667,1.2068,2.13,1.50
2012.02.22 15:12:23.958,1.20668,1.20683,1.88,3.00
2012.02.22 15:12:25.252,1.20666,1.2068,2.51,1.50
2012.02.22 15:12:26.362,1.20667,1.20681,4.58,1.50
2012.02.22 15:12:26.796,1.20668,1.20683,1.88,1.50
2012.02.22 15:12:28.459,1.20671,1.20683,1.88,1.50
2012.02.22 15:12:30.197,1.20667,1.20681,2.13,1.50
2012.02.22 15:12:31.154,1.20669,1.20683,1.88,5.25
2012.02.22 15:12:31.661,1.20669,1.20683,1.88,5.25
2012.02.22 15:12:34.444,1.20669,1.20681,1.88,2.25
2012.02.22 15:12:34.518,1.20669,1.20681,1.50,2.25
2012.02.22 15:12:35.205,1.20675,1.20681,1.95,1.50
2012.02.22 15:12:35.294,1.2067,1.20685,2.58,2.25
2012.02.22 15:12:36.958,1.2067,1.20685,2.96,1.50
2012.02.22 15:12:37.031,1.20674,1.20687,2.70,3.75
2012.02.22 15:12:37.593,1.20674,1.20688,1.50,2.25
2012.02.22 15:12:37.662,1.20672,1.20686,1.50,3.75
2012.02.22 15:12:37.805,1.20671,1.20684,2.70,1.50
2012.02.22 15:12:38.977,1.20671,1.20684,2.70,2.25
2012.02.22 15:12:39.541,1.20668,1.20683,3.45,2.25
2012.02.22 15:12:40.258,1.20668,1.20683,4.39,1.50
2012.02.22 15:12:41.102,1.20669,1.20685,1.50,3.75
2012.02.22 15:12:41.492,1.20671,1.20686,1.50,1.13
2012.02.22 15:12:42.999,1.2067,1.20684,1.50,2.25
2012.02.22 15:12:43.642,1.2067,1.20684,2.25,2.25
2012.02.22 15:12:44.580,1.20667,1.20683,5.21,1.50
2012.02.22 15:12:45.079,1.20668,1.20683,1.01,1.50
2012.02.22 15:12:45.644,1.2067,1.20684,1.50,2.25
2012.02.22 15:12:46.441,1.20672,1.20686,1.50,2.63
2012.02.22 15:12:46.738,1.20669,1.20683,2.25,2.25
2012.02.22 15:12:47.240,1.20669,1.20683,1.50,3.00
2012.02.22 15:12:48.300,1.20671,1.20683,1.50,1.50
2012.02.22 15:12:48.797,1.20669,1.20683,3.75,3.00
2012.02.22 15:12:49.324,1.20671,1.20684,1.50,2.25
2012.02.22 15:12:50.552,1.20671,1.20684,1.50,1.50
2012.02.22 15:12:50.639,1.20669,1.20683,1.50,3.00
2012.02.22 15:12:52.903,1.20669,1.20683,2.25,3.00
2012.02.22 15:12:55.014,1.20671,1.20683,1.50,1.50
2012.02.22 15:12:55.510,1.2067,1.20684,1.50,1.50
2012.02.22 15:12:57.714,1.20668,1.20682,4.20,1.50
2012.02.22 15:12:58.143,1.20671,1.20685,1.50,3.00
2012.02.22 15:12:59.269,1.20668,1.20682,2.25,1.50
2012.02.22 15:13:03.816,1.20672,1.20685,1.95,2.25
2012.02.22 15:13:04.137,1.20672,1.20686,1.95,2.63
2012.02.22 15:13:04.504,1.2067,1.20686,3.45,2.63
2012.02.22 15:13:05.359,1.20671,1.20686,1.95,2.63
2012.02.22 15:13:07.773,1.20671,1.20686,4.95,2.25
2012.02.22 15:13:08.476,1.2067,1.2068,2.25,1.50
2012.02.22 15:13:08.560,1.2067,1.20682,1.50,3.45
2012.02.22 15:13:08.642,1.20669,1.20677,1.50,1.50
2012.02.22 15:13:09.268,1.20665,1.20677,1.98,1.50
2012.02.22 15:13:09.403,1.20668,1.20681,3.08,2.25
2012.02.22 15:13:10.148,1.20668,1.20681,1.50,3.00
2012.02.22 15:13:10.926,1.20666,1.2068,1.62,2.25
2012.02.22 15:13:11.425,1.20666,1.2068,1.76,2.25
2012.02.22 15:13:11.858,1.20667,1.20682,1.62,2.25
2012.02.22 15:13:12.963,1.20667,1.20683,1.50,5.10
2012.02.22 15:13:13.055,1.20666,1.20681,2.82,3.75
2012.02.22 15:13:13.622,1.20667,1.20681,1.62,2.25
2012.02.22 15:13:14.479,1.20666,1.2068,4.32,1.50
2012.02.22 15:13:15.047,1.20666,1.2068,4.32,1.50
2012.02.22 15:13:15.680,1.20666,1.2068,2.37,1.50
2012.02.22 15:13:16.408,1.20666,1.2068,2.37,1.50
2012.02.22 15:13:17.140,1.20666,1.2068,2.37,1.50
2012.02.22 15:13:17.910,1.20666,1.2068,2.37,1.50
2012.02.22 15:13:18.476,1.20668,1.20677,1.50,4.50
2012.02.22 15:13:19.320,1.20664,1.20676,1.05,1.50
2012.02.22 15:13:19.974,1.20663,1.20676,2.18,3.00
2012.02.22 15:13:20.124,1.20668,1.20676,1.95,3.00
2012.02.22 15:13:20.411,1.20669,1.2068,1.50,1.13
2012.02.22 15:13:22.840,1.20669,1.20681,1.50,2.78
2012.02.22 15:13:23.265,1.20669,1.20683,1.50,3.98
2012.02.22 15:13:24.292,1.20669,1.20683,1.76,2.25
2012.02.22 15:13:24.813,1.20669,1.20683,1.50,2.25
2012.02.22 15:13:26.073,1.20663,1.20677,2.18,1.50
2012.02.22 15:13:26.565,1.20663,1.20677,2.18,1.50
2012.02.22 15:13:27.132,1.20663,1.20677,2.18,1.50
2012.02.22 15:13:27.701,1.20663,1.20677,2.18,1.50
2012.02.22 15:13:28.434,1.20663,1.20676,2.18,3.00
2012.02.22 15:13:29.014,1.20663,1.20676,2.18,3.00
2012.02.22 15:13:29.523,1.20663,1.20676,2.18,3.00
2012.02.22 15:13:30.525,1.20663,1.20676,2.18,3.00
2012.02.22 15:13:31.897,1.20663,1.20676,4.13,3.00
2012.02.22 15:13:32.993,1.20664,1.20677,1.92,2.25
2012.02.22 15:13:33.105,1.20667,1.2068,1.76,1.50
2012.02.22 15:13:33.198,1.20669,1.20682,1.50,1.28
2012.02.22 15:13:33.694,1.20668,1.20682,1.50,2.18
2012.02.22 15:13:34.797,1.20668,1.20682,1.50,2.18
2012.02.22 15:13:35.769,1.20668,1.20681,1.50,1.65
2012.02.22 15:13:35.919,1.20662,1.20675,0.88,1.50
2012.02.22 15:13:36.763,1.20662,1.20676,2.88,2.25
2012.02.22 15:13:37.265,1.20662,1.20677,5.48,2.63
2012.02.22 15:13:37.775,1.20662,1.20677,5.48,2.63
2012.02.22 15:13:38.889,1.20662,1.20677,2.88,2.63
2012.02.22 15:13:39.534,1.20662,1.20677,2.88,2.63
2012.02.22 15:13:40.292,1.20662,1.20677,2.88,2.63
2012.02.22 15:13:41.646,1.20662,1.20677,2.88,2.63
2012.02.22 15:13:42.330,1.20662,1.20677,2.88,2.63
2012.02.22 15:13:42.827,1.20662,1.20675,0.88,1.50
2012.02.22 15:13:43.551,1.20662,1.20675,0.88,1.50
2012.02.22 15:13:45.311,1.20662,1.20675,0.65,1.50
2012.02.22 15:13:45.727,1.20662,1.20677,2.65,3.38
2012.02.22 15:13:45.876,1.20662,1.20675,0.65,1.50
2012.02.22 15:13:46.891,1.20663,1.20677,1.95,4.88
2012.02.22 15:13:47.405,1.20662,1.20676,0.65,1.50
2012.02.22 15:13:48.884,1.20664,1.20678,1.50,1.13
2012.02.22 15:13:48.959,1.20664,1.2068,1.50,3.88
2012.02.22 15:13:49.243,1.20668,1.20682,1.50,2.93
2012.02.22 15:13:50.485,1.20668,1.20682,1.50,1.80
2012.02.22 15:13:50.987,1.20668,1.20682,2.25,1.80
2012.02.22 15:13:51.346,1.20667,1.20683,2.25,1.80
2012.02.22 15:13:51.566,1.20667,1.20683,2.51,1.80
2012.02.22 15:13:52.264,1.20668,1.20682,1.50,1.80
2012.02.22 15:13:52.969,1.20668,1.20682,1.50,1.80
2012.02.22 15:13:53.577,1.20668,1.20682,1.50,1.80
2012.02.22 15:13:53.898,1.20664,1.20676,4.65,1.50
2012.02.22 15:13:54.962,1.20663,1.20677,1.95,2.25
2012.02.22 15:13:55.398,1.20664,1.20677,1.50,2.25
2012.02.22 15:13:55.927,1.20662,1.20678,2.65,4.50
2012.02.22 15:13:57.007,1.20662,1.20678,2.65,6.38
2012.02.22 15:13:57.351,1.20666,1.20678,1.50,4.13
2012.02.22 15:13:57.758,1.20662,1.20678,3.65,4.88
2012.02.22 15:13:59.550,1.20662,1.20676,2.65,2.25
2012.02.22 15:13:59.635,1.20665,1.20676,1.50,2.25
2012.02.22 15:13:59.949,1.20663,1.20676,1.95,2.25
2012.02.22 15:14:00.598,1.20665,1.20678,1.50,1.50
2012.02.22 15:14:01.593,1.20668,1.2068,1.50,4.50
2012.02.22 15:14:01.760,1.20668,1.20682,1.50,2.18
2012.02.22 15:14:02.255,1.20668,1.20682,1.50,2.25
2012.02.22 15:14:03.198,1.20667,1.20683,1.50,2.25
2012.02.22 15:14:04.473,1.20668,1.20682,1.50,1.50
2012.02.22 15:14:05.974,1.20669,1.20684,1.50,2.48
2012.02.22 15:14:06.526,1.20669,1.20684,1.50,2.48
2012.02.22 15:14:07.279,1.20667,1.20683,1.50,2.25
2012.02.22 15:14:08.407,1.2067,1.20684,1.50,5.48
2012.02.22 15:14:08.496,1.20668,1.20683,1.50,2.25
2012.02.22 15:14:09.314,1.20667,1.20683,1.50,2.25
2012.02.22 15:14:09.466,1.20667,1.20681,1.50,1.50
2012.02.22 15:14:10.034,1.20666,1.2068,1.50,3.75
2012.02.22 15:14:12.398,1.20666,1.2068,1.50,4.50
2012.02.22 15:14:17.065,1.20667,1.20679,1.50,1.50
2012.02.22 15:14:17.146,1.20665,1.20678,1.50,1.50
2012.02.22 15:14:17.294,1.20663,1.20676,1.95,2.25
2012.02.22 15:14:17.865,1.20663,1.20675,1.95,2.25
2012.02.22 15:14:18.080,1.20663,1.20677,1.95,4.50
2012.02.22 15:14:19.149,1.20663,1.20677,1.95,4.50
2012.02.22 15:14:20.953,1.20663,1.20677,1.95,5.25
2012.02.22 15:14:25.172,1.20663,1.20676,1.95,3.00
2012.02.22 15:14:26.537,1.20663,1.20676,1.95,2.25
2012.02.22 15:14:27.050,1.20663,1.20677,1.95,3.94
2012.02.22 15:14:31.371,1.20662,1.20676,2.65,2.25
2012.02.22 15:14:32.830,1.20662,1.20675,2.65,2.25
2012.02.22 15:14:33.496,1.20662,1.20676,0.65,3.75
2012.02.22 15:14:34.238,1.20662,1.20675,2.65,2.25
2012.02.22 15:14:35.117,1.20663,1.20676,1.89,2.25
2012.02.22 15:14:37.108,1.20663,1.20677,1.89,3.75
2012.02.22 15:14:38.907,1.20668,1.20677,1.50,4.50
2012.02.22 15:14:39.124,1.20668,1.2068,1.50,1.80
2012.02.22 15:14:39.261,1.20669,1.20681,1.50,2.25
2012.02.22 15:14:39.337,1.20665,1.20679,1.50,1.50
2012.02.22 15:14:39.418,1.20666,1.20682,1.50,2.25
2012.02.22 15:14:40.083,1.20664,1.20679,3.75,1.50
2012.02.22 15:14:40.574,1.20664,1.20678,1.50,3.75
2012.02.22 15:14:40.923,1.20666,1.20678,1.50,2.25
2012.02.22 15:14:41.068,1.20664,1.20678,1.50,2.25
2012.02.22 15:14:42.600,1.20666,1.20678,1.50,4.88
2012.02.22 15:14:42.693,1.20663,1.20677,1.89,1.88
2012.02.22 15:14:43.399,1.20663,1.20676,1.89,2.25
2012.02.22 15:14:44.479,1.20662,1.20675,0.59,1.50
2012.02.22 15:14:45.474,1.20662,1.20676,2.59,2.25
2012.02.22 15:14:47.164,1.20662,1.20675,0.59,1.50
2012.02.22 15:14:48.524,1.20663,1.20676,1.89,2.25
2012.02.22 15:14:49.551,1.20662,1.20675,2.59,2.25
2012.02.22 15:14:50.630,1.20662,1.20677,2.59,3.38
2012.02.22 15:14:50.719,1.20662,1.20675,0.59,1.50
2012.02.22 15:14:51.408,1.20663,1.20677,1.89,4.88
2012.02.22 15:14:51.943,1.20662,1.20675,1.59,1.50
2012.02.22 15:14:52.667,1.20663,1.20677,1.89,4.88
2012.02.22 15:14:54.434,1.20662,1.20675,1.59,2.25
2012.02.22 15:14:54.932,1.20664,1.20679,3.65,4.50
2012.02.22 15:14:55.284,1.20667,1.20679,1.50,4.50
2012.02.22 15:14:55.925,1.20668,1.20679,1.50,4.50
2012.02.22 15:14:56.868,1.20668,1.20683,1.50,5.60
2012.02.22 15:14:57.089,1.20665,1.20681,2.25,1.50
2012.02.22 15:14:57.446,1.20671,1.20683,1.50,2.63
2012.02.22 15:14:58.505,1.20668,1.20682,3.00,1.50
2012.02.22 15:14:58.595,1.2067,1.20683,1.50,2.63
2012.02.22 15:14:58.819,1.20667,1.20681,2.25,1.50
2012.02.22 15:14:58.966,1.20667,1.20679,1.50,2.25
2012.02.22 15:14:59.531,1.20666,1.20679,1.50,2.25
2012.02.22 15:15:00.575,1.20668,1.20679,1.50,2.25
2012.02.22 15:15:01.885,1.20666,1.20679,1.50,2.25
2012.02.22 15:15:02.551,1.20669,1.20679,1.50,2.25
2012.02.22 15:15:03.107,1.20668,1.20679,1.50,2.25
2012.02.22 15:15:03.181,1.20666,1.20679,1.50,2.25
2012.02.22 15:15:03.249,1.20669,1.20679,1.50,2.25
2012.02.22 15:15:03.392,1.20667,1.20679,1.50,2.25
2012.02.22 15:15:08.125,1.20665,1.20679,1.50,3.75
2012.02.22 15:15:08.213,1.20668,1.20679,1.50,3.00
2012.02.22 15:15:08.504,1.20664,1.20677,1.14,2.25
2012.02.22 15:15:09.494,1.20664,1.20676,1.89,2.25
2012.02.22 15:15:09.858,1.20664,1.20678,1.89,4.13
2012.02.22 15:15:10.707,1.20666,1.20678,1.50,2.25
2012.02.22 15:15:10.786,1.20664,1.20678,1.50,2.25
2012.02.22 15:15:11.788,1.20664,1.20678,1.50,3.00
2012.02.22 15:15:12.432,1.20664,1.20677,1.50,4.50
2012.02.22 15:15:12.785,1.20667,1.20677,1.50,6.75
2012.02.22 15:15:12.877,1.20662,1.20677,2.59,6.75
2012.02.22 15:15:13.763,1.20665,1.20677,1.50,6.75
2012.02.22 15:15:14.327,1.20663,1.20677,1.89,6.75
2012.02.22 15:15:14.544,1.20666,1.20677,1.50,6.75
2012.02.22 15:15:14.626,1.20663,1.20677,1.89,8.25
2012.02.22 15:15:14.843,1.20665,1.20677,1.50,6.75
2012.02.22 15:15:15.671,1.20665,1.20675,1.50,2.25
2012.02.22 15:15:15.764,1.20662,1.20675,2.59,2.25
2012.02.22 15:15:16.446,1.20662,1.20676,2.59,2.25
2012.02.22 15:15:16.745,1.20665,1.20676,1.50,2.25
2012.02.22 15:15:17.407,1.20662,1.20676,2.59,2.25
2012.02.22 15:15:17.720,1.20662,1.20675,2.59,1.50
2012.02.22 15:15:18.080,1.20665,1.20677,1.50,3.00
2012.02.22 15:15:18.159,1.20662,1.20677,2.59,3.00
2012.02.22 15:15:18.307,1.20666,1.20677,1.50,3.00
2012.02.22 15:15:21.669,1.20666,1.20675,1.50,2.25
2012.02.22 15:15:21.761,1.20664,1.20675,1.50,2.25
2012.02.22 15:15:22.207,1.20666,1.20675,1.50,2.25
2012.02.22 15:15:22.380,1.20664,1.20675,1.50,2.25
2012.02.22 15:15:23.355,1.20663,1.20675,1.89,2.25
2012.02.22 15:15:23.449,1.20665,1.20675,1.50,2.25
2012.02.22 15:15:24.018,1.20666,1.20675,1.50,2.25
2012.02.22 15:15:25.558,1.20663,1.20676,3.39,3.00
2012.02.22 15:15:26.067,1.20665,1.20676,1.50,3.00
2012.02.22 15:15:27.456,1.20662,1.20676,2.59,3.00
2012.02.22 15:15:27.680,1.20665,1.20676,1.50,3.00
2012.02.22 15:15:28.438,1.20666,1.20676,1.50,3.00
2012.02.22 15:15:29.367,1.20666,1.20676,1.50,3.00
2012.02.22 15:15:29.525,1.20664,1.20676,1.50,3.00
2012.02.22 15:15:35.723,1.20662,1.20676,0.59,3.00
2012.02.22 15:15:37.361,1.20664,1.20676,1.50,3.00
2012.02.22 15:15:37.893,1.20662,1.20676,4.59,3.00
2012.02.22 15:15:37.961,1.20665,1.20676,1.50,3.00
2012.02.22 15:15:45.774,1.20662,1.20676,2.59,4.50
2012.02.22 15:15:48.165,1.20664,1.20676,1.50,3.00
2012.02.22 15:15:48.711,1.20662,1.20676,0.59,4.50
2012.02.22 15:15:49.731,1.20664,1.20676,1.50,3.00
2012.02.22 15:15:50.246,1.20662,1.20676,0.59,3.00
2012.02.22 15:15:53.353,1.20665,1.20676,1.50,3.00
2012.02.22 15:15:53.786,1.20663,1.20676,1.89,3.00
2012.02.22 15:15:54.502,1.20663,1.20675,1.89,1.50
2012.02.22 15:15:54.646,1.20663,1.20673,1.89,1.50
2012.02.22 15:15:55.156,1.20663,1.20673,1.74,1.50
2012.02.22 15:15:58.737,1.20662,1.20673,0.20,1.50
2012.02.22 15:16:06.085,1.20663,1.20673,1.50,1.50
2012.02.22 15:16:06.655,1.20662,1.20673,2.20,1.50
2012.02.22 15:16:10.182,1.20662,1.20675,0.20,5.25
2012.02.22 15:16:10.254,1.20662,1.20675,0.20,3.00
2012.02.22 15:16:14.828,1.20662,1.20674,0.20,1.50
2012.02.22 15:16:15.686,1.20662,1.20675,0.20,3.00
2012.02.22 15:16:16.036,1.20664,1.20675,1.50,3.00
2012.02.22 15:16:19.664,1.20662,1.20675,2.20,3.00
2012.02.22 15:16:20.693,1.20663,1.20675,1.50,3.00
2012.02.22 15:16:21.518,1.20664,1.20675,1.50,3.00
2012.02.22 15:16:21.903,1.20662,1.20675,0.20,3.00
2012.02.22 15:16:25.987,1.20664,1.20675,1.50,3.00
2012.02.22 15:16:26.205,1.20662,1.20675,2.20,3.00
2012.02.22 15:16:27.307,1.20663,1.20675,1.50,3.00
2012.02.22 15:16:28.895,1.20662,1.20675,2.20,2.25
2012.02.22 15:16:34.304,1.20662,1.20677,0.20,2.82
2012.02.22 15:16:35.132,1.20662,1.20675,0.20,2.25
2012.02.22 15:16:42.641,1.20665,1.20675,1.50,2.25
2012.02.22 15:16:42.914,1.20663,1.20675,3.00,2.25
2012.02.22 15:16:43.555,1.20662,1.20674,0.20,1.50
2012.02.22 15:16:44.729,1.20665,1.20675,1.50,2.25
2012.02.22 15:16:44.875,1.20663,1.20675,1.50,2.25
2012.02.22 15:16:45.217,1.20665,1.20675,1.50,2.25
2012.02.22 15:16:48.083,1.20665,1.20675,3.75,4.20
2012.02.22 15:17:19.157,1.20663,1.20675,2.25,3.00
2012.02.22 15:17:24.793,1.20666,1.20676,1.10,2.25
2012.02.22 15:17:27.907,1.20666,1.20678,1.10,1.50
2012.02.22 15:17:28.052,1.20668,1.20679,1.50,4.35
2012.02.22 15:17:28.611,1.20668,1.20679,2.25,2.40
2012.02.22 15:17:33.222,1.20666,1.20679,2.85,6.75
2012.02.22 15:17:36.305,1.20666,1.20679,2.85,3.15
2012.02.22 15:17:36.385,1.20666,1.20679,2.10,3.00
2012.02.22 15:17:36.488,1.20666,1.20679,2.85,3.00
2012.02.22 15:17:36.570,1.20666,1.20679,2.10,3.15
2012.02.22 15:17:37.881,1.20666,1.20676,2.10,2.25
2012.02.22 15:17:41.722,1.20666,1.20679,0.10,3.90
2012.02.22 15:17:45.764,1.20667,1.20679,1.50,2.40
2012.02.22 15:17:46.113,1.20669,1.20682,2.25,3.38
2012.02.22 15:17:46.464,1.20671,1.20682,1.50,3.00
2012.02.22 15:17:46.745,1.20667,1.20682,2.25,2.85
2012.02.22 15:17:47.553,1.20666,1.20681,2.85,3.45
2012.02.22 15:17:47.990,1.20666,1.20681,2.85,3.90
2012.02.22 15:17:48.553,1.20666,1.20679,2.85,2.25
2012.02.22 15:17:49.592,1.20666,1.20679,0.10,2.25
2012.02.22 15:17:53.750,1.20668,1.20679,1.50,2.25
2012.02.22 15:17:53.929,1.20666,1.20679,2.10,2.25
2012.02.22 15:18:00.106,1.20666,1.20679,0.85,2.25
2012.02.22 15:18:01.154,1.20667,1.20678,1.50,2.25
2012.02.22 15:18:03.334,1.20669,1.20678,1.50,2.25
2012.02.22 15:18:03.549,1.20667,1.20678,1.50,2.25
2012.02.22 15:18:04.896,1.20667,1.20679,1.50,2.25
2012.02.22 15:18:05.474,1.20666,1.20679,0.10,3.75
2012.02.22 15:18:06.332,1.20666,1.20678,0.10,1.95
2012.02.22 15:18:07.448,1.20666,1.20677,0.10,1.95
2012.02.22 15:18:12.131,1.20666,1.20679,0.10,6.08
2012.02.22 15:18:14.505,1.20666,1.20677,0.10,1.95
2012.02.22 15:18:14.594,1.20666,1.20679,0.10,4.13
2012.02.22 15:18:14.667,1.20666,1.20677,0.10,1.50
2012.02.22 15:18:14.750,1.20666,1.20679,0.10,2.63
2012.02.22 15:18:19.560,1.20667,1.20679,1.50,2.63
2012.02.22 15:18:20.128,1.20666,1.20679,0.10,4.13
2012.02.22 15:18:26.727,1.20666,1.20678,0.10,2.25
2012.02.22 15:18:29.100,1.20666,1.20677,0.10,1.50
2012.02.22 15:18:29.771,1.20666,1.20678,1.10,2.25
2012.02.22 15:18:30.308,1.20667,1.20681,1.50,1.69
2012.02.22 15:18:30.556,1.20666,1.20682,2.85,1.50
2012.02.22 15:18:31.338,1.20667,1.20681,2.25,1.50
2012.02.22 15:18:31.555,1.20667,1.20681,2.25,1.50
2012.02.22 15:18:32.262,1.20667,1.20681,2.25,1.50
2012.02.22 15:18:32.827,1.20667,1.20681,3.75,1.50
2012.02.22 15:18:33.631,1.20669,1.20682,2.25,2.25
2012.02.22 15:18:33.713,1.20669,1.20684,3.00,1.50
2012.02.22 15:18:34.483,1.20668,1.20684,2.25,6.00
2012.02.22 15:18:34.558,1.20668,1.20681,1.50,1.13
2012.02.22 15:18:35.125,1.20667,1.2068,1.50,2.25
2012.02.22 15:18:35.995,1.20666,1.20679,1.10,1.50
2012.02.22 15:18:39.650,1.20666,1.20677,0.10,1.50
2012.02.22 15:18:42.111,1.20666,1.20679,0.10,2.25
2012.02.22 15:18:47.305,1.20666,1.20677,2.10,1.50
2012.02.22 15:18:48.730,1.20666,1.20675,0.85,1.50
2012.02.22 15:18:49.946,1.20666,1.20675,0.10,1.50
2012.02.22 15:18:50.601,1.20666,1.2068,0.10,2.10
2012.02.22 15:18:50.691,1.20666,1.2068,2.85,2.10
2012.02.22 15:18:51.833,1.20666,1.20679,0.35,2.25
2012.02.22 15:18:52.949,1.20669,1.2068,1.50,2.10
2012.02.22 15:18:54.102,1.20666,1.2068,2.35,3.60
2012.02.22 15:18:54.317,1.20669,1.2068,1.50,2.10
2012.02.22 15:18:55.114,1.20667,1.2068,3.00,1.50
2012.02.22 15:18:55.613,1.20668,1.2068,1.50,1.50
2012.02.22 15:18:55.823,1.20668,1.20681,1.50,1.50
2012.02.22 15:18:56.791,1.20667,1.20679,1.50,2.25
2012.02.22 15:18:57.288,1.20666,1.20679,0.10,2.25
2012.02.22 15:18:57.813,1.20666,1.20678,0.10,3.00
2012.02.22 15:19:01.311,1.20666,1.20679,0.10,1.50
2012.02.22 15:19:03.231,1.20667,1.20679,1.50,3.75
2012.02.22 15:19:04.347,1.20666,1.20679,0.10,3.00
2012.02.22 15:19:04.865,1.20667,1.20679,1.50,3.00
2012.02.22 15:19:06.436,1.20666,1.20679,0.10,3.75
2012.02.22 15:19:12.192,1.20667,1.20679,1.50,2.25
2012.02.22 15:19:12.753,1.20666,1.20678,0.10,2.25
2012.02.22 15:19:13.698,1.20666,1.20679,1.10,2.25
2012.02.22 15:19:14.648,1.20666,1.20681,0.10,4.69
2012.02.22 15:19:15.563,1.20668,1.2068,1.50,2.44
2012.02.22 15:19:15.642,1.20666,1.2068,2.10,3.94
2012.02.22 15:19:18.503,1.20667,1.2068,1.50,2.44
2012.02.22 15:19:19.251,1.20666,1.20681,0.10,1.50
2012.02.22 15:19:19.336,1.20668,1.20682,1.50,4.35
2012.02.22 15:19:20.036,1.20668,1.20683,1.50,3.38
2012.02.22 15:19:20.375,1.20666,1.20678,0.10,1.50
2012.02.22 15:19:25.172,1.20666,1.20682,2.10,1.50
2012.02.22 15:19:27.285,1.20666,1.20681,2.10,1.50
2012.02.22 15:19:27.367,1.20666,1.20679,0.10,1.50
2012.02.22 15:19:27.722,1.20666,1.20682,2.10,1.50
2012.02.22 15:19:29.504,1.20666,1.20678,1.10,1.50
2012.02.22 15:19:29.921,1.20667,1.20681,1.50,3.00
2012.02.22 15:19:30.440,1.20666,1.2068,1.10,1.50
2012.02.22 15:19:31.225,1.20666,1.20679,0.10,1.50
2012.02.22 15:19:31.734,1.20666,1.2068,0.10,1.50
2012.02.22 15:19:31.876,1.20667,1.20682,1.50,1.50
2012.02.22 15:19:32.030,1.20666,1.20678,0.10,1.50
2012.02.22 15:19:32.110,1.20666,1.20681,2.10,1.50
2012.02.22 15:19:32.833,1.20666,1.20678,0.10,1.50
2012.02.22 15:19:35.209,1.20666,1.20681,0.10,2.25
2012.02.22 15:19:35.763,1.20667,1.20682,1.50,2.70
2012.02.22 15:19:36.604,1.20666,1.2068,0.10,1.50
2012.02.22 15:19:37.821,1.20669,1.20683,1.50,8.70
2012.02.22 15:19:41.625,1.20669,1.20682,1.50,1.50
2012.02.22 15:19:41.764,1.20667,1.20683,2.25,1.50
2012.02.22 15:19:42.276,1.20667,1.20682,1.50,2.25
2012.02.22 15:19:42.358,1.20666,1.2068,2.10,1.50
2012.02.22 15:19:43.330,1.20666,1.2068,2.85,1.50
2012.02.22 15:19:45.542,1.20666,1.2068,2.10,1.50
2012.02.22 15:19:49.639,1.20666,1.20678,0.10,1.50
2012.02.22 15:19:50.487,1.20666,1.2068,2.10,1.50
2012.02.22 15:19:53.447,1.20666,1.20681,0.10,1.50
2012.02.22 15:19:55.577,1.20666,1.2068,0.10,1.95
2012.02.22 15:19:56.141,1.20666,1.20681,0.10,1.50
2012.02.22 15:19:58.531,1.20666,1.20678,0.10,1.50
2012.02.22 15:20:01.181,1.20666,1.20678,0.10,3.19
2012.02.22 15:20:01.706,1.20666,1.20677,0.10,4.39
2012.02.22 15:20:02.579,1.20666,1.20675,0.10,1.50
2012.02.22 15:20:03.099,1.20666,1.20676,0.10,3.00
2012.02.22 15:20:08.533,1.20666,1.20681,0.85,2.55
2012.02.22 15:20:10.290,1.20666,1.2068,0.85,1.88
2012.02.22 15:20:14.711,1.20666,1.20677,0.10,1.50
2012.02.22 15:20:15.843,1.20666,1.20679,0.10,2.85
2012.02.22 15:20:16.627,1.20666,1.20677,0.10,1.50
2012.02.22 15:20:21.264,1.20666,1.2068,0.10,1.50
2012.02.22 15:20:23.051,1.20666,1.20683,0.85,3.75
2012.02.22 15:20:23.134,1.20666,1.20682,0.85,4.69
2012.02.22 15:20:23.730,1.20666,1.20682,0.85,4.69
2012.02.22 15:20:24.629,1.20666,1.20682,0.85,4.69
2012.02.22 15:20:25.517,1.20666,1.2068,0.85,1.50
2012.02.22 15:20:25.961,1.20666,1.20682,0.85,1.69
2012.02.22 15:20:26.676,1.20667,1.20681,2.25,2.25
2012.02.22 15:20:27.040,1.20667,1.20685,2.25,1.95
2012.02.22 15:20:27.174,1.20668,1.20684,1.50,8.29
2012.02.22 15:20:28.977,1.20668,1.20684,2.25,2.10
2012.02.22 15:20:29.200,1.20667,1.20681,1.50,1.50
2012.02.22 15:20:29.351,1.20666,1.20678,1.85,1.50
2012.02.22 15:20:29.580,1.20666,1.20676,0.85,2.25
2012.02.22 15:20:29.726,1.20666,1.20676,0.10,2.25
2012.02.22 15:20:30.513,1.20666,1.20675,0.10,2.25
2012.02.22 15:20:38.713,1.20666,1.20677,0.10,3.60
2012.02.22 15:20:39.276,1.20666,1.20676,0.10,2.25
2012.02.22 15:20:40.151,1.20666,1.20675,0.10,2.25
2012.02.22 15:20:43.035,1.20666,1.20681,3.10,2.07
2012.02.22 15:20:43.115,1.20668,1.20683,1.50,2.25
2012.02.22 15:20:44.021,1.20669,1.20683,1.50,2.25
2012.02.22 15:20:44.111,1.2067,1.20683,1.50,3.75
2012.02.22 15:20:46.549,1.2067,1.20683,1.50,1.50
2012.02.22 15:20:47.061,1.20672,1.20683,2.25,1.50
2012.02.22 15:20:47.320,1.20672,1.20683,1.50,1.50
2012.02.22 15:20:47.461,1.2067,1.20683,1.50,3.00
2012.02.22 15:20:47.536,1.20668,1.2068,1.01,1.50
2012.02.22 15:20:48.047,1.20667,1.20681,2.25,4.69
2012.02.22 15:20:48.130,1.20667,1.2068,2.25,1.71
2012.02.22 15:20:48.761,1.20666,1.20677,1.10,2.44
2012.02.22 15:20:49.894,1.20666,1.20676,0.10,1.50
2012.02.22 15:20:50.606,1.20666,1.20677,0.10,2.44
2012.02.22 15:20:53.410,1.20666,1.20676,0.10,1.50
2012.02.22 15:20:53.918,1.20666,1.20677,0.10,2.44
2012.02.22 15:21:01.279,1.20667,1.20677,1.50,2.25
2012.02.22 15:21:01.357,1.20667,1.2068,2.25,4.50
2012.02.22 15:21:01.578,1.20666,1.20676,1.10,2.25
2012.02.22 15:21:02.073,1.20666,1.20676,0.85,2.25
2012.02.22 15:21:02.639,1.20666,1.20676,1.85,2.25
2012.02.22 15:21:02.730,1.20668,1.2068,1.50,4.73
2012.02.22 15:21:03.169,1.20669,1.20681,3.75,3.75
2012.02.22 15:21:03.521,1.20673,1.20683,1.50,1.50
2012.02.22 15:21:03.592,1.20673,1.20685,1.50,1.50
2012.02.22 15:21:03.668,1.20673,1.20683,1.50,1.50
2012.02.22 15:21:04.530,1.20673,1.20685,1.50,3.00
2012.02.22 15:21:05.568,1.20673,1.20684,1.50,1.50
2012.02.22 15:21:06.660,1.20673,1.20683,1.50,1.95
2012.02.22 15:21:08.460,1.20673,1.20684,1.50,3.45
2012.02.22 15:21:09.153,1.20673,1.20684,2.25,1.50
2012.02.22 15:21:09.239,1.20673,1.20686,2.25,1.50
2012.02.22 15:21:10.326,1.20674,1.20686,1.50,2.25
2012.02.22 15:21:10.549,1.20671,1.20682,1.76,1.50
2012.02.22 15:21:10.623,1.2067,1.20682,1.50,1.50
2012.02.22 15:21:11.510,1.20671,1.20683,1.50,1.50
2012.02.22 15:21:11.603,1.20669,1.20682,1.50,1.50
2012.02.22 15:21:12.123,1.2067,1.20683,1.50,4.50
2012.02.22 15:21:16.427,1.20666,1.20682,2.85,1.50
2012.02.22 15:21:17.216,1.2067,1.20682,1.50,2.25
2012.02.22 15:21:17.712,1.20667,1.20681,2.25,1.50
2012.02.22 15:21:17.787,1.20671,1.20682,1.50,2.25
2012.02.22 15:21:17.935,1.20669,1.20682,2.25,3.75
2012.02.22 15:21:19.506,1.20669,1.20683,1.50,5.63
2012.02.22 15:21:20.029,1.2067,1.20682,1.50,2.25
2012.02.22 15:21:22.297,1.20668,1.20682,3.75,3.75
2012.02.22 15:21:22.514,1.2067,1.20682,1.50,2.25
2012.02.22 15:21:25.022,1.20667,1.20683,2.25,3.00
2012.02.22 15:21:25.106,1.20671,1.20683,1.50,1.50
2012.02.22 15:21:25.662,1.20671,1.20682,1.50,2.25
2012.02.22 15:21:26.231,1.20669,1.20682,1.50,3.75
2012.02.22 15:21:26.509,1.20672,1.20683,1.50,3.75
2012.02.22 15:21:29.120,1.2067,1.20683,1.50,5.25
2012.02.22 15:21:29.197,1.2067,1.20681,1.50,1.50
2012.02.22 15:21:29.273,1.20671,1.20683,1.50,4.50
2012.02.22 15:21:29.929,1.20668,1.20683,2.25,6.00
2012.02.22 15:21:30.711,1.2067,1.20683,1.50,4.50
2012.02.22 15:21:31.120,1.20667,1.20683,2.25,5.25
2012.02.22 15:21:31.404,1.2067,1.20683,1.50,5.25
2012.02.22 15:21:31.697,1.20668,1.20682,2.25,1.50
2012.02.22 15:21:31.847,1.20671,1.20683,1.50,4.50
2012.02.22 15:21:32.639,1.20668,1.20682,2.25,1.50
2012.02.22 15:21:32.856,1.20671,1.20683,1.50,3.00
2012.02.22 15:21:33.411,1.20668,1.20682,2.25,1.50
2012.02.22 15:21:33.486,1.20671,1.20683,1.50,3.00
2012.02.22 15:21:35.334,1.20671,1.20683,1.50,3.75
2012.02.22 15:21:37.170,1.20673,1.20683,1.95,3.75
2012.02.22 15:21:37.315,1.20671,1.20683,1.50,3.00
2012.02.22 15:21:38.079,1.20671,1.20683,1.50,3.75
2012.02.22 15:21:38.179,1.20669,1.20683,1.50,1.50
2012.02.22 15:21:38.531,1.20671,1.20683,1.50,1.50
2012.02.22 15:21:39.519,1.20669,1.20683,1.50,2.25
2012.02.22 15:21:40.024,1.20667,1.20681,1.50,2.25
2012.02.22 15:21:40.181,1.20669,1.20683,1.50,1.50
2012.02.22 15:21:40.393,1.20667,1.20681,1.50,2.25
2012.02.22 15:21:41.351,1.20669,1.20683,1.50,1.50
2012.02.22 15:21:43.585,1.20668,1.20683,1.50,2.44
2012.02.22 15:21:43.884,1.20671,1.20684,1.50,2.82
2012.02.22 15:21:43.965,1.20667,1.20683,1.50,2.44
2012.02.22 15:21:46.086,1.20669,1.20683,1.50,1.32
2012.02.22 15:21:46.232,1.20667,1.20681,3.00,2.25
2012.02.22 15:21:49.750,1.20668,1.20683,1.50,3.00
2012.02.22 15:21:49.975,1.20669,1.20682,3.00,1.50
2012.02.22 15:21:50.331,1.20671,1.20682,1.50,1.50
2012.02.22 15:21:52.103,1.20671,1.20684,1.50,2.25
2012.02.22 15:21:52.244,1.20671,1.20681,1.50,1.50
2012.02.22 15:21:52.775,1.20671,1.20683,1.50,1.50
2012.02.22 15:21:53.571,1.20672,1.20684,1.50,1.69
2012.02.22 15:21:53.960,1.20667,1.20683,4.50,2.25
2012.02.22 15:21:54.043,1.20667,1.20683,4.50,2.25
2012.02.22 15:21:56.384,1.20667,1.2068,1.50,1.50
2012.02.22 15:21:58.282,1.20666,1.2068,3.85,2.25
2012.02.22 15:21:58.426,1.20666,1.20679,2.10,3.00
2012.02.22 15:21:59.008,1.20667,1.20679,1.50,3.00
2012.02.22 15:21:59.093,1.20675,1.20683,5.25,2.44
2012.02.22 15:21:59.832,1.20676,1.20681,1.50,2.44
2012.02.22 15:21:59.965,1.20676,1.20685,1.50,1.95
2012.02.22 15:22:00.675,1.20676,1.20686,1.50,1.95
2012.02.22 15:22:00.754,1.20674,1.20686,1.76,1.95
2012.02.22 15:22:01.760,1.20673,1.20683,1.76,4.20
2012.02.22 15:22:01.839,1.20673,1.20683,1.76,1.95
2012.02.22 15:22:02.404,1.2067,1.20683,4.35,1.95
2012.02.22 15:22:02.473,1.2067,1.20683,3.60,1.95
2012.02.22 15:22:02.684,1.20672,1.20683,1.50,1.95
2012.02.22 15:22:03.895,1.2067,1.20685,1.35,3.21
2012.02.22 15:22:04.395,1.20669,1.20683,4.76,1.50
2012.02.22 15:22:05.036,1.20672,1.20686,2.25,2.44
2012.02.22 15:22:05.767,1.20669,1.20683,6.00,1.50
2012.02.22 15:22:06.349,1.2067,1.20683,3.00,2.70
2012.02.22 15:22:06.431,1.2067,1.20683,2.25,2.70
2012.02.22 15:22:06.574,1.20668,1.20683,5.25,1.95
2012.02.22 15:22:06.715,1.2067,1.20683,1.50,1.95
2012.02.22 15:22:07.389,1.20673,1.20683,1.50,2.33
2012.02.22 15:22:07.620,1.20671,1.20684,1.50,3.66
2012.02.22 15:22:07.702,1.2067,1.20684,1.50,1.95
2012.02.22 15:22:07.991,1.2067,1.20684,1.50,3.66
2012.02.22 15:22:08.425,1.2067,1.20684,1.50,1.95
2012.02.22 15:22:09.145,1.20671,1.20687,1.50,4.20
2012.02.22 15:22:09.581,1.20671,1.20684,2.25,1.50
2012.02.22 15:22:10.154,1.20673,1.20686,1.50,3.00
2012.02.22 15:22:10.702,1.2067,1.20686,1.50,4.50
2012.02.22 15:22:12.126,1.20668,1.20684,1.50,1.50
2012.02.22 15:22:12.343,1.20668,1.20682,1.50,2.25
2012.02.22 15:22:13.005,1.20671,1.20685,1.50,4.88
2012.02.22 15:22:13.234,1.20668,1.20682,1.50,2.25
2012.02.22 15:22:13.737,1.20667,1.20683,1.50,2.25
2012.02.22 15:22:13.955,1.2067,1.20683,1.50,2.70
2012.02.22 15:22:14.098,1.20667,1.20681,1.50,2.25
2012.02.22 15:22:14.904,1.20668,1.20684,1.50,3.75
2012.02.22 15:22:15.130,1.20671,1.20685,1.50,4.88
2012.02.22 15:22:15.628,1.20668,1.20684,1.50,2.25
2012.02.22 15:22:15.708,1.20668,1.20684,1.58,2.25
2012.02.22 15:22:16.471,1.20668,1.20683,1.50,1.50
2012.02.22 15:22:16.557,1.20667,1.20681,1.65,1.50
2012.02.22 15:22:16.913,1.20669,1.20681,1.13,1.50
2012.02.22 15:22:17.522,1.2067,1.20681,2.25,1.50
2012.02.22 15:22:18.525,1.20667,1.2068,6.15,1.50
2012.02.22 15:22:19.032,1.20671,1.2068,1.50,1.50
2012.02.22 15:22:19.324,1.20669,1.2068,1.50,1.50
2012.02.22 15:22:19.535,1.20672,1.2068,1.50,1.50
2012.02.22 15:22:19.624,1.20669,1.20682,3.00,1.50
2012.02.22 15:22:20.298,1.2067,1.20682,1.50,1.50
2012.02.22 15:22:21.394,1.20668,1.2068,1.50,1.50
2012.02.22 15:22:22.274,1.20668,1.2068,1.50,1.50
2012.02.22 15:22:22.371,1.20671,1.20681,1.50,1.50
2012.02.22 15:22:25.636,1.2067,1.20681,1.50,1.50
2012.02.22 15:22:28.626,1.20669,1.20681,1.50,1.50
2012.02.22 15:22:29.057,1.20671,1.20681,1.50,1.50
2012.02.22 15:22:31.025,1.20667,1.20681,1.76,3.00
2012.02.22 15:22:31.527,1.20669,1.20681,1.50,1.50
2012.02.22 15:22:32.144,1.20666,1.20681,2.36,1.50
2012.02.22 15:22:32.295,1.20671,1.20681,1.50,1.50
2012.02.22 15:22:35.578,1.20669,1.2068,1.50,2.70
2012.02.22 15:22:35.804,1.20666,1.2068,0.10,2.70
2012.02.22 15:22:36.703,1.20667,1.20681,1.50,3.00
2012.02.22 15:22:36.863,1.20669,1.20681,1.50,1.50
2012.02.22 15:22:37.075,1.20667,1.20681,1.50,1.50
2012.02.22 15:22:37.215,1.2067,1.20681,1.50,1.50
2012.02.22 15:22:37.301,1.20668,1.20681,1.50,1.50
2012.02.22 15:22:37.449,1.2067,1.20681,1.50,1.50
2012.02.22 15:22:38.393,1.2067,1.20681,1.50,1.50
2012.02.22 15:22:38.608,1.20667,1.20681,1.50,3.00
2012.02.22 15:22:38.758,1.20669,1.20681,1.50,1.50
2012.02.22 15:22:39.685,1.20669,1.20682,1.50,1.50
2012.02.22 15:22:41.253,1.20667,1.20682,3.00,1.50
2012.02.22 15:22:41.402,1.20671,1.20682,1.50,1.50
2012.02.22 15:22:41.482,1.20669,1.20682,1.50,2.25
2012.02.22 15:22:42.283,1.2067,1.20683,1.50,2.25
2012.02.22 15:22:49.423,1.20667,1.20681,2.25,2.25
2012.02.22 15:22:49.510,1.20669,1.20682,1.50,1.50
2012.02.22 15:22:49.657,1.20667,1.20681,2.25,2.25
2012.02.22 15:22:49.735,1.20669,1.20682,1.50,1.50
2012.02.22 15:22:50.638,1.20669,1.20682,2.25,1.50
2012.02.22 15:22:51.415,1.2067,1.20682,1.50,1.50
2012.02.22 15:22:52.751,1.20668,1.20682,1.50,2.25
2012.02.22 15:22:53.254,1.20669,1.20683,1.50,2.25
2012.02.22 15:22:54.674,1.20668,1.20683,3.45,4.50
2012.02.22 15:22:54.743,1.2067,1.20683,1.50,3.00
2012.02.22 15:22:55.286,1.20668,1.20683,3.45,4.50
2012.02.22 15:22:55.364,1.20668,1.2068,1.95,5.25
2012.02.22 15:22:55.716,1.20666,1.20677,2.10,1.50
2012.02.22 15:22:55.936,1.20668,1.20677,1.50,1.50
2012.02.22 15:22:56.014,1.20666,1.20677,0.10,1.50
2012.02.22 15:22:56.802,1.20668,1.20679,1.50,1.88
2012.02.22 15:22:56.887,1.20666,1.20679,2.10,1.88
2012.02.22 15:22:58.712,1.20666,1.20679,2.85,1.69
2012.02.22 15:22:58.850,1.20666,1.2068,2.85,1.50
2012.02.22 15:22:58.995,1.20668,1.20682,1.50,2.25
2012.02.22 15:22:59.848,1.20669,1.20683,2.25,1.88
2012.02.22 15:22:59.990,1.20668,1.20682,2.25,2.25
2012.02.22 15:23:00.431,1.20667,1.20683,2.25,3.00
2012.02.22 15:23:01.136,1.20667,1.20683,3.00,3.00
2012.02.22 15:23:01.718,1.20669,1.20683,1.50,1.50
2012.02.22 15:23:02.330,1.20672,1.20684,1.50,1.50
2012.02.22 15:23:02.564,1.20669,1.20684,1.50,1.50
2012.02.22 15:23:05.739,1.2067,1.20684,1.50,1.50
2012.02.22 15:23:06.046,1.20672,1.20684,1.50,1.50
2012.02.22 15:23:06.685,1.2067,1.20684,1.50,3.00
2012.02.22 15:23:07.399,1.20671,1.20684,1.50,1.50
2012.02.22 15:23:07.487,1.20669,1.20684,1.50,1.50
2012.02.22 15:23:10.099,1.20672,1.20684,1.50,1.50
2012.02.22 15:23:15.450,1.20673,1.20684,1.50,1.50
2012.02.22 15:23:18.373,1.20674,1.20684,1.95,1.50
2012.02.22 15:23:19.192,1.20673,1.20684,1.50,1.50
2012.02.22 15:23:19.959,1.20673,1.20685,1.50,1.50
2012.02.22 15:23:20.485,1.20672,1.20685,1.50,1.50
2012.02.22 15:23:22.235,1.20674,1.20685,1.50,1.50
2012.02.22 15:23:22.522,1.20671,1.20685,2.25,1.50
2012.02.22 15:23:22.874,1.20671,1.20684,1.50,1.50
2012.02.22 15:23:23.403,1.20671,1.20682,1.50,1.50
2012.02.22 15:23:25.241,1.2067,1.20682,1.50,1.50
2012.02.22 15:23:32.401,1.20672,1.20683,1.50,1.50
2012.02.22 15:23:37.424,1.20669,1.20683,1.50,1.50
2012.02.22 15:23:38.655,1.20667,1.20683,2.25,3.00
2012.02.22 15:23:38.852,1.2067,1.20683,1.50,1.50
2012.02.22 15:23:40.117,1.20668,1.20682,3.00,2.25
2012.02.22 15:23:40.942,1.20671,1.20683,1.50,1.50
2012.02.22 15:23:41.235,1.20668,1.20682,3.00,2.25
2012.02.22 15:23:41.671,1.2067,1.20683,1.50,1.50
2012.02.22 15:23:41.750,1.20667,1.20681,1.50,2.25
2012.02.22 15:23:42.639,1.20671,1.20683,1.50,1.50
2012.02.22 15:23:45.015,1.20671,1.20685,1.50,6.19
2012.02.22 15:23:45.127,1.2067,1.20685,1.50,3.00
2012.02.22 15:23:49.951,1.20672,1.20686,1.50,3.00
2012.02.22 15:23:50.244,1.2067,1.20685,1.50,1.50
2012.02.22 15:23:51.347,1.20671,1.20686,1.50,3.75
2012.02.22 15:23:52.047,1.2067,1.20684,1.50,2.25
2012.02.22 15:23:55.821,1.20672,1.20686,1.50,5.63
2012.02.22 15:24:00.571,1.2067,1.20686,1.50,5.63
2012.02.22 15:24:01.480,1.2067,1.20686,1.50,4.13
2012.02.22 15:24:02.099,1.2067,1.20686,1.50,4.50
2012.02.22 15:24:02.914,1.20671,1.20685,1.50,2.25
2012.02.22 15:24:04.247,1.20669,1.20682,1.50,1.50
2012.02.22 15:24:04.384,1.20669,1.20685,1.50,3.75
2012.02.22 15:24:05.782,1.20668,1.20682,1.58,1.50
2012.02.22 15:24:15.091,1.20668,1.20682,3.83,1.50
2012.02.22 15:24:19.626,1.2067,1.20684,1.50,1.50
2012.02.22 15:24:20.431,1.2067,1.20684,1.50,4.20
2012.02.22 15:24:29.636,1.20668,1.20683,2.58,2.25
2012.02.22 15:24:30.672,1.20669,1.20685,1.50,2.25
2012.02.22 15:24:36.632,1.20668,1.20682,4.08,1.50
2012.02.22 15:24:37.144,1.2067,1.20684,1.50,2.25
2012.02.22 15:24:38.375,1.2067,1.20684,2.25,1.50
2012.02.22 15:24:43.251,1.20672,1.20684,1.01,2.25
2012.02.22 15:24:51.659,1.20671,1.20685,1.01,2.25
2012.02.22 15:24:52.159,1.20671,1.20685,2.51,1.50
2012.02.22 15:24:54.246,1.20671,1.20686,2.51,1.50
2012.02.22 15:24:54.963,1.20671,1.20685,2.51,1.50
2012.02.22 15:24:55.465,1.20671,1.20686,2.25,2.25
2012.02.22 15:24:57.204,1.20671,1.20686,3.00,2.25
2012.02.22 15:24:57.478,1.20671,1.20686,2.51,2.25
2012.02.22 15:24:57.973,1.20672,1.20686,2.25,3.75
2012.02.22 15:25:02.947,1.20671,1.20685,1.01,2.25
2012.02.22 15:25:03.043,1.20672,1.20684,1.50,1.50
2012.02.22 15:25:03.259,1.20671,1.20683,2.25,1.50
2012.02.22 15:25:03.619,1.20671,1.20685,2.51,1.50
2012.02.22 15:25:04.700,1.20671,1.20685,2.25,1.50
2012.02.22 15:25:06.072,1.20671,1.20685,2.25,1.50
2012.02.22 15:25:07.327,1.20671,1.20685,2.25,1.50
2012.02.22 15:25:13.180,1.20671,1.20685,3.00,1.50
2012.02.22 15:25:13.252,1.20671,1.20683,1.50,3.00
2012.02.22 15:25:13.615,1.20669,1.2068,1.58,1.50
2012.02.22 15:25:14.284,1.20669,1.20683,2.33,1.50
2012.02.22 15:25:15.423,1.20669,1.20683,2.33,1.50
2012.02.22 15:25:16.242,1.2067,1.20683,1.50,2.25
2012.02.22 15:25:16.732,1.2067,1.20683,3.00,2.25
2012.02.22 15:25:17.277,1.2067,1.20683,2.25,1.50
2012.02.22 15:25:18.000,1.2067,1.20683,4.20,2.25
2012.02.22 15:25:18.550,1.2067,1.20684,4.20,3.00
2012.02.22 15:25:24.791,1.2067,1.20682,1.50,1.50
2012.02.22 15:25:26.848,1.2067,1.20683,1.69,2.25
2012.02.22 15:25:27.209,1.20672,1.20682,3.00,1.50
2012.02.22 15:25:27.297,1.20672,1.20682,1.50,1.50
2012.02.22 15:25:28.062,1.20671,1.20682,1.50,1.50
2012.02.22 15:25:30.385,1.20671,1.20682,1.50,1.50
2012.02.22 15:25:30.892,1.2067,1.20683,2.25,2.25
2012.02.22 15:25:30.966,1.20672,1.20683,1.50,2.25
2012.02.22 15:25:32.386,1.2067,1.20683,2.25,2.25
2012.02.22 15:25:35.602,1.2067,1.20678,1.50,1.50
2012.02.22 15:25:36.026,1.20666,1.20677,4.70,1.50
2012.02.22 15:25:36.174,1.20668,1.2068,1.50,1.50
2012.02.22 15:25:36.736,1.20668,1.20681,1.50,3.00
2012.02.22 15:25:37.333,1.20667,1.2068,4.95,1.50
2012.02.22 15:25:40.450,1.20669,1.20678,1.50,1.50
2012.02.22 15:25:40.598,1.20667,1.20681,4.20,2.25
2012.02.22 15:25:40.833,1.20668,1.20682,1.50,1.35
2012.02.22 15:25:41.703,1.20668,1.20683,2.25,2.25
2012.02.22 15:25:44.723,1.2067,1.20683,4.50,1.50
2012.02.22 15:25:45.243,1.2067,1.20683,1.50,1.50
2012.02.22 15:25:45.901,1.20669,1.20682,1.95,2.25
2012.02.22 15:25:46.745,1.20668,1.20682,4.20,2.25
2012.02.22 15:25:47.046,1.2067,1.20682,1.50,1.50
2012.02.22 15:25:49.292,1.20667,1.20681,4.20,2.25
2012.02.22 15:25:49.988,1.20667,1.20681,4.46,2.25
2012.02.22 15:25:51.345,1.20669,1.20682,1.50,3.00
2012.02.22 15:25:51.857,1.20669,1.20683,1.50,3.75
2012.02.22 15:25:54.351,1.20668,1.20681,1.50,2.25
2012.02.22 15:25:54.894,1.20667,1.20681,2.25,2.25
2012.02.22 15:25:55.232,1.20666,1.20679,1.19,1.50
2012.02.22 15:25:55.913,1.20666,1.20682,3.19,3.75
2012.02.22 15:25:56.495,1.20666,1.20682,3.40,2.25
2012.02.22 15:25:58.343,1.2067,1.20682,1.50,1.50
2012.02.22 15:25:58.846,1.20669,1.20682,1.71,1.50
2012.02.22 15:26:01.203,1.20668,1.20682,1.10,3.00
2012.02.22 15:26:01.928,1.20668,1.20682,0.85,2.25
2012.02.22 15:26:02.949,1.20668,1.20681,1.44,2.25
2012.02.22 15:26:03.852,1.20669,1.20681,3.45,2.25
2012.02.22 15:26:04.146,1.20669,1.20682,4.20,1.50
2012.02.22 15:26:06.362,1.20668,1.2068,1.10,1.50
2012.02.22 15:26:07.048,1.20669,1.2068,1.95,1.50
2012.02.22 15:26:07.722,1.20669,1.20682,1.95,3.75
2012.02.22 15:26:08.286,1.20668,1.20682,3.70,3.00
2012.02.22 15:26:09.575,1.20669,1.20682,2.70,3.00
2012.02.22 15:26:11.164,1.20668,1.20682,2.70,3.00
2012.02.22 15:26:19.535,1.20669,1.20682,1.50,1.50
2012.02.22 15:26:21.160,1.20668,1.20679,2.10,1.50
2012.02.22 15:26:23.332,1.20668,1.20679,2.10,1.50
2012.02.22 15:26:29.507,1.20669,1.20681,1.50,1.50
2012.02.22 15:26:29.589,1.20671,1.20681,1.50,1.50
2012.02.22 15:26:30.013,1.20671,1.20682,1.50,2.10
2012.02.22 15:26:30.661,1.20671,1.20682,1.50,1.35
2012.02.22 15:26:31.222,1.2067,1.20682,1.50,1.50
2012.02.22 15:26:32.820,1.20669,1.2068,1.50,1.50
2012.02.22 15:26:33.323,1.20668,1.2068,0.10,2.25
2012.02.22 15:26:37.883,1.20668,1.20682,2.10,1.50
2012.02.22 15:26:39.071,1.20668,1.20682,2.10,2.25
2012.02.22 15:26:39.148,1.20668,1.20679,2.10,3.75
2012.02.22 15:26:39.853,1.20668,1.20679,0.10,2.25
2012.02.22 15:26:41.430,1.20668,1.20681,0.10,5.25
2012.02.22 15:26:42.617,1.20668,1.2068,0.10,1.50
2012.02.22 15:26:45.380,1.20668,1.20681,2.10,3.00
2012.02.22 15:26:46.703,1.20668,1.2068,0.10,1.50
2012.02.22 15:26:47.209,1.20668,1.20681,0.10,3.00
2012.02.22 15:26:47.809,1.20668,1.2068,0.10,1.50
2012.02.22 15:26:48.993,1.20668,1.20681,0.10,2.25
2012.02.22 15:26:54.774,1.20668,1.2068,0.10,1.50
2012.02.22 15:27:07.819,1.20668,1.20683,3.44,1.45
2012.02.22 15:27:07.896,1.20668,1.2068,2.10,2.25
2012.02.22 15:27:13.541,1.20668,1.20684,2.10,1.88
2012.02.22 15:27:13.612,1.20668,1.20684,2.85,1.88
2012.02.22 15:27:14.179,1.20668,1.20679,2.85,2.25
2012.02.22 15:27:14.257,1.20668,1.20679,2.10,2.25
2012.02.22 15:27:23.246,1.20668,1.2068,0.10,3.75
2012.02.22 15:27:31.725,1.20668,1.2068,0.10,4.50
2012.02.22 15:27:46.272,1.20668,1.2068,0.10,3.75
2012.02.22 15:27:49.118,1.20668,1.20681,0.10,1.50
2012.02.22 15:27:49.942,1.20668,1.2068,0.10,1.50
2012.02.22 15:27:51.821,1.20668,1.20682,0.10,3.75
2012.02.22 15:27:52.383,1.20669,1.20682,1.50,2.25
2012.02.22 15:27:54.062,1.20668,1.20682,0.10,2.25
2012.02.22 15:27:54.201,1.2067,1.20682,1.50,2.25
2012.02.22 15:27:54.559,1.20668,1.20682,0.10,2.25
2012.02.22 15:27:55.473,1.20668,1.20681,0.10,1.50
2012.02.22 15:27:56.173,1.20668,1.20682,2.10,5.25
2012.02.22 15:27:56.787,1.20668,1.20682,0.10,3.00
2012.02.22 15:28:00.364,1.20668,1.2068,0.10,2.25
2012.02.22 15:28:00.982,1.20668,1.2068,0.10,2.25
2012.02.22 15:28:01.061,1.20668,1.2068,0.10,2.25
2012.02.22 15:28:03.625,1.20668,1.20681,0.10,3.08
2012.02.22 15:28:04.043,1.20668,1.20681,0.10,3.00
2012.02.22 15:28:04.946,1.20669,1.20681,1.95,3.00
2012.02.22 15:28:05.659,1.20668,1.20681,0.10,3.00
2012.02.22 15:28:07.720,1.20668,1.20681,0.10,1.50
2012.02.22 15:28:08.359,1.20668,1.20681,2.95,1.50
2012.02.22 15:28:08.597,1.20668,1.20681,3.70,1.58
2012.02.22 15:28:09.331,1.20668,1.20681,0.10,1.20
2012.02.22 15:28:09.428,1.20668,1.20681,2.10,1.95
2012.02.22 15:28:09.508,1.20668,1.2068,0.10,2.25
2012.02.22 15:28:09.588,1.20668,1.2068,0.10,2.25
2012.02.22 15:28:10.089,1.20668,1.2068,0.10,2.25
2012.02.22 15:28:10.887,1.20668,1.2068,0.10,2.25
2012.02.22 15:28:11.331,1.20668,1.20681,0.10,1.50
2012.02.22 15:28:11.548,1.2067,1.20681,1.50,1.50
2012.02.22 15:28:12.430,1.20668,1.20681,0.10,3.75
2012.02.22 15:28:12.938,1.2067,1.20681,1.50,3.00
2012.02.22 15:28:13.015,1.20668,1.20681,0.10,3.75
2012.02.22 15:28:13.088,1.2067,1.20681,1.50,3.75
2012.02.22 15:28:13.238,1.20668,1.20681,0.10,3.75
2012.02.22 15:28:13.793,1.20669,1.20681,1.50,3.75
2012.02.22 15:28:15.242,1.20668,1.20681,0.10,5.25
2012.02.22 15:28:15.924,1.20668,1.20681,2.10,3.75
2012.02.22 15:28:16.838,1.2067,1.2068,1.50,1.50
2012.02.22 15:28:16.915,1.20668,1.2068,0.10,1.50
2012.02.22 15:28:18.334,1.20669,1.2068,1.50,1.50
2012.02.22 15:28:28.544,1.20668,1.2068,2.10,1.50
2012.02.22 15:28:29.071,1.20669,1.2068,1.50,1.50
2012.02.22 15:28:30.910,1.20668,1.2068,2.10,1.50
2012.02.22 15:28:31.949,1.20671,1.2068,1.50,1.50
2012.02.22 15:28:32.573,1.20671,1.2068,1.50,1.50
2012.02.22 15:28:33.197,1.20671,1.20679,1.50,1.50
2012.02.22 15:28:34.165,1.20669,1.20679,3.00,1.50
2012.02.22 15:28:34.832,1.20668,1.20678,1.10,1.50
2012.02.22 15:28:36.621,1.20669,1.20678,1.50,1.50
2012.02.22 15:28:39.323,1.20669,1.20678,1.50,1.50
2012.02.22 15:28:47.632,1.2067,1.2068,1.50,1.50
2012.02.22 15:28:59.532,1.2067,1.2068,1.50,1.50
2012.02.22 15:29:02.239,1.20668,1.2068,2.10,1.50
2012.02.22 15:29:02.758,1.20669,1.2068,1.50,1.50
2012.02.22 15:29:03.328,1.2067,1.2068,1.50,1.50
2012.02.22 15:29:04.147,1.20668,1.2068,0.10,3.00
2012.02.22 15:29:04.647,1.20669,1.2068,1.50,1.50
2012.02.22 15:29:05.578,1.20668,1.2068,0.10,3.00
2012.02.22 15:29:06.304,1.20668,1.2068,0.10,3.00
2012.02.22 15:29:09.040,1.2067,1.2068,1.50,1.50
2012.02.22 15:29:09.572,1.20669,1.2068,1.50,1.50
2012.02.22 15:29:11.497,1.20668,1.2068,0.35,1.50
2012.02.22 15:29:11.809,1.20671,1.2068,1.50,1.50
2012.02.22 15:29:14.478,1.20669,1.2068,1.50,1.50
2012.02.22 15:29:19.661,1.20668,1.20681,0.10,2.25
2012.02.22 15:29:19.802,1.20669,1.20682,1.50,1.50
2012.02.22 15:29:21.791,1.20669,1.20682,1.50,1.50
2012.02.22 15:29:21.886,1.20668,1.20681,2.10,3.00
2012.02.22 15:29:22.250,1.2067,1.20682,1.50,3.00
2012.02.22 15:29:22.758,1.20671,1.20682,1.50,1.50
2012.02.22 15:29:26.095,1.20668,1.20682,4.10,1.50
2012.02.22 15:29:26.306,1.20672,1.20682,1.50,1.50
2012.02.22 15:29:26.383,1.20668,1.20682,2.10,1.50
2012.02.22 15:29:27.291,1.20671,1.20682,1.50,1.50
2012.02.22 15:29:27.600,1.20668,1.20682,0.10,1.69
2012.02.22 15:29:28.484,1.20669,1.20682,1.50,1.69
2012.02.22 15:29:29.391,1.20671,1.20682,1.50,1.69
2012.02.22 15:29:30.443,1.20668,1.20682,2.10,1.50
2012.02.22 15:29:32.190,1.20669,1.20682,1.50,3.00
2012.02.22 15:29:34.462,1.20669,1.20682,1.50,1.50
2012.02.22 15:29:35.189,1.2067,1.20682,1.50,1.50
2012.02.22 15:29:39.764,1.20669,1.20682,1.50,1.50
2012.02.22 15:29:41.982,1.20668,1.20682,2.10,3.00
2012.02.22 15:29:47.408,1.20668,1.2068,0.10,2.70
2012.02.22 15:29:49.896,1.20668,1.2068,0.10,2.70
2012.02.22 15:29:50.455,1.20668,1.20678,0.10,1.95
2012.02.22 15:29:51.397,1.20668,1.20681,0.10,2.25
2012.02.22 15:29:52.086,1.20668,1.20679,0.10,2.70
2012.02.22 15:29:52.447,1.20668,1.20672,0.10,1.95
2012.02.22 15:29:53.450,1.20668,1.20676,0.10,4.50
2012.02.22 15:29:53.919,1.20668,1.20679,0.10,4.28
2012.02.22 15:29:54.208,1.20668,1.20678,0.10,2.85
2012.02.22 15:29:58.406,1.20668,1.20675,0.10,3.00
2012.02.22 15:29:59.296,1.20668,1.20677,0.10,2.25
2012.02.22 15:29:59.606,1.20668,1.20679,0.10,4.80
2012.02.22 15:30:00.068,1.20668,1.20678,0.10,2.70
2012.02.22 15:30:00.218,1.20668,1.20676,0.10,3.00
2012.02.22 15:30:00.851,1.20668,1.20676,0.10,3.00
2012.02.22 15:30:01.636,1.20668,1.20677,0.10,2.44
2012.02.22 15:30:05.250,1.20668,1.20677,0.10,2.25
2012.02.22 15:30:05.681,1.20668,1.20676,0.10,1.50
2012.02.22 15:30:12.482,1.20668,1.20675,0.10,1.50
2012.02.22 15:30:15.925,1.20668,1.20674,0.10,1.50
2012.02.22 15:30:16.217,1.20668,1.20677,0.10,3.38
2012.02.22 15:30:16.784,1.20668,1.20677,0.10,1.50
2012.02.22 15:30:21.714,1.20668,1.20677,0.85,2.25
2012.02.22 15:30:22.000,1.20668,1.20679,3.85,1.50
2012.02.22 15:30:22.214,1.20668,1.20679,0.10,2.25
2012.02.22 15:30:22.941,1.20668,1.20679,0.10,2.25
2012.02.22 15:30:24.473,1.20668,1.2068,0.10,2.25
2012.02.22 15:30:24.682,1.20668,1.2068,0.10,4.50
2012.02.22 15:30:25.377,1.20668,1.20677,0.10,1.50
2012.02.22 15:30:27.710,1.20668,1.20677,0.10,2.25
2012.02.22 15:30:34.100,1.20668,1.20679,0.10,3.00
2012.02.22 15:30:34.876,1.20668,1.20679,0.10,3.75
2012.02.22 15:30:35.025,1.20668,1.20678,0.10,2.25
2012.02.22 15:30:39.999,1.20668,1.20679,0.10,1.50
2012.02.22 15:30:41.167,1.20668,1.20679,2.70,1.50
2012.02.22 15:30:41.258,1.20669,1.20682,2.85,1.50
2012.02.22 15:30:41.477,1.20668,1.20685,5.70,4.20
2012.02.22 15:30:43.400,1.20668,1.20682,5.70,1.95
2012.02.22 15:30:43.968,1.20668,1.20685,5.70,4.20
2012.02.22 15:30:46.075,1.20668,1.20684,5.70,2.70
2012.02.22 15:30:46.511,1.20668,1.20681,5.70,1.95
2012.02.22 15:30:47.490,1.20668,1.20683,5.70,2.70
2012.02.22 15:30:47.833,1.20668,1.20681,5.70,4.50
2012.02.22 15:30:48.188,1.20668,1.20678,0.10,1.13
2012.02.22 15:30:48.829,1.20668,1.2068,0.10,1.13
2012.02.22 15:30:48.917,1.20668,1.2068,0.10,2.33
2012.02.22 15:30:51.108,1.20668,1.20681,0.10,3.94
2012.02.22 15:30:51.683,1.20668,1.20681,0.10,2.25
2012.02.22 15:30:52.735,1.20669,1.20685,1.50,2.63
2012.02.22 15:30:53.089,1.20671,1.20681,2.25,3.45
2012.02.22 15:30:53.170,1.20668,1.20681,0.10,3.45
2012.02.22 15:30:53.596,1.20668,1.20679,0.10,1.50
2012.02.22 15:30:55.934,1.20668,1.20679,0.10,2.25
2012.02.22 15:30:56.570,1.20668,1.20678,0.10,1.13
2012.02.22 15:30:57.234,1.20668,1.20682,2.10,2.44
2012.02.22 15:30:57.743,1.20668,1.2068,0.10,1.50
2012.02.22 15:30:59.457,1.20668,1.20681,0.10,2.25
2012.02.22 15:30:59.747,1.20668,1.20681,0.10,2.25
2012.02.22 15:30:59.974,1.20668,1.20677,0.10,1.95
2012.02.22 15:31:01.165,1.20668,1.20678,0.10,2.70
2012.02.22 15:31:02.226,1.20668,1.20676,0.10,2.25
2012.02.22 15:31:02.667,1.20668,1.20673,0.10,1.50
2012.02.22 15:31:03.242,1.20668,1.20673,0.10,2.25
2012.02.22 15:31:05.425,1.20668,1.20672,0.10,1.05
2012.02.22 15:31:05.723,1.20662,1.20675,0.10,2.25
2012.02.22 15:31:05.798,1.20662,1.20667,0.20,2.25
2012.02.22 15:31:06.155,1.20662,1.20667,0.20,3.75
2012.02.22 15:31:06.295,1.20662,1.20667,0.20,3.75
2012.02.22 15:31:06.361,1.20662,1.20667,0.20,3.75
2012.02.22 15:31:06.926,1.20662,1.20667,0.20,4.50
2012.02.22 15:31:07.965,1.20662,1.20667,0.20,5.25
2012.02.22 15:31:08.741,1.20662,1.20665,0.20,3.00
2012.02.22 15:31:09.294,1.20662,1.20665,0.20,2.25
2012.02.22 15:31:11.553,1.20662,1.20665,0.20,3.00
2012.02.22 15:31:12.966,1.20662,1.20667,0.20,3.00
2012.02.22 15:31:14.033,1.20662,1.20664,0.20,1.50
2012.02.22 15:31:16.293,1.20662,1.20666,0.20,2.25
2012.02.22 15:31:18.485,1.20662,1.20668,0.20,3.57
2012.02.22 15:31:21.529,1.20662,1.20672,0.20,2.25
2012.02.22 15:31:26.019,1.20662,1.20672,0.20,2.25
2012.02.22 15:31:26.929,1.20662,1.20669,0.20,1.50
2012.02.22 15:31:28.070,1.20662,1.20673,0.20,2.25
2012.02.22 15:31:33.593,1.20662,1.20672,0.20,1.50
2012.02.22 15:31:39.982,1.20662,1.20671,0.20,2.44
2012.02.22 15:32:01.612,1.20662,1.20669,0.20,1.32
2012.02.22 15:32:01.771,1.20662,1.20669,0.20,2.07
2012.02.22 15:32:01.851,1.20662,1.20668,0.20,1.32
2012.02.22 15:32:01.929,1.20662,1.2067,0.20,5.63
2012.02.22 15:32:02.080,1.20662,1.20668,0.20,1.32
2012.02.22 15:32:02.373,1.20662,1.20669,0.20,2.63
2012.02.22 15:32:03.101,1.20662,1.20669,0.20,1.88
2012.02.22 15:32:05.726,1.20662,1.20669,1.20,4.33
2012.02.22 15:32:06.020,1.20664,1.20674,2.25,1.50
2012.02.22 15:32:06.097,1.20662,1.20669,3.20,2.08
2012.02.22 15:32:08.047,1.20662,1.20669,0.20,2.82
2012.02.22 15:32:11.019,1.20662,1.20671,0.20,1.50
2012.02.22 15:32:11.512,1.20662,1.20672,0.20,2.63
2012.02.22 15:32:12.590,1.20662,1.20672,0.20,2.25
2012.02.22 15:32:13.015,1.20662,1.20672,0.20,2.63
2012.02.22 15:32:13.083,1.20662,1.20672,0.20,2.63
2012.02.22 15:32:13.294,1.20662,1.20671,0.20,2.25
2012.02.22 15:32:15.637,1.20662,1.20671,0.20,2.72
2012.02.22 15:32:15.895,1.20662,1.20667,0.20,1.50
2012.02.22 15:32:17.241,1.20662,1.20666,0.20,1.50
2012.02.22 15:32:18.630,1.20662,1.20666,0.20,3.49
2012.02.22 15:32:18.961,1.20651,1.20663,1.50,2.44
2012.02.22 15:32:19.119,1.20651,1.20664,3.00,1.50
2012.02.22 15:32:19.268,1.20662,1.20664,0.20,1.79
2012.02.22 15:32:20.699,1.20662,1.20667,0.20,3.00
2012.02.22 15:32:21.131,1.20662,1.20667,0.20,3.00
2012.02.22 15:32:21.414,1.20662,1.20667,0.20,4.50
2012.02.22 15:32:23.003,1.20662,1.20666,0.20,1.50
2012.02.22 15:32:26.307,1.20662,1.20669,0.20,2.25
2012.02.22 15:32:26.840,1.20662,1.20671,0.20,4.95
2012.02.22 15:32:28.527,1.20662,1.20669,0.20,2.25
2012.02.22 15:32:29.035,1.20662,1.20671,0.20,2.70
2012.02.22 15:32:29.179,1.20662,1.20671,0.20,2.70
2012.02.22 15:32:38.543,1.20662,1.20667,0.20,2.70
2012.02.22 15:32:40.431,1.20662,1.20672,0.20,1.13
2012.02.22 15:32:40.647,1.20662,1.20673,0.20,2.70
2012.02.22 15:32:41.150,1.20662,1.20672,0.20,1.13
2012.02.22 15:32:41.525,1.20662,1.2067,0.20,1.47
2012.02.22 15:32:42.260,1.20662,1.20674,0.20,2.78
2012.02.22 15:32:42.408,1.20662,1.20674,0.20,2.25
2012.02.22 15:32:42.492,1.20662,1.20672,0.20,1.13
2012.02.22 15:32:43.274,1.20662,1.20673,0.20,4.20
2012.02.22 15:32:44.012,1.20662,1.20671,0.20,1.69
2012.02.22 15:32:44.238,1.20662,1.20672,0.20,1.28
2012.02.22 15:32:44.390,1.20662,1.20673,0.20,2.63
2012.02.22 15:32:44.538,1.20662,1.20674,0.20,2.63
2012.02.22 15:32:44.689,1.20662,1.20671,0.20,1.71
2012.02.22 15:32:44.979,1.20662,1.2067,0.20,1.50
2012.02.22 15:32:45.666,1.20662,1.20671,0.20,2.25
2012.02.22 15:32:45.902,1.20662,1.20671,0.20,1.13
2012.02.22 15:32:46.336,1.20662,1.20674,0.20,4.20
2012.02.22 15:32:46.765,1.20662,1.20671,0.20,1.13
2012.02.22 15:32:46.839,1.20662,1.20672,0.20,2.25
2012.02.22 15:32:48.474,1.20662,1.20672,0.20,2.25
2012.02.22 15:32:50.330,1.20662,1.2067,0.20,1.50
2012.02.22 15:32:51.307,1.20662,1.2067,0.20,2.25
2012.02.22 15:32:51.813,1.20662,1.20671,0.20,1.41
2012.02.22 15:32:52.100,1.20662,1.20671,0.20,3.08
2012.02.22 15:32:53.374,1.20662,1.20672,0.20,3.38
2012.02.22 15:32:54.585,1.20662,1.20671,0.20,1.50
2012.02.22 15:32:54.659,1.20662,1.20669,0.20,1.50
2012.02.22 15:32:56.796,1.20662,1.20672,0.20,4.50
2012.02.22 15:32:57.554,1.20662,1.20669,0.20,1.69
2012.02.22 15:32:57.990,1.20662,1.20671,0.20,1.50
2012.02.22 15:32:59.137,1.20662,1.20672,0.20,2.25
2012.02.22 15:32:59.765,1.20662,1.20671,0.20,1.50
2012.02.22 15:33:00.673,1.20662,1.20673,0.20,3.19
2012.02.22 15:33:00.898,1.20662,1.2067,0.20,1.50
2012.02.22 15:33:02.954,1.20662,1.20672,0.20,2.25
2012.02.22 15:33:03.495,1.20662,1.20671,0.20,1.50
2012.02.22 15:33:03.710,1.20662,1.20671,0.20,3.21
2012.02.22 15:33:03.862,1.20662,1.20673,0.20,3.94
2012.02.22 15:33:03.947,1.20662,1.20673,0.20,7.39
2012.02.22 15:33:04.597,1.20662,1.20673,0.20,4.39
2012.02.22 15:33:07.834,1.20662,1.20674,0.20,5.07
2012.02.22 15:33:08.322,1.20662,1.20672,0.20,1.71
2012.02.22 15:33:08.465,1.20662,1.20673,0.20,1.95
2012.02.22 15:33:10.119,1.20662,1.20675,0.20,5.29
2012.02.22 15:33:10.991,1.20662,1.20672,0.20,1.71
2012.02.22 15:33:11.514,1.20662,1.20673,0.20,3.21
2012.02.22 15:33:11.734,1.20662,1.20674,0.20,1.50
2012.02.22 15:33:12.520,1.20662,1.20675,0.20,2.29
2012.02.22 15:33:12.613,1.20662,1.20673,0.20,1.50
2012.02.22 15:33:12.918,1.20662,1.20673,0.20,3.21
2012.02.22 15:33:13.135,1.20662,1.20673,0.20,1.50
2012.02.22 15:33:13.276,1.20662,1.20671,0.20,1.50
2012.02.22 15:33:14.576,1.20662,1.20674,0.20,3.75
2012.02.22 15:33:15.741,1.20662,1.20672,0.20,1.50
2012.02.22 15:33:15.814,1.20662,1.20675,0.20,1.54
2012.02.22 15:33:16.773,1.20662,1.20674,0.20,2.25
2012.02.22 15:33:27.124,1.20662,1.20674,0.20,1.50
2012.02.22 15:33:33.634,1.20662,1.20675,0.20,4.95
2012.02.22 15:33:33.843,1.20662,1.20673,0.20,1.50
2012.02.22 15:33:42.610,1.20662,1.20674,0.20,3.00
2012.02.22 15:33:45.546,1.20662,1.20673,0.20,1.50
2012.02.22 15:33:53.069,1.20662,1.20674,0.20,2.25
2012.02.22 15:33:54.707,1.20662,1.20674,2.75,4.50
2012.02.22 15:33:54.787,1.20662,1.20674,3.09,3.75
2012.02.22 15:33:54.867,1.20664,1.20677,4.50,2.25
2012.02.22 15:33:55.850,1.20664,1.20678,4.50,1.50
2012.02.22 15:33:58.271,1.20664,1.20678,4.50,1.50
2012.02.22 15:33:59.065,1.20664,1.20678,4.50,1.50
2012.02.22 15:34:01.542,1.20664,1.20678,4.50,1.50
2012.02.22 15:34:02.294,1.20665,1.20679,2.25,2.14
2012.02.22 15:34:02.663,1.20665,1.20677,2.25,1.95
2012.02.22 15:34:02.880,1.20664,1.20675,2.25,1.50
2012.02.22 15:34:02.956,1.20664,1.20673,2.25,1.50
2012.02.22 15:34:03.035,1.20662,1.20673,0.20,1.50
2012.02.22 15:34:04.058,1.20662,1.20671,0.20,1.50
2012.02.22 15:34:04.837,1.20662,1.20674,0.20,4.20
2012.02.22 15:34:05.661,1.20662,1.20673,0.20,2.63
2012.02.22 15:34:06.186,1.20662,1.20674,0.20,1.50
2012.02.22 15:34:07.030,1.20662,1.20675,0.20,1.50
2012.02.22 15:34:07.572,1.20662,1.20676,0.20,2.89
2012.02.22 15:34:09.583,1.20662,1.20677,0.20,3.94
2012.02.22 15:34:09.884,1.20663,1.20679,4.69,1.50
2012.02.22 15:34:10.577,1.20663,1.20679,4.69,1.50
2012.02.22 15:34:10.899,1.20663,1.20679,5.25,1.69
2012.02.22 15:34:11.464,1.20663,1.20679,5.25,1.50
2012.02.22 15:34:13.663,1.20663,1.20679,4.50,4.39
2012.02.22 15:34:13.812,1.20662,1.20676,4.95,1.50
2012.02.22 15:34:14.586,1.20662,1.20676,2.20,1.50
2012.02.22 15:34:15.844,1.20663,1.20677,1.50,2.44
2012.02.22 15:34:16.558,1.20662,1.20676,2.20,1.69
2012.02.22 15:34:17.919,1.20664,1.20677,1.50,2.44
2012.02.22 15:34:18.025,1.20662,1.20676,2.20,1.69
2012.02.22 15:34:18.753,1.20663,1.20677,3.00,1.50
2012.02.22 15:34:18.836,1.20665,1.20679,1.01,1.50
2012.02.22 15:34:20.039,1.20664,1.20679,1.01,1.69
2012.02.22 15:34:20.706,1.20665,1.20679,1.01,1.50
2012.02.22 15:34:21.262,1.20665,1.20679,1.01,1.50
2012.02.22 15:34:22.477,1.20663,1.20679,2.25,1.50
2012.02.22 15:34:28.121,1.20663,1.20679,2.51,4.20
2012.02.22 15:34:28.759,1.20663,1.20679,2.51,2.25
2012.02.22 15:34:29.330,1.20663,1.20679,2.51,1.50
2012.02.22 15:34:29.478,1.20663,1.20679,2.51,1.50
2012.02.22 15:34:30.036,1.20664,1.20679,1.38,1.50
2012.02.22 15:34:30.711,1.20664,1.20679,1.38,1.50
2012.02.22 15:34:30.800,1.20664,1.20679,1.13,1.50
2012.02.22 15:34:36.457,1.20663,1.20676,2.51,1.95
2012.02.22 15:34:36.646,1.20662,1.20676,2.20,1.50
2012.02.22 15:34:37.298,1.20664,1.20678,1.50,1.88
2012.02.22 15:34:40.481,1.20664,1.20678,2.25,1.69
2012.02.22 15:34:40.913,1.20666,1.2068,1.50,3.45
2012.02.22 15:34:43.053,1.20666,1.2068,1.50,3.64
2012.02.22 15:34:43.910,1.20666,1.2068,1.50,3.45
2012.02.22 15:34:50.152,1.20666,1.2068,1.50,5.16
2012.02.22 15:34:50.915,1.20666,1.2068,1.50,3.45
2012.02.22 15:34:51.986,1.20666,1.20679,1.50,1.71
2012.02.22 15:34:52.780,1.20663,1.20678,1.50,3.08
2012.02.22 15:34:53.319,1.20662,1.20676,2.20,1.50
2012.02.22 15:34:53.549,1.20664,1.20678,1.50,1.69
2012.02.22 15:34:54.277,1.20665,1.20679,1.50,2.44
2012.02.22 15:34:55.009,1.20664,1.20678,1.50,2.14
2012.02.22 15:34:55.540,1.20663,1.20679,1.50,1.69
2012.02.22 15:34:56.201,1.20665,1.2068,1.50,6.00
2012.02.22 15:34:56.281,1.20663,1.20679,1.50,4.50
2012.02.22 15:34:56.564,1.20663,1.20679,1.50,3.94
2012.02.22 15:34:56.633,1.20666,1.20679,1.50,2.44
2012.02.22 15:34:56.904,1.20664,1.20678,1.50,1.50
2012.02.22 15:34:59.712,1.20663,1.20679,4.50,1.69
2012.02.22 15:35:00.764,1.20665,1.20681,1.50,2.25
2012.02.22 15:35:00.991,1.20665,1.20681,1.50,1.50
2012.02.22 15:35:02.126,1.20665,1.2068,1.50,2.25
2012.02.22 15:35:02.824,1.20663,1.20679,2.25,3.75
2012.02.22 15:35:02.899,1.20663,1.20679,1.50,3.75
2012.02.22 15:35:11.830,1.20662,1.20676,4.20,1.50
2012.02.22 15:35:11.908,1.20663,1.20679,1.50,6.45
2012.02.22 15:35:12.055,1.20662,1.20677,0.20,1.50
2012.02.22 15:35:13.960,1.20662,1.20673,0.20,1.50
2012.02.22 15:35:14.181,1.20662,1.20675,0.20,1.50
2012.02.22 15:35:14.744,1.20662,1.20674,0.20,1.50
2012.02.22 15:35:16.062,1.20662,1.20675,0.20,3.45
2012.02.22 15:35:16.396,1.20662,1.20673,0.20,1.50
2012.02.22 15:35:18.308,1.20662,1.20676,0.20,1.50
2012.02.22 15:35:18.760,1.20662,1.20674,1.20,1.50
2012.02.22 15:35:21.478,1.20662,1.20675,1.20,1.50
2012.02.22 15:35:24.354,1.20662,1.20673,1.20,1.50
2012.02.22 15:35:27.515,1.20662,1.20671,0.20,1.50
2012.02.22 15:35:28.482,1.20662,1.20674,0.20,1.50
2012.02.22 15:35:33.095,1.20662,1.20676,2.20,1.50
2012.02.22 15:35:33.169,1.20662,1.20676,2.88,1.50
2012.02.22 15:35:35.139,1.20662,1.20678,8.45,1.50
2012.02.22 15:35:38.748,1.20662,1.20678,3.20,1.50
2012.02.22 15:35:40.372,1.20662,1.20678,2.95,1.50
2012.02.22 15:35:40.927,1.20662,1.20678,3.20,1.50
2012.02.22 15:35:41.217,1.20662,1.20675,1.20,1.50
2012.02.22 15:35:42.107,1.20662,1.20678,3.20,1.50
2012.02.22 15:35:42.687,1.20662,1.20675,1.20,1.50
2012.02.22 15:35:43.003,1.20662,1.20678,2.20,3.00
2012.02.22 15:35:43.702,1.20662,1.20678,2.95,3.45
2012.02.22 15:35:46.084,1.20662,1.20676,2.95,1.95
2012.02.22 15:35:46.638,1.20662,1.20675,0.95,1.50
2012.02.22 15:35:47.685,1.20662,1.20675,4.45,1.50
2012.02.22 15:35:47.822,1.20662,1.20678,6.29,3.64
2012.02.22 15:35:48.354,1.20662,1.20678,6.79,3.45
2012.02.22 15:35:48.569,1.20662,1.20678,6.45,3.83
2012.02.22 15:35:48.646,1.20662,1.20678,6.45,3.45
2012.02.22 15:35:49.550,1.20662,1.20678,6.45,3.45
2012.02.22 15:35:50.103,1.20662,1.20678,5.95,1.69
2012.02.22 15:35:50.761,1.20662,1.20678,6.29,1.50
2012.02.22 15:35:54.556,1.20662,1.20678,6.29,1.50
2012.02.22 15:35:55.270,1.20662,1.20678,6.79,3.45
2012.02.22 15:35:57.252,1.20662,1.20677,6.79,1.95
2012.02.22 15:35:57.955,1.20662,1.20677,6.45,1.95
2012.02.22 15:35:58.944,1.20662,1.20678,6.95,3.45
2012.02.22 15:36:03.758,1.20662,1.20678,6.45,4.20
2012.02.22 15:36:03.906,1.20662,1.20678,6.95,3.45
2012.02.22 15:36:03.973,1.20662,1.20678,6.45,3.83
2012.02.22 15:36:04.112,1.20662,1.20678,6.79,3.45
2012.02.22 15:36:06.030,1.20662,1.20678,5.95,1.88
2012.02.22 15:36:06.524,1.20663,1.20676,2.25,1.95
2012.02.22 15:36:08.155,1.20663,1.20677,1.50,3.45
2012.02.22 15:36:08.535,1.20664,1.2068,1.50,4.30
2012.02.22 15:36:08.768,1.20664,1.2068,1.50,4.90
2012.02.22 15:36:09.658,1.20663,1.20677,2.25,1.50
2012.02.22 15:36:16.884,1.20664,1.20677,1.50,1.95
2012.02.22 15:36:17.372,1.20665,1.20677,1.50,2.05
2012.02.22 15:36:17.718,1.20665,1.20675,1.50,1.95
2012.02.22 15:36:19.174,1.20663,1.20675,3.75,1.95
2012.02.22 15:36:19.625,1.20666,1.20675,1.50,1.95
2012.02.22 15:36:20.552,1.20666,1.20677,1.50,1.95
2012.02.22 15:36:21.216,1.20666,1.2068,1.50,3.92
2012.02.22 15:36:22.337,1.20666,1.2068,1.50,3.92
2012.02.22 15:36:22.926,1.20666,1.2068,1.50,5.42
2012.02.22 15:36:23.073,1.20663,1.20679,1.50,1.60
2012.02.22 15:36:23.576,1.20663,1.20677,1.50,2.05
2012.02.22 15:36:25.788,1.20663,1.20678,1.50,2.05
2012.02.22 15:36:26.749,1.20666,1.2068,1.50,4.67
2012.02.22 15:36:26.981,1.20664,1.20679,1.50,1.52
2012.02.22 15:36:27.552,1.20663,1.20679,1.50,1.52
2012.02.22 15:36:28.301,1.20663,1.20679,1.50,1.52
2012.02.22 15:36:28.832,1.20663,1.20679,1.50,2.65
2012.02.22 15:36:29.395,1.20664,1.20676,1.50,1.95
2012.02.22 15:36:29.766,1.20662,1.20676,2.20,3.45
2012.02.22 15:36:35.190,1.20663,1.20676,1.50,1.95
2012.02.22 15:36:35.734,1.20662,1.20676,2.54,3.45
2012.02.22 15:36:38.817,1.20663,1.20676,1.50,1.95
2012.02.22 15:36:41.566,1.20662,1.20675,0.20,1.50
2012.02.22 15:36:42.105,1.20662,1.20676,0.20,3.45
2012.02.22 15:36:44.633,1.20663,1.20676,1.50,1.95
2012.02.22 15:36:46.418,1.20665,1.20679,1.50,4.56
2012.02.22 15:36:46.640,1.20663,1.20677,1.50,1.50
2012.02.22 15:36:48.358,1.20662,1.20676,0.20,1.50
2012.02.22 15:36:50.405,1.20664,1.20678,1.50,3.45
2012.02.22 15:36:54.576,1.20664,1.20677,1.50,1.95
2012.02.22 15:36:55.419,1.20662,1.20676,0.20,1.50
2012.02.22 15:36:57.313,1.20663,1.20677,1.50,3.00
2012.02.22 15:37:02.481,1.20664,1.20678,1.50,2.10
2012.02.22 15:37:02.992,1.20664,1.20678,2.25,3.45
2012.02.22 15:37:04.116,1.20664,1.20676,2.25,1.95
2012.02.22 15:37:05.696,1.20664,1.20678,2.25,1.50
2012.02.22 15:37:07.135,1.20664,1.20677,2.25,1.95
2012.02.22 15:37:08.896,1.20664,1.20677,1.50,1.95
2012.02.22 15:37:08.980,1.20665,1.20677,1.50,1.95
2012.02.22 15:37:10.997,1.20665,1.20678,1.58,1.95
2012.02.22 15:37:17.617,1.20663,1.20676,1.58,1.50
2012.02.22 15:37:18.199,1.20662,1.20674,2.06,1.95
2012.02.22 15:37:18.552,1.20664,1.20674,2.25,1.95
2012.02.22 15:37:19.607,1.20664,1.20677,2.25,2.14
2012.02.22 15:37:21.711,1.20666,1.2068,2.25,6.64
2012.02.22 15:37:23.983,1.20666,1.20677,2.25,1.95
2012.02.22 15:37:25.037,1.20666,1.20677,1.58,2.33
2012.02.22 15:37:25.327,1.20664,1.20677,3.83,1.95
2012.02.22 15:37:27.486,1.20665,1.20677,1.58,3.45
2012.02.22 15:37:34.128,1.20665,1.2068,1.58,4.88
2012.02.22 15:37:34.941,1.20665,1.20677,1.50,1.50
2012.02.22 15:37:35.044,1.20664,1.2068,3.83,4.28
2012.02.22 15:37:35.602,1.20664,1.2068,3.08,4.13
2012.02.22 15:37:37.805,1.20667,1.2068,1.50,2.78
2012.02.22 15:37:38.595,1.20665,1.20679,1.50,1.50
2012.02.22 15:37:39.087,1.20665,1.20679,2.25,1.50
2012.02.22 15:37:39.506,1.20667,1.20681,1.50,2.10
2012.02.22 15:37:40.225,1.20667,1.20681,1.50,2.25
2012.02.22 15:37:41.716,1.20667,1.20682,1.50,4.50
2012.02.22 15:37:43.650,1.20667,1.20682,1.50,5.25
2012.02.22 15:37:44.156,1.20668,1.20682,1.58,4.50
2012.02.22 15:37:44.677,1.20668,1.20682,1.58,5.25
2012.02.22 15:37:44.968,1.2067,1.2068,2.25,2.10
2012.02.22 15:37:45.341,1.20677,1.20685,1.50,1.95
2012.02.22 15:37:45.918,1.20672,1.20684,2.33,1.58
2012.02.22 15:37:46.005,1.20672,1.20685,3.08,2.22
2012.02.22 15:37:48.461,1.2067,1.20682,1.50,1.50
2012.02.22 15:37:49.174,1.2067,1.20684,1.50,1.95
2012.02.22 15:37:50.459,1.20667,1.20683,5.36,1.50
2012.02.22 15:37:50.896,1.20668,1.20681,2.25,1.95
2012.02.22 15:37:51.456,1.20667,1.20681,1.35,1.95
2012.02.22 15:37:52.291,1.2067,1.20682,1.50,2.25
2012.02.22 15:37:52.369,1.2067,1.20681,1.50,1.50
2012.02.22 15:37:52.873,1.20667,1.20681,2.85,1.50
2012.02.22 15:37:55.749,1.20665,1.20681,2.25,3.38
2012.02.22 15:37:55.946,1.20666,1.2068,2.25,1.50
2012.02.22 15:37:56.025,1.20668,1.2068,1.50,1.50
2012.02.22 15:37:56.450,1.20667,1.20681,1.50,2.25
2012.02.22 15:37:56.530,1.20669,1.20682,1.50,1.50
2012.02.22 15:37:56.611,1.20669,1.20683,1.50,4.39
2012.02.22 15:37:57.758,1.20664,1.2068,4.01,1.50
2012.02.22 15:37:58.198,1.20666,1.20681,1.50,2.70
2012.02.22 15:37:58.703,1.20666,1.20682,1.50,2.25
2012.02.22 15:38:01.453,1.20666,1.2068,3.00,1.50
2012.02.22 15:38:02.003,1.20668,1.20682,1.50,1.50
2012.02.22 15:38:03.570,1.20668,1.20681,1.50,1.95
2012.02.22 15:38:03.870,1.20665,1.20681,1.50,3.45
2012.02.22 15:38:03.948,1.20669,1.20681,1.50,1.95
2012.02.22 15:38:05.604,1.20669,1.20682,1.50,2.25
2012.02.22 15:38:05.688,1.20665,1.20681,1.50,1.50
2012.02.22 15:38:05.842,1.20668,1.20682,1.50,3.00
2012.02.22 15:38:09.093,1.20668,1.20681,1.50,2.70
2012.02.22 15:38:12.417,1.20666,1.2068,1.50,2.25
2012.02.22 15:38:12.716,1.20668,1.20681,1.50,2.25
2012.02.22 15:38:16.476,1.20668,1.20678,1.50,1.95
2012.02.22 15:38:16.896,1.20666,1.20678,1.50,1.95
2012.02.22 15:38:18.805,1.20666,1.20678,1.50,2.70
2012.02.22 15:38:23.325,1.20667,1.20678,1.50,2.70
2012.02.22 15:38:27.565,1.20667,1.20681,1.50,6.45
2012.02.22 15:38:27.646,1.20666,1.2068,1.50,1.65
2012.02.22 15:38:27.937,1.20664,1.2068,1.50,3.15
2012.02.22 15:38:28.989,1.20664,1.2068,1.50,2.40
2012.02.22 15:38:29.874,1.20667,1.20681,1.50,2.03
2012.02.22 15:38:29.974,1.20667,1.20681,3.00,4.73
2012.02.22 15:38:30.338,1.20669,1.20681,1.50,3.23
2012.02.22 15:38:32.463,1.20669,1.2068,2.25,2.85
2012.02.22 15:38:32.698,1.20673,1.20683,2.25,1.95
2012.02.22 15:38:33.003,1.2067,1.20686,2.25,2.63
2012.02.22 15:38:33.158,1.2067,1.20686,2.25,2.63
2012.02.22 15:38:34.236,1.20668,1.20684,6.26,2.25
2012.02.22 15:38:34.806,1.20669,1.20685,2.25,2.25
2012.02.22 15:38:35.025,1.20669,1.20685,1.50,2.25
2012.02.22 15:38:35.236,1.20673,1.20684,1.50,2.70
2012.02.22 15:38:36.048,1.20673,1.20684,1.50,1.95
2012.02.22 15:38:36.616,1.20673,1.20685,1.50,1.95
2012.02.22 15:38:37.050,1.20673,1.20687,1.50,1.50
2012.02.22 15:38:37.354,1.20674,1.20689,1.50,2.14
2012.02.22 15:38:38.112,1.20676,1.20688,1.50,1.95
2012.02.22 15:38:38.734,1.20676,1.20688,2.25,1.95
2012.02.22 15:38:39.096,1.20676,1.2069,1.50,3.00
2012.02.22 15:38:39.385,1.20676,1.20685,2.25,1.95
2012.02.22 15:38:40.129,1.20673,1.20685,1.69,1.95
2012.02.22 15:38:41.312,1.20672,1.20686,3.94,1.95
2012.02.22 15:38:41.819,1.20674,1.20688,2.25,1.95
2012.02.22 15:38:42.464,1.20684,1.20692,1.50,6.38
2012.02.22 15:38:42.555,1.20678,1.20688,1.50,1.50
2012.02.22 15:38:43.059,1.20679,1.20692,2.25,3.00
2012.02.22 15:38:43.137,1.2068,1.20695,2.25,1.50
2012.02.22 15:38:43.587,1.20683,1.20693,1.50,1.95
2012.02.22 15:38:44.428,1.20684,1.20692,1.50,1.50
2012.02.22 15:38:44.524,1.20685,1.207,2.44,1.50
2012.02.22 15:38:44.678,1.2069,1.207,1.50,1.50
2012.02.22 15:38:44.982,1.20691,1.207,1.50,1.50
2012.02.22 15:38:45.352,1.20696,1.20706,1.50,2.25
2012.02.22 15:38:46.219,1.2069,1.207,2.44,1.50
2012.02.22 15:38:46.730,1.20689,1.207,3.00,1.50
2012.02.22 15:38:47.227,1.2069,1.20699,1.50,1.50
2012.02.22 15:38:47.984,1.20692,1.20699,2.63,1.50
2012.02.22 15:38:48.099,1.20696,1.20707,1.69,1.50
2012.02.22 15:38:48.607,1.20697,1.20702,1.50,1.50
2012.02.22 15:38:48.765,1.20695,1.20702,1.50,1.88
2012.02.22 15:38:48.840,1.20694,1.20701,1.50,1.35
2012.02.22 15:38:49.515,1.20693,1.20703,1.50,1.88
2012.02.22 15:38:49.673,1.20694,1.207,1.50,1.50
2012.02.22 15:38:49.765,1.20689,1.20702,2.25,3.75
2012.02.22 15:38:50.059,1.20691,1.20704,1.50,1.50
2012.02.22 15:38:50.424,1.20697,1.20712,4.50,3.45
2012.02.22 15:38:50.501,1.20699,1.20711,1.50,1.50
2012.02.22 15:38:51.334,1.20701,1.20712,3.00,1.50
2012.02.22 15:38:51.687,1.20706,1.20712,1.50,1.50
2012.02.22 15:38:52.194,1.20704,1.20712,1.50,1.50
2012.02.22 15:38:52.272,1.20701,1.20708,1.50,1.50
2012.02.22 15:38:52.493,1.207,1.2071,1.50,1.50
2012.02.22 15:38:53.242,1.20705,1.20711,1.50,1.50
2012.02.22 15:38:53.332,1.20705,1.20716,1.50,1.50
2012.02.22 15:38:53.409,1.20711,1.20716,2.25,3.45
2012.02.22 15:38:53.845,1.20709,1.20715,1.50,1.50
2012.02.22 15:38:54.402,1.20705,1.20715,1.50,1.50
2012.02.22 15:38:54.474,1.20705,1.20715,1.50,1.50
2012.02.22 15:38:55.240,1.20705,1.20713,1.50,1.50
2012.02.22 15:38:55.335,1.207,1.20711,2.25,1.69
2012.02.22 15:38:56.103,1.207,1.20711,2.25,1.69
2012.02.22 15:38:58.146,1.207,1.20708,2.25,1.50
2012.02.22 15:38:58.712,1.207,1.20708,1.50,1.50
2012.02.22 15:38:59.619,1.20696,1.20708,1.50,1.50
2012.02.22 15:39:00.601,1.20699,1.20708,1.50,1.50
2012.02.22 15:39:00.753,1.20692,1.20704,1.50,1.50
2012.02.22 15:39:00.829,1.20697,1.20704,2.25,1.50
2012.02.22 15:39:01.216,1.20697,1.20706,3.00,1.50
2012.02.22 15:39:01.301,1.20701,1.20709,1.50,1.50
2012.02.22 15:39:01.775,1.20701,1.20709,1.50,1.50
2012.02.22 15:39:02.067,1.20701,1.20711,1.50,1.69
2012.02.22 15:39:02.429,1.20701,1.20709,1.50,1.50
2012.02.22 15:39:03.114,1.20696,1.20709,1.35,1.50
2012.02.22 15:39:03.189,1.20696,1.20709,1.50,1.69
2012.02.22 15:39:03.478,1.20696,1.20706,1.50,1.50
2012.02.22 15:39:03.849,1.20695,1.20704,1.50,1.50
2012.02.22 15:39:03.927,1.20696,1.20704,1.50,1.50
2012.02.22 15:39:05.214,1.20694,1.20704,1.50,1.50
2012.02.22 15:39:05.721,1.20693,1.20704,1.50,1.50
2012.02.22 15:39:06.827,1.20691,1.20703,1.50,1.50
2012.02.22 15:39:08.604,1.2069,1.20701,1.50,1.50
2012.02.22 15:39:08.692,1.20689,1.20701,1.50,1.50
2012.02.22 15:39:09.198,1.20689,1.20698,1.50,1.50
2012.02.22 15:39:09.561,1.20689,1.207,1.50,1.50
2012.02.22 15:39:09.916,1.20689,1.207,2.25,1.50
2012.02.22 15:39:10.701,1.20689,1.20702,1.50,2.25
2012.02.22 15:39:11.348,1.20692,1.20702,1.95,2.25
2012.02.22 15:39:11.495,1.20692,1.20702,2.70,1.50
2012.02.22 15:39:11.710,1.20692,1.20705,4.41,3.00
2012.02.22 15:39:13.734,1.20692,1.20705,1.71,2.25
2012.02.22 15:39:14.295,1.20693,1.20705,1.69,1.50
2012.02.22 15:39:14.932,1.20693,1.20705,1.69,1.50
2012.02.22 15:39:15.148,1.20696,1.20708,1.13,1.80
2012.02.22 15:39:15.662,1.20696,1.20708,1.13,1.65
2012.02.22 15:39:16.264,1.20696,1.20708,1.13,1.65
2012.02.22 15:39:16.768,1.20695,1.20708,1.50,1.50
2012.02.22 15:39:16.985,1.20695,1.20708,2.25,1.50
2012.02.22 15:39:17.336,1.20698,1.20709,1.88,1.50
2012.02.22 15:39:17.686,1.20698,1.20706,1.13,1.50
2012.02.22 15:39:20.555,1.20697,1.20706,1.13,1.50
2012.02.22 15:39:30.180,1.20694,1.20702,2.36,1.50
2012.02.22 15:39:30.322,1.20696,1.20707,1.13,1.50
2012.02.22 15:39:30.393,1.20696,1.20707,1.88,1.50
2012.02.22 15:39:35.200,1.20698,1.20707,1.50,1.50
2012.02.22 15:39:35.971,1.20697,1.20707,1.13,1.50
2012.02.22 15:39:36.862,1.20698,1.20707,2.46,1.50
2012.02.22 15:39:36.939,1.20697,1.20707,1.13,1.50
2012.02.22 15:39:37.989,1.20697,1.20706,1.13,1.50
2012.02.22 15:39:38.069,1.20696,1.20706,2.13,1.50
2012.02.22 15:39:43.794,1.20696,1.20705,1.50,1.50
2012.02.22 15:39:43.867,1.20694,1.20705,1.35,1.50
2012.02.22 15:39:44.727,1.20694,1.20705,1.35,1.50
2012.02.22 15:39:45.007,1.20693,1.20702,1.50,1.50
2012.02.22 15:39:45.301,1.20693,1.20704,3.45,1.50
2012.02.22 15:39:46.815,1.20692,1.20704,1.76,1.50
2012.02.22 15:39:47.376,1.20691,1.20703,1.20,1.50
2012.02.22 15:39:48.134,1.2069,1.20703,3.00,1.50
2012.02.22 15:39:48.904,1.2069,1.20703,3.00,1.50
2012.02.22 15:39:50.503,1.2069,1.20703,2.44,1.50
2012.02.22 15:39:51.262,1.2069,1.20701,1.50,1.50
2012.02.22 15:39:58.450,1.2069,1.20702,1.50,1.50
2012.02.22 15:40:03.237,1.20687,1.207,1.50,5.70
2012.02.22 15:40:03.752,1.20686,1.20698,1.50,1.50
2012.02.22 15:40:04.770,1.20686,1.20694,1.50,1.50
2012.02.22 15:40:05.409,1.20684,1.20694,1.50,1.50
2012.02.22 15:40:05.501,1.20684,1.20696,1.50,1.50
2012.02.22 15:40:06.136,1.20684,1.20696,1.50,1.50
2012.02.22 15:40:06.694,1.20683,1.20696,1.50,1.50
2012.02.22 15:40:07.530,1.20683,1.20697,1.50,2.10
2012.02.22 15:40:19.432,1.20681,1.20697,2.44,2.10
2012.02.22 15:40:19.504,1.20681,1.20697,1.69,2.10
2012.02.22 15:40:20.073,1.20681,1.20696,1.50,1.50
2012.02.22 15:40:20.993,1.2068,1.20695,1.01,1.50
2012.02.22 15:40:29.412,1.20676,1.2069,3.19,1.50
2012.02.22 15:40:29.641,1.20672,1.20687,1.35,1.50
2012.02.22 15:40:29.717,1.20673,1.20689,2.25,1.50
2012.02.22 15:40:29.801,1.20673,1.20689,2.25,1.50
2012.02.22 15:40:30.354,1.20675,1.2069,2.25,2.25
2012.02.22 15:40:30.707,1.20674,1.20688,2.25,1.50
2012.02.22 15:40:36.022,1.20675,1.20691,2.25,1.50
2012.02.22 15:40:37.140,1.20675,1.20691,2.25,1.50
2012.02.22 15:40:37.975,1.20675,1.20691,2.25,1.50
2012.02.22 15:40:40.925,1.20675,1.20691,3.38,1.50
2012.02.22 15:40:41.275,1.20675,1.20691,5.63,1.50
2012.02.22 15:40:43.630,1.20675,1.20691,5.63,1.50
2012.02.22 15:40:44.196,1.20678,1.20692,1.50,1.50
2012.02.22 15:40:45.151,1.20678,1.20692,4.20,1.50
2012.02.22 15:40:45.644,1.20678,1.20692,2.25,1.50
2012.02.22 15:40:46.358,1.20678,1.20692,1.50,1.50
2012.02.22 15:40:47.142,1.20678,1.20692,2.25,1.50
2012.02.22 15:40:51.992,1.20678,1.2069,2.25,2.25
2012.02.22 15:40:52.137,1.20676,1.2069,1.50,3.75
2012.02.22 15:40:52.286,1.20674,1.20689,1.88,1.50
2012.02.22 15:40:52.841,1.20673,1.20689,2.25,1.50
2012.02.22 15:40:58.322,1.20672,1.20687,2.25,1.50
2012.02.22 15:40:58.875,1.20674,1.20687,1.50,2.25
2012.02.22 15:41:00.349,1.20672,1.20687,2.25,3.75
2012.02.22 15:41:02.188,1.20672,1.20687,1.50,4.50
2012.02.22 15:41:03.042,1.20672,1.20685,1.50,2.25
2012.02.22 15:41:03.482,1.20671,1.20684,1.50,2.25
2012.02.22 15:41:04.050,1.2067,1.20684,1.50,2.25
2012.02.22 15:41:06.366,1.2067,1.20683,1.50,1.50
2012.02.22 15:41:06.897,1.2067,1.20682,1.50,1.50
2012.02.22 15:41:08.432,1.20668,1.20682,3.00,2.25
2012.02.22 15:41:08.783,1.20668,1.20682,1.50,3.00
2012.02.22 15:41:09.144,1.20669,1.20682,3.00,1.50
2012.02.22 15:41:09.293,1.20672,1.20684,1.50,1.50
2012.02.22 15:41:09.647,1.20674,1.20684,1.50,1.50
2012.02.22 15:41:10.414,1.20675,1.20684,1.50,1.50
2012.02.22 15:41:10.645,1.20675,1.20688,1.50,1.50
2012.02.22 15:41:10.718,1.20677,1.2069,1.50,2.07
2012.02.22 15:41:10.801,1.20676,1.2069,3.75,1.32
2012.02.22 15:41:10.969,1.20679,1.20691,1.50,2.82
2012.02.22 15:41:11.122,1.20676,1.20691,1.50,4.13
2012.02.22 15:41:11.209,1.20675,1.20691,2.25,2.63
2012.02.22 15:41:11.293,1.20675,1.20691,2.25,2.63
2012.02.22 15:41:11.916,1.20676,1.20691,1.50,2.63
2012.02.22 15:41:12.239,1.20679,1.20693,1.50,3.38
2012.02.22 15:41:12.328,1.20679,1.20693,1.50,4.50
2012.02.22 15:41:12.647,1.20676,1.20692,4.20,1.50
2012.02.22 15:41:12.811,1.20676,1.2069,3.45,1.50
2012.02.22 15:41:13.403,1.2068,1.2069,4.50,1.50
2012.02.22 15:41:13.494,1.20684,1.20698,4.50,1.50
2012.02.22 15:41:13.926,1.20686,1.207,2.25,1.50
2012.02.22 15:41:15.226,1.20687,1.20698,1.50,1.50
2012.02.22 15:41:15.578,1.20684,1.20695,2.25,1.50
2012.02.22 15:41:16.285,1.20682,1.20695,2.25,1.50
2012.02.22 15:41:16.427,1.20681,1.20694,1.50,1.50
2012.02.22 15:41:17.776,1.20681,1.20697,2.25,2.10
2012.02.22 15:41:18.072,1.20681,1.20694,2.25,1.50
2012.02.22 15:41:18.289,1.20682,1.20696,2.44,2.10
2012.02.22 15:41:19.344,1.20682,1.20694,1.69,1.50
2012.02.22 15:41:23.036,1.20683,1.20694,1.13,1.50
2012.02.22 15:41:23.108,1.20683,1.20697,1.13,3.60
2012.02.22 15:41:23.682,1.20685,1.20697,1.50,2.10
2012.02.22 15:41:24.223,1.20685,1.20697,1.50,2.10
2012.02.22 15:41:25.395,1.20686,1.20697,1.50,1.50
2012.02.22 15:41:26.176,1.20686,1.20699,1.50,1.50
2012.02.22 15:41:29.485,1.20684,1.20699,1.13,1.50
2012.02.22 15:41:29.982,1.20684,1.20697,1.13,1.50
2012.02.22 15:41:30.846,1.20686,1.20697,1.13,1.50
2012.02.22 15:41:31.143,1.20685,1.20697,1.13,1.50
2012.02.22 15:41:31.377,1.20685,1.20699,1.88,1.50
2012.02.22 15:41:31.536,1.20685,1.20696,1.88,1.50
2012.02.22 15:41:32.310,1.20682,1.20696,2.25,3.00
2012.02.22 15:41:32.741,1.20682,1.20696,2.25,1.50
2012.02.22 15:41:34.953,1.20685,1.20699,1.50,2.10
2012.02.22 15:41:35.304,1.20685,1.20696,1.50,1.50
2012.02.22 15:41:36.365,1.20685,1.20698,1.50,2.10
2012.02.22 15:41:36.584,1.20685,1.20698,1.13,2.10
2012.02.22 15:41:36.668,1.20685,1.20696,1.13,1.50
2012.02.22 15:41:38.153,1.20685,1.20696,3.00,1.50
2012.02.22 15:41:39.239,1.20685,1.20699,3.00,3.60
2012.02.22 15:41:40.320,1.20685,1.20699,3.00,1.50
2012.02.22 15:41:44.059,1.20687,1.20699,1.50,1.50
2012.02.22 15:41:44.737,1.20691,1.207,1.71,1.50
2012.02.22 15:41:44.834,1.20691,1.20702,1.71,1.88
2012.02.22 15:41:44.917,1.20688,1.20702,2.63,1.88
2012.02.22 15:41:45.205,1.20691,1.20702,1.71,1.88
2012.02.22 15:41:45.415,1.20688,1.20702,1.50,1.88
2012.02.22 15:41:45.933,1.20686,1.207,3.94,1.50
2012.02.22 15:41:46.749,1.20686,1.207,3.19,2.25
2012.02.22 15:41:47.254,1.20686,1.207,3.19,1.50
2012.02.22 15:41:51.842,1.20686,1.20698,1.69,1.50
2012.02.22 15:41:52.327,1.20686,1.207,3.19,3.75
2012.02.22 15:41:56.165,1.20687,1.207,1.50,2.25
2012.02.22 15:41:57.677,1.20687,1.207,5.63,2.25
2012.02.22 15:41:57.780,1.20691,1.20704,2.25,1.43
2012.02.22 15:42:01.839,1.20691,1.20705,2.25,2.93
2012.02.22 15:42:04.609,1.2069,1.20705,3.00,1.43
2012.02.22 15:42:05.174,1.2069,1.20703,1.50,1.58
2012.02.22 15:42:06.709,1.2069,1.20704,3.00,1.43
2012.02.22 15:42:07.210,1.2069,1.20704,3.00,1.43
2012.02.22 15:42:07.721,1.2069,1.20703,1.50,1.58
2012.02.22 15:42:08.481,1.2069,1.20703,1.50,1.58
2012.02.22 15:42:09.006,1.2069,1.20703,1.50,2.33
2012.02.22 15:42:09.552,1.20689,1.20703,2.63,1.58
2012.02.22 15:42:11.364,1.20689,1.20701,1.13,1.50
2012.02.22 15:42:11.932,1.20689,1.20702,1.13,1.58
2012.02.22 15:42:13.367,1.20689,1.20701,1.13,1.50
2012.02.22 15:42:14.040,1.20689,1.20704,1.13,2.93
2012.02.22 15:42:29.140,1.20688,1.20702,3.19,1.58
2012.02.22 15:42:29.369,1.20691,1.20702,1.71,1.50
2012.02.22 15:42:29.588,1.20689,1.20702,1.50,1.58
2012.02.22 15:42:30.678,1.20688,1.20702,2.44,2.25
2012.02.22 15:42:31.193,1.20688,1.20702,2.44,2.33
2012.02.22 15:42:31.826,1.20687,1.207,1.69,1.50
2012.02.22 15:42:32.735,1.20687,1.207,1.69,1.50
2012.02.22 15:42:48.239,1.20687,1.20703,7.65,3.83
2012.02.22 15:42:48.335,1.20687,1.207,6.64,1.50
2012.02.22 15:42:49.049,1.20687,1.20703,8.14,2.33
2012.02.22 15:42:51.846,1.20687,1.20701,4.20,1.50
2012.02.22 15:42:52.681,1.20688,1.20702,2.25,3.38
2012.02.22 15:42:58.556,1.20689,1.20703,2.25,1.13
2012.02.22 15:43:03.026,1.20688,1.20702,4.50,1.50
2012.02.22 15:43:03.986,1.2069,1.20704,2.25,2.33
2012.02.22 15:43:05.642,1.2069,1.20704,1.50,3.83
2012.02.22 15:43:06.151,1.2069,1.20704,1.50,2.33
2012.02.22 15:43:06.715,1.20688,1.20703,1.50,2.33
2012.02.22 15:43:16.627,1.20688,1.20703,1.50,1.50
2012.02.22 15:43:17.151,1.20687,1.20703,3.00,2.25
2012.02.22 15:43:18.060,1.2069,1.20704,2.25,2.25
2012.02.22 15:43:18.547,1.20687,1.20701,3.00,1.50
2012.02.22 15:43:19.112,1.20688,1.20704,2.25,2.25
2012.02.22 15:43:23.757,1.20689,1.20703,2.25,2.25
2012.02.22 15:43:25.719,1.20689,1.20703,1.50,2.25
2012.02.22 15:43:29.132,1.20689,1.20703,1.50,1.50
2012.02.22 15:43:30.844,1.20689,1.20703,1.50,2.25
2012.02.22 15:43:31.695,1.20689,1.20703,2.25,2.25
2012.02.22 15:43:32.252,1.2069,1.20703,2.70,2.25
2012.02.22 15:43:33.893,1.20689,1.20703,3.00,1.50
2012.02.22 15:43:39.656,1.20689,1.20704,2.70,2.25
2012.02.22 15:43:43.258,1.20688,1.20704,4.20,2.25
2012.02.22 15:43:44.404,1.20688,1.20704,4.20,2.25
2012.02.22 15:43:45.115,1.20688,1.20704,4.95,2.25
2012.02.22 15:43:47.043,1.20689,1.20704,1.50,2.25
2012.02.22 15:43:50.397,1.20689,1.20704,1.69,2.25
2012.02.22 15:43:50.814,1.20692,1.20706,1.71,6.53
2012.02.22 15:43:51.911,1.2069,1.20706,1.69,3.75
2012.02.22 15:43:53.503,1.20689,1.20703,3.38,2.25
2012.02.22 15:43:54.748,1.2069,1.20706,1.50,4.02
2012.02.22 15:43:58.908,1.20689,1.20704,1.88,2.25
2012.02.22 15:43:59.433,1.20689,1.20704,1.88,2.25
2012.02.22 15:44:16.683,1.20688,1.20704,1.50,2.25
2012.02.22 15:44:23.531,1.20688,1.20704,1.50,2.25
2012.02.22 15:44:24.042,1.20687,1.20702,2.25,1.50
2012.02.22 15:44:28.486,1.20689,1.20703,1.50,2.25
2012.02.22 15:44:40.799,1.2069,1.20706,1.50,4.35
2012.02.22 15:44:40.876,1.20688,1.20704,1.50,2.25
2012.02.22 15:44:48.934,1.20688,1.20704,1.50,2.25
2012.02.22 15:44:49.646,1.2069,1.20705,1.50,2.25
2012.02.22 15:44:51.395,1.20689,1.20703,1.50,1.50
2012.02.22 15:44:51.742,1.20691,1.20705,1.50,2.25
2012.02.22 15:44:53.725,1.20688,1.20704,3.75,2.25
2012.02.22 15:44:54.809,1.20691,1.20705,1.50,2.25
2012.02.22 15:45:00.085,1.20689,1.20704,2.25,2.25
2012.02.22 15:45:00.646,1.20688,1.20704,3.94,2.25
2012.02.22 15:45:01.316,1.20688,1.20704,4.69,1.50
2012.02.22 15:45:01.846,1.20689,1.20703,1.50,1.50
2012.02.22 15:45:17.282,1.2069,1.20705,1.50,1.50
2012.02.22 15:45:18.818,1.20689,1.20704,1.95,2.25
2012.02.22 15:45:19.323,1.2069,1.20705,1.50,1.50
2012.02.22 15:45:21.755,1.20689,1.20703,3.45,1.50
2012.02.22 15:45:22.316,1.2069,1.20704,1.50,2.25
2012.02.22 15:45:24.973,1.20688,1.20702,1.50,1.50
2012.02.22 15:45:25.811,1.20687,1.20703,3.75,2.25
2012.02.22 15:45:31.041,1.20689,1.20705,1.50,2.25
2012.02.22 15:45:31.555,1.20688,1.20702,1.50,1.50
2012.02.22 15:45:33.083,1.20687,1.20703,4.50,2.25
2012.02.22 15:45:41.696,1.20687,1.20703,4.50,1.50
2012.02.22 15:45:42.488,1.2069,1.20704,1.50,2.25
2012.02.22 15:45:43.140,1.20689,1.20705,1.50,2.25
2012.02.22 15:45:44.744,1.20692,1.20706,1.50,4.77
2012.02.22 15:45:45.616,1.20692,1.20706,1.50,2.52
2012.02.22 15:45:45.687,1.20692,1.20706,1.50,3.27
2012.02.22 15:45:45.834,1.2069,1.20704,1.50,2.25
2012.02.22 15:45:46.184,1.20692,1.20706,1.50,2.25
2012.02.22 15:45:46.746,1.20692,1.20706,1.50,2.25
2012.02.22 15:45:47.544,1.20692,1.20706,1.50,2.25
2012.02.22 15:45:53.333,1.20691,1.20707,1.50,2.48
2012.02.22 15:45:55.700,1.20691,1.20707,1.50,2.48
2012.02.22 15:45:58.223,1.20689,1.20705,1.50,2.63
2012.02.22 15:46:00.708,1.20689,1.20705,3.45,2.63
2012.02.22 15:46:00.857,1.20692,1.20705,1.50,1.13
2012.02.22 15:46:01.068,1.2069,1.20705,1.50,1.13
2012.02.22 15:46:02.149,1.20689,1.20704,1.50,2.25
2012.02.22 15:46:02.737,1.20688,1.20704,1.50,2.25
2012.02.22 15:46:03.686,1.20687,1.20701,2.51,1.50
2012.02.22 15:46:04.215,1.20687,1.207,1.01,1.50
2012.02.22 15:46:04.889,1.20687,1.20701,2.25,1.50
2012.02.22 15:46:10.127,1.20689,1.20703,1.50,2.25
2012.02.22 15:46:10.428,1.20688,1.20701,2.25,1.50
2012.02.22 15:46:10.513,1.20689,1.20703,1.50,2.25
2012.02.22 15:46:12.460,1.20688,1.20702,2.25,1.50
2012.02.22 15:46:14.246,1.20687,1.20702,5.51,1.50
2012.02.22 15:46:16.226,1.20687,1.20702,4.01,2.25
2012.02.22 15:46:16.787,1.20687,1.20701,4.01,1.50
2012.02.22 15:46:16.870,1.20689,1.20703,1.50,2.25
2012.02.22 15:46:17.368,1.20689,1.20694,1.50,1.95
2012.02.22 15:46:17.454,1.20689,1.20697,1.50,1.95
2012.02.22 15:46:18.147,1.20682,1.20696,1.50,2.52
2012.02.22 15:46:18.639,1.20681,1.20695,2.25,1.50
2012.02.22 15:46:21.267,1.20678,1.20694,5.96,1.50
2012.02.22 15:46:22.021,1.20682,1.20695,1.95,1.50
2012.02.22 15:46:22.885,1.20683,1.20697,1.50,1.88
2012.02.22 15:46:24.808,1.20683,1.20697,3.45,1.50
2012.02.22 15:46:25.446,1.20681,1.20696,2.51,1.50
2012.02.22 15:46:26.485,1.2068,1.20696,1.50,1.50
2012.02.22 15:46:27.049,1.20682,1.20696,1.95,1.50
2012.02.22 15:46:27.614,1.2068,1.20696,1.95,1.50
2012.02.22 15:46:28.165,1.2068,1.20696,1.76,1.50
2012.02.22 15:46:28.866,1.2068,1.20696,1.76,1.50
2012.02.22 15:46:29.423,1.2068,1.20696,1.50,1.50
2012.02.22 15:46:30.053,1.2068,1.20696,1.76,1.50
2012.02.22 15:46:30.603,1.2068,1.20696,1.50,1.50
2012.02.22 15:46:31.551,1.2068,1.20696,1.50,2.25
2012.02.22 15:46:32.624,1.2068,1.20693,1.01,1.50
2012.02.22 15:46:33.302,1.20679,1.20693,1.50,1.50
2012.02.22 15:46:45.473,1.20681,1.20695,1.50,2.25
2012.02.22 15:46:47.058,1.20681,1.20695,1.50,2.25
2012.02.22 15:46:47.827,1.20681,1.20695,1.50,2.33
2012.02.22 15:46:49.275,1.20681,1.20695,1.50,1.50
2012.02.22 15:46:51.434,1.20681,1.20694,1.50,1.95
2012.02.22 15:46:52.075,1.20681,1.20695,1.50,1.50
2012.02.22 15:46:52.861,1.20678,1.20694,4.76,1.50
2012.02.22 15:46:54.684,1.2068,1.20696,1.50,2.25
2012.02.22 15:46:55.124,1.20678,1.20694,4.50,1.50
2012.02.22 15:46:56.790,1.20681,1.20695,1.50,2.25
2012.02.22 15:47:00.273,1.20681,1.20695,1.50,4.20
2012.02.22 15:47:00.423,1.20679,1.20694,1.50,2.25
2012.02.22 15:47:01.031,1.20681,1.20695,1.50,2.25
2012.02.22 15:47:01.535,1.20681,1.20695,1.50,1.50
2012.02.22 15:47:08.680,1.20679,1.20693,1.50,1.50
2012.02.22 15:47:09.409,1.2068,1.20695,1.50,2.25
2012.02.22 15:47:10.060,1.2068,1.20695,1.50,2.70
2012.02.22 15:47:10.346,1.20678,1.20694,1.50,1.50
2012.02.22 15:47:10.765,1.20681,1.20695,1.50,4.20
2012.02.22 15:47:13.848,1.20678,1.20694,1.50,1.50
2012.02.22 15:47:15.026,1.2068,1.20695,1.50,2.70
2012.02.22 15:47:19.690,1.20682,1.20697,1.50,1.88
2012.02.22 15:47:23.287,1.20682,1.20695,1.50,1.95
2012.02.22 15:47:23.999,1.20681,1.20694,1.50,1.50
2012.02.22 15:47:24.547,1.2068,1.20694,1.50,1.50
2012.02.22 15:47:28.042,1.20681,1.20694,1.95,2.25
2012.02.22 15:47:28.354,1.20681,1.20697,3.45,3.38
2012.02.22 15:47:31.887,1.20679,1.20695,1.50,1.50
2012.02.22 15:47:39.189,1.20682,1.20696,1.50,2.25
2012.02.22 15:47:39.498,1.2068,1.20694,1.50,1.50
2012.02.22 15:47:42.291,1.20678,1.20693,3.26,1.50
2012.02.22 15:47:42.944,1.20678,1.20693,3.26,1.50
2012.02.22 15:47:43.187,1.20679,1.20695,1.76,1.50
2012.02.22 15:47:43.936,1.20678,1.20692,1.76,1.50
2012.02.22 15:47:44.891,1.20677,1.20691,1.50,1.50
2012.02.22 15:47:47.518,1.20678,1.20694,1.50,1.50
2012.02.22 15:47:48.365,1.20677,1.20691,1.88,1.50
2012.02.22 15:47:51.884,1.20679,1.20692,1.50,1.95
2012.02.22 15:47:52.397,1.20679,1.20693,1.50,1.50
2012.02.22 15:47:54.938,1.20677,1.20691,2.51,1.50
2012.02.22 15:47:55.681,1.20677,1.20691,1.50,1.50
2012.02.22 15:47:56.593,1.20676,1.20689,3.00,1.50
2012.02.22 15:47:57.642,1.20676,1.20689,3.26,1.58
2012.02.22 15:47:58.140,1.20676,1.20689,3.00,1.58
2012.02.22 15:48:00.017,1.20676,1.20689,3.26,1.50
2012.02.22 15:48:10.095,1.20676,1.20692,4.50,1.50
2012.02.22 15:48:11.132,1.20674,1.20686,3.45,2.25
2012.02.22 15:48:13.321,1.20672,1.20686,1.83,1.50
2012.02.22 15:48:14.082,1.20674,1.20686,1.08,1.50
2012.02.22 15:48:14.305,1.20672,1.20686,2.33,1.50
2012.02.22 15:48:15.419,1.20672,1.20686,3.00,1.50
2012.02.22 15:48:15.571,1.20677,1.20688,2.88,1.50
2012.02.22 15:48:16.199,1.20678,1.20691,2.13,2.10
2012.02.22 15:48:16.285,1.20675,1.20691,2.25,4.35
2012.02.22 15:48:23.892,1.20675,1.2069,2.25,1.50
2012.02.22 15:48:23.967,1.20674,1.20688,2.25,1.50
2012.02.22 15:48:25.781,1.20674,1.20688,3.19,1.50
2012.02.22 15:48:25.880,1.20675,1.20691,1.50,1.50
2012.02.22 15:48:27.480,1.20673,1.20689,7.99,1.50
2012.02.22 15:48:27.987,1.20675,1.20689,1.50,1.50
2012.02.22 15:48:28.536,1.20677,1.20691,1.50,3.00
2012.02.22 15:48:29.258,1.20676,1.2069,2.25,1.50
2012.02.22 15:48:33.865,1.20674,1.2069,1.76,2.25
2012.02.22 15:48:34.219,1.20675,1.20686,1.50,1.50
2012.02.22 15:48:34.444,1.20673,1.20686,3.68,1.50
2012.02.22 15:48:37.604,1.20673,1.20686,2.93,1.50
2012.02.22 15:48:39.123,1.20674,1.20684,1.50,1.50
2012.02.22 15:48:43.372,1.20677,1.20684,1.50,1.50
2012.02.22 15:48:44.264,1.20677,1.20686,1.50,1.50
2012.02.22 15:48:44.350,1.20677,1.20688,1.50,1.50
2012.02.22 15:48:44.425,1.20675,1.20688,3.75,1.50
2012.02.22 15:48:44.971,1.20677,1.20691,1.50,3.00
2012.02.22 15:48:45.502,1.20678,1.20691,1.50,1.50
2012.02.22 15:48:46.684,1.20678,1.2069,1.50,1.50
2012.02.22 15:48:47.187,1.20678,1.20691,1.50,1.50
2012.02.22 15:48:49.640,1.20681,1.20691,1.50,1.50
2012.02.22 15:48:49.927,1.20678,1.20693,3.00,1.50
2012.02.22 15:48:51.661,1.20678,1.20693,1.50,1.50
2012.02.22 15:48:52.336,1.20676,1.20692,1.50,4.50
2012.02.22 15:48:52.406,1.20678,1.20692,1.50,5.25
2012.02.22 15:48:52.968,1.20679,1.20693,1.50,1.50
2012.02.22 15:48:53.755,1.20682,1.20693,1.50,1.50
2012.02.22 15:48:54.112,1.20684,1.20693,1.95,1.50
2012.02.22 15:48:54.484,1.20682,1.20693,1.50,1.50
2012.02.22 15:48:55.639,1.20681,1.20693,1.50,1.88
2012.02.22 15:48:56.156,1.2068,1.20693,1.50,2.25
2012.02.22 15:48:56.301,1.2068,1.20694,1.50,1.50
2012.02.22 15:48:57.084,1.20683,1.20694,1.50,1.50
2012.02.22 15:49:01.298,1.20683,1.20694,1.50,1.50
2012.02.22 15:49:02.071,1.20683,1.20692,1.50,1.50
2012.02.22 15:49:02.579,1.2068,1.20692,2.25,1.50
2012.02.22 15:49:03.701,1.20682,1.20694,1.95,1.50
2012.02.22 15:49:04.725,1.20682,1.20695,1.50,1.50
2012.02.22 15:49:08.800,1.20682,1.20694,1.50,1.50
2012.02.22 15:49:08.878,1.2068,1.20693,3.75,1.50
2012.02.22 15:49:15.893,1.20683,1.20693,1.50,1.50
2012.02.22 15:49:17.684,1.20681,1.20693,1.50,1.50
2012.02.22 15:49:18.405,1.20682,1.20695,1.50,2.25
2012.02.22 15:49:20.274,1.20683,1.20695,1.50,2.25
2012.02.22 15:49:22.099,1.20681,1.20695,3.00,3.75
2012.02.22 15:49:29.250,1.20681,1.20695,2.25,3.75
2012.02.22 15:49:30.006,1.20682,1.20695,1.50,2.25
2012.02.22 15:49:30.139,1.20686,1.20699,1.50,3.12
2012.02.22 15:49:34.283,1.20686,1.20699,1.50,2.85
2012.02.22 15:49:34.825,1.20686,1.20701,1.50,2.14
2012.02.22 15:49:35.385,1.20685,1.20699,1.50,1.73
2012.02.22 15:49:35.688,1.20682,1.20698,4.88,3.68
2012.02.22 15:49:39.185,1.2068,1.20694,1.50,1.50
2012.02.22 15:49:39.536,1.20682,1.20695,1.50,2.25
2012.02.22 15:49:41.021,1.2068,1.20694,1.50,1.50
2012.02.22 15:49:41.585,1.20681,1.20695,1.50,2.25
2012.02.22 15:49:42.330,1.20681,1.20697,1.50,6.60
2012.02.22 15:49:42.847,1.20682,1.20696,1.50,1.50
2012.02.22 15:49:51.412,1.20683,1.20698,1.50,2.85
2012.02.22 15:49:52.600,1.20683,1.20699,1.50,1.92
2012.02.22 15:49:54.095,1.20685,1.20699,1.50,1.73
2012.02.22 15:49:54.669,1.20686,1.20699,1.50,1.73
2012.02.22 15:49:55.562,1.20688,1.20704,1.50,2.48
2012.02.22 15:49:55.721,1.20688,1.20704,1.50,1.50
2012.02.22 15:49:58.198,1.20688,1.20704,1.50,2.25
2012.02.22 15:49:59.169,1.20689,1.20703,1.50,4.50
2012.02.22 15:49:59.677,1.2069,1.20705,2.25,1.35
2012.02.22 15:49:59.928,1.20691,1.20706,1.95,3.75
2012.02.22 15:50:00.673,1.20692,1.20706,1.50,2.25
2012.02.22 15:50:01.177,1.20691,1.20705,2.25,1.50
2012.02.22 15:50:01.264,1.20692,1.20707,1.50,3.19
2012.02.22 15:50:02.122,1.20694,1.20707,1.95,3.75
2012.02.22 15:50:02.672,1.20693,1.20707,1.95,1.69
2012.02.22 15:50:03.970,1.20691,1.20705,2.25,1.50
2012.02.22 15:50:06.171,1.20691,1.20705,4.20,1.50
2012.02.22 15:50:06.532,1.20689,1.20703,2.25,1.50
2012.02.22 15:50:09.363,1.2069,1.20705,2.25,1.50
2012.02.22 15:50:09.717,1.20689,1.20703,2.25,1.50
2012.02.22 15:50:09.794,1.20691,1.20705,1.50,3.00
2012.02.22 15:50:10.015,1.20689,1.20703,2.25,1.50
2012.02.22 15:50:10.671,1.20691,1.20705,1.50,1.50
2012.02.22 15:50:11.370,1.20691,1.20706,1.50,1.13
2012.02.22 15:50:11.894,1.20689,1.20705,2.25,1.50
2012.02.22 15:50:11.974,1.20688,1.20703,2.70,1.50
2012.02.22 15:50:12.544,1.20689,1.20705,2.25,2.25
2012.02.22 15:50:13.781,1.20689,1.20705,2.25,1.50
2012.02.22 15:50:18.505,1.20689,1.20705,2.25,1.50
2012.02.22 15:50:19.192,1.20687,1.20703,4.77,1.50
2012.02.22 15:50:21.123,1.20687,1.20703,2.44,1.50
2012.02.22 15:50:22.915,1.2069,1.20704,2.25,1.50
2012.02.22 15:50:24.716,1.20687,1.20703,5.14,1.50
2012.02.22 15:50:28.578,1.20687,1.20703,3.19,3.00
2012.02.22 15:50:34.384,1.20689,1.20703,2.25,1.50
2012.02.22 15:50:36.969,1.20691,1.20703,3.00,1.50
2012.02.22 15:50:37.619,1.20691,1.20703,4.20,1.50
2012.02.22 15:50:37.788,1.20691,1.20703,2.25,1.50
2012.02.22 15:50:40.866,1.20691,1.20704,2.25,1.50
2012.02.22 15:50:42.326,1.20692,1.20706,2.25,1.50
2012.02.22 15:50:46.947,1.20694,1.20709,2.25,2.25
2012.02.22 15:50:47.503,1.20694,1.2071,4.50,3.00
2012.02.22 15:50:49.509,1.20694,1.20709,4.50,1.50
2012.02.22 15:50:50.092,1.20694,1.2071,4.50,2.25
2012.02.22 15:50:51.069,1.20696,1.20712,3.75,2.70
2012.02.22 15:50:51.401,1.20701,1.20712,2.25,2.78
2012.02.22 15:50:51.964,1.20699,1.20712,1.50,1.20
2012.02.22 15:50:52.377,1.20697,1.2071,1.50,2.25
2012.02.22 15:50:54.783,1.20696,1.2071,1.50,2.25
2012.02.22 15:50:55.719,1.20695,1.20709,2.25,1.50
2012.02.22 15:50:56.979,1.20695,1.20711,3.75,2.25
2012.02.22 15:50:58.558,1.20694,1.20708,3.75,1.50
2012.02.22 15:51:00.368,1.20695,1.20711,1.50,3.75
2012.02.22 15:51:00.871,1.20696,1.20709,2.25,1.50
2012.02.22 15:51:00.949,1.20694,1.20709,2.25,1.50
2012.02.22 15:51:01.320,1.20693,1.20705,1.92,1.50
2012.02.22 15:51:02.055,1.20693,1.20708,1.57,1.50
2012.02.22 15:51:02.273,1.20693,1.20706,1.32,1.50
2012.02.22 15:51:02.418,1.20693,1.20708,1.32,1.50
2012.02.22 15:51:02.986,1.2069,1.20706,3.83,1.50
2012.02.22 15:51:03.692,1.2069,1.20706,1.69,1.50
2012.02.22 15:51:04.202,1.20689,1.20704,3.79,1.50
2012.02.22 15:51:04.768,1.20691,1.20705,1.50,1.50
2012.02.22 15:51:05.782,1.20688,1.20704,4.50,1.50
2012.02.22 15:51:06.430,1.20691,1.20705,1.50,1.50
2012.02.22 15:51:08.184,1.20688,1.20701,2.25,1.50
2012.02.22 15:51:08.468,1.20688,1.20704,3.75,2.25
2012.02.22 15:51:09.943,1.20688,1.20702,2.25,1.50
2012.02.22 15:51:13.652,1.20688,1.20701,2.25,1.50
2012.02.22 15:51:14.360,1.2069,1.20701,1.38,1.50
2012.02.22 15:51:14.867,1.20689,1.20702,3.00,1.50
2012.02.22 15:51:15.612,1.20689,1.20702,2.44,1.50
2012.02.22 15:51:18.582,1.20688,1.20702,2.63,1.50
2012.02.22 15:51:19.508,1.20686,1.20701,2.25,1.50
2012.02.22 15:51:20.012,1.20686,1.20699,3.00,1.50
2012.02.22 15:51:20.161,1.20687,1.20701,1.50,3.00
2012.02.22 15:51:21.894,1.20686,1.207,4.95,1.50
2012.02.22 15:51:22.668,1.20687,1.20701,1.50,1.50
2012.02.22 15:51:22.896,1.20686,1.20699,4.95,1.50
2012.02.22 15:51:23.451,1.20687,1.20701,1.50,1.50
2012.02.22 15:51:23.815,1.20686,1.20699,3.00,1.50
2012.02.22 15:51:23.943,1.20686,1.20702,4.50,1.50
2012.02.22 15:51:26.849,1.20689,1.20702,1.50,1.50
2012.02.22 15:51:28.159,1.20688,1.20702,1.50,1.50
2012.02.22 15:51:30.958,1.20688,1.20701,1.50,2.25
2012.02.22 15:51:31.169,1.20687,1.20699,1.95,1.50
2012.02.22 15:51:31.251,1.20687,1.20701,3.45,2.25
2012.02.22 15:51:35.514,1.2069,1.20703,1.50,2.07
2012.02.22 15:51:36.312,1.2069,1.20704,2.25,2.25
2012.02.22 15:51:40.629,1.20688,1.20703,1.50,1.50
2012.02.22 15:51:45.373,1.20686,1.20701,2.25,1.50
2012.02.22 15:51:46.624,1.20689,1.20703,2.25,3.00
2012.02.22 15:51:47.173,1.20689,1.20703,2.25,1.50
2012.02.22 15:51:48.184,1.20692,1.20703,1.50,1.50
2012.02.22 15:51:49.715,1.20692,1.20703,1.50,1.50
2012.02.22 15:51:50.396,1.20693,1.20703,1.50,1.50
2012.02.22 15:51:50.473,1.20693,1.20705,1.50,3.00
2012.02.22 15:52:09.666,1.20693,1.20708,1.50,1.50
2012.02.22 15:52:13.817,1.20693,1.20706,1.50,1.50
2012.02.22 15:52:14.386,1.20691,1.20706,2.29,4.50
2012.02.22 15:52:18.848,1.20693,1.20706,1.50,1.50
2012.02.22 15:52:23.098,1.20695,1.20706,1.95,1.50
2012.02.22 15:52:24.758,1.20697,1.20706,1.95,1.50
2012.02.22 15:52:25.259,1.20697,1.20707,2.21,1.50
2012.02.22 15:52:25.940,1.20698,1.20709,1.71,1.50
2012.02.22 15:52:26.034,1.20697,1.20709,1.95,1.50
2012.02.22 15:52:26.736,1.20696,1.20709,1.95,1.50
2012.02.22 15:52:28.089,1.20698,1.20709,1.95,1.50
2012.02.22 15:52:29.824,1.20698,1.20708,1.95,1.50
2012.02.22 15:52:35.061,1.20698,1.2071,1.95,1.50
2012.02.22 15:52:36.998,1.20698,1.20708,1.95,1.50
2012.02.22 15:52:37.082,1.20696,1.20708,1.95,1.50
2012.02.22 15:52:38.205,1.20695,1.20708,1.95,1.50
2012.02.22 15:52:39.360,1.20698,1.20708,1.95,1.50
2012.02.22 15:52:40.254,1.20698,1.20707,1.95,1.50
2012.02.22 15:52:40.902,1.20698,1.20709,1.95,3.00
2012.02.22 15:52:41.421,1.20698,1.20708,1.95,1.50
2012.02.22 15:52:42.022,1.20697,1.20708,1.95,1.50
2012.02.22 15:52:42.536,1.20695,1.20708,2.70,1.50
2012.02.22 15:52:45.801,1.20696,1.20708,1.95,1.50
2012.02.22 15:52:51.887,1.20695,1.20708,1.95,1.50
2012.02.22 15:52:53.671,1.20696,1.20708,1.95,1.50
2012.02.22 15:52:55.120,1.20694,1.20708,1.95,1.88
2012.02.22 15:52:55.213,1.20694,1.20705,1.95,1.50
2012.02.22 15:52:56.023,1.20694,1.20703,1.95,1.50
2012.02.22 15:52:56.165,1.20694,1.20705,1.95,2.10
2012.02.22 15:52:57.784,1.20691,1.20706,2.70,2.10
2012.02.22 15:52:57.926,1.20691,1.20703,2.70,1.50
2012.02.22 15:52:58.067,1.20691,1.20706,2.70,2.10
2012.02.22 15:52:58.785,1.20691,1.20704,2.70,1.50
2012.02.22 15:52:59.308,1.20691,1.20703,2.70,1.50
2012.02.22 15:52:59.603,1.20691,1.20706,2.70,4.35
2012.02.22 15:53:00.418,1.2069,1.20704,3.64,1.50
2012.02.22 15:53:00.947,1.20691,1.20705,4.39,2.10
2012.02.22 15:53:01.438,1.20691,1.20702,2.70,1.50
2012.02.22 15:53:05.817,1.2069,1.20705,2.70,2.10
2012.02.22 15:53:07.053,1.20692,1.20706,1.50,2.10
2012.02.22 15:53:13.687,1.20693,1.20706,1.50,3.23
2012.02.22 15:53:13.833,1.20694,1.20707,2.25,3.00
2012.02.22 15:53:14.648,1.20694,1.20706,2.70,1.50
2012.02.22 15:53:15.213,1.20693,1.20706,4.95,3.00
2012.02.22 15:53:17.088,1.20693,1.20706,3.45,1.50
2012.02.22 15:53:17.178,1.20696,1.20708,1.95,1.50
2012.02.22 15:53:17.616,1.20692,1.20708,4.95,1.50
2012.02.22 15:53:17.826,1.20692,1.20708,4.95,1.50
2012.02.22 15:53:18.719,1.20694,1.20708,3.00,1.50
2012.02.22 15:53:19.891,1.20694,1.2071,7.20,1.50
2012.02.22 15:53:20.152,1.20694,1.20707,4.95,1.50
2012.02.22 15:53:20.829,1.20694,1.20705,2.70,1.50
2012.02.22 15:53:21.385,1.20691,1.20705,4.39,1.50
2012.02.22 15:53:27.341,1.20692,1.20705,1.95,1.50
2012.02.22 15:53:28.130,1.20691,1.20705,3.45,1.50
2012.02.22 15:53:30.034,1.20692,1.20705,1.95,1.50
2012.02.22 15:53:31.241,1.20693,1.20707,2.25,1.50
2012.02.22 15:53:31.469,1.20691,1.20706,1.50,1.50
2012.02.22 15:53:31.786,1.20689,1.20703,4.20,1.50
2012.02.22 15:53:32.139,1.20689,1.20703,4.95,1.50
2012.02.22 15:53:32.232,1.20691,1.20705,1.50,1.50
2012.02.22 15:53:33.628,1.20689,1.20704,5.70,1.50
2012.02.22 15:53:33.797,1.2069,1.20706,1.50,5.25
2012.02.22 15:53:34.673,1.20689,1.20702,1.95,1.50
2012.02.22 15:53:35.657,1.20688,1.20702,4.20,1.50
2012.02.22 15:53:36.585,1.20688,1.20704,5.70,4.35
2012.02.22 15:53:37.038,1.2069,1.20703,2.70,1.50
2012.02.22 15:53:37.704,1.2069,1.20705,1.95,1.50
2012.02.22 15:53:37.824,1.2069,1.20702,1.95,1.50
2012.02.22 15:53:38.130,1.20687,1.20701,5.70,1.50
2012.02.22 15:53:38.417,1.20688,1.20702,2.25,1.50
2012.02.22 15:53:38.629,1.2069,1.20704,2.25,1.50
2012.02.22 15:53:39.728,1.20687,1.20701,3.00,1.50
2012.02.22 15:53:42.338,1.20688,1.20702,1.50,3.00
2012.02.22 15:53:45.808,1.20688,1.20702,2.36,1.50
2012.02.22 15:53:46.061,1.2069,1.20706,2.25,4.13
2012.02.22 15:53:46.725,1.20689,1.20703,3.00,1.50
2012.02.22 15:53:46.816,1.20689,1.20703,2.25,1.50
2012.02.22 15:53:47.457,1.20691,1.20705,1.50,1.50
2012.02.22 15:53:48.301,1.20691,1.20705,1.50,3.00
2012.02.22 15:53:49.168,1.20692,1.20705,2.25,1.50
2012.02.22 15:53:49.716,1.20692,1.20705,4.95,1.50
2012.02.22 15:53:50.662,1.20689,1.20703,5.44,3.45
2012.02.22 15:53:51.205,1.20689,1.20703,4.50,1.50
2012.02.22 15:53:52.894,1.2069,1.20706,1.50,4.13
2012.02.22 15:53:54.041,1.20689,1.20703,5.25,1.50
2012.02.22 15:53:54.240,1.20692,1.20703,1.95,1.50
2012.02.22 15:53:54.391,1.20692,1.20705,1.95,1.50
2012.02.22 15:53:54.477,1.2069,1.20705,3.75,1.50
2012.02.22 15:53:55.585,1.2069,1.20706,4.50,1.88
2012.02.22 15:53:55.724,1.2069,1.20704,5.14,1.50
2012.02.22 15:53:56.247,1.2069,1.20703,3.19,1.50
2012.02.22 15:53:57.312,1.20689,1.20703,2.25,1.50
2012.02.22 15:53:57.899,1.20687,1.20702,5.25,1.50
2012.02.22 15:53:57.982,1.20687,1.20702,3.75,1.50
2012.02.22 15:53:58.060,1.20689,1.20702,2.25,1.50
2012.02.22 15:54:01.298,1.20689,1.20703,3.75,3.00
2012.02.22 15:54:04.094,1.20689,1.20702,2.25,1.50
2012.02.22 15:54:04.251,1.20685,1.207,3.45,1.50
2012.02.22 15:54:04.471,1.20686,1.207,1.50,1.50
2012.02.22 15:54:04.615,1.20686,1.207,1.50,1.50
2012.02.22 15:54:05.558,1.20685,1.207,2.25,1.50
2012.02.22 15:54:06.215,1.20685,1.207,1.50,2.25
2012.02.22 15:54:06.564,1.20685,1.207,1.50,1.50
2012.02.22 15:54:06.922,1.20691,1.20702,4.38,2.25
2012.02.22 15:54:07.002,1.20691,1.20705,3.75,3.00
2012.02.22 15:54:07.157,1.20691,1.20701,1.50,1.50
2012.02.22 15:54:07.763,1.20687,1.207,1.50,1.50
2012.02.22 15:54:08.777,1.20684,1.207,2.25,2.25
2012.02.22 15:54:09.197,1.20684,1.207,2.25,2.25
2012.02.22 15:54:10.521,1.20687,1.20701,2.25,1.50
2012.02.22 15:54:11.160,1.20687,1.20701,2.25,1.50
2012.02.22 15:54:11.654,1.20689,1.20703,2.25,1.50
2012.02.22 15:54:12.912,1.20688,1.20702,1.50,1.50
2012.02.22 15:54:13.268,1.20689,1.20702,1.50,1.50
2012.02.22 15:54:14.066,1.20689,1.20703,2.25,1.50
2012.02.22 15:54:14.549,1.20687,1.20701,2.44,1.50
2012.02.22 15:54:14.771,1.20689,1.20703,3.75,1.50
2012.02.22 15:54:15.186,1.20691,1.20704,1.13,1.50
2012.02.22 15:54:15.542,1.20694,1.20707,2.25,1.88
2012.02.22 15:54:16.433,1.20691,1.20707,1.76,1.88
2012.02.22 15:54:16.513,1.2069,1.20705,1.01,1.50
2012.02.22 15:54:17.084,1.20689,1.20705,4.50,1.50
2012.02.22 15:54:18.357,1.20692,1.20706,1.88,3.38
2012.02.22 15:54:18.874,1.2069,1.20704,2.25,1.50
2012.02.22 15:54:26.202,1.20688,1.20703,4.69,1.50
2012.02.22 15:54:26.568,1.20689,1.20705,2.25,1.50
2012.02.22 15:54:28.790,1.20689,1.20705,2.25,1.50
2012.02.22 15:54:29.486,1.20692,1.20705,1.95,1.50
2012.02.22 15:54:30.524,1.20689,1.20705,2.25,1.50
2012.02.22 15:54:36.449,1.20688,1.20702,4.69,1.50
2012.02.22 15:54:38.749,1.2069,1.20704,1.50,1.50
2012.02.22 15:54:42.526,1.20688,1.20702,2.25,1.50
2012.02.22 15:54:47.545,1.20686,1.207,3.60,1.50
2012.02.22 15:54:47.897,1.20686,1.20698,2.10,1.50
2012.02.22 15:54:48.399,1.20686,1.207,3.60,1.50
2012.02.22 15:54:50.173,1.20689,1.207,1.95,1.50
2012.02.22 15:54:50.843,1.20686,1.207,4.35,1.50
2012.02.22 15:54:51.715,1.20686,1.207,3.60,1.50
2012.02.22 15:54:52.566,1.20687,1.20703,1.50,1.50
2012.02.22 15:54:54.894,1.20686,1.207,2.25,1.50
2012.02.22 15:54:55.683,1.20685,1.20701,3.00,1.50
2012.02.22 15:54:58.705,1.20686,1.207,2.25,1.50
2012.02.22 15:54:59.490,1.20688,1.20702,1.50,1.88
2012.02.22 15:54:59.712,1.20685,1.20702,2.85,1.88
2012.02.22 15:55:09.442,1.20684,1.20698,1.50,1.50
2012.02.22 15:55:10.237,1.20685,1.20701,1.50,2.63
2012.02.22 15:55:15.170,1.20685,1.207,1.50,1.50
2012.02.22 15:55:15.258,1.20683,1.20699,1.50,1.50
2012.02.22 15:55:16.341,1.20686,1.207,1.50,1.50
2012.02.22 15:55:18.505,1.20686,1.207,1.50,2.25
2012.02.22 15:55:18.653,1.20682,1.20698,7.13,1.88
2012.02.22 15:55:18.798,1.20686,1.207,1.50,3.00
2012.02.22 15:55:18.881,1.20684,1.20698,1.50,1.50
2012.02.22 15:55:20.347,1.20685,1.207,1.50,1.50
2012.02.22 15:55:20.915,1.20683,1.20699,3.75,1.50
2012.02.22 15:55:21.431,1.20686,1.207,1.50,3.00
2012.02.22 15:55:22.309,1.20684,1.20698,1.50,1.50
2012.02.22 15:55:25.002,1.20685,1.20701,1.50,2.25
2012.02.22 15:55:25.081,1.20683,1.20699,6.00,1.50
2012.02.22 15:55:25.919,1.20685,1.20701,1.50,3.75
2012.02.22 15:55:26.635,1.20682,1.20696,2.33,2.10
2012.02.22 15:55:27.284,1.20682,1.20696,1.50,2.10
2012.02.22 15:55:30.971,1.20684,1.20697,1.50,2.85
2012.02.22 15:55:31.209,1.20682,1.20696,3.00,2.10
2012.02.22 15:55:31.720,1.20681,1.20697,3.75,4.73
2012.02.22 15:55:32.665,1.20681,1.20697,3.75,4.73
2012.02.22 15:55:33.326,1.20681,1.20696,3.00,1.35
2012.02.22 15:55:42.998,1.20683,1.20696,1.50,1.35
2012.02.22 15:55:44.226,1.20683,1.20696,1.50,1.54
2012.02.22 15:55:44.778,1.20683,1.20696,1.50,1.35
2012.02.22 15:55:53.056,1.20682,1.20698,6.45,4.35
2012.02.22 15:55:53.286,1.20683,1.20698,2.35,3.60
2012.02.22 15:56:04.996,1.20685,1.20698,1.50,2.10
2012.02.22 15:56:05.343,1.20686,1.20698,1.50,2.10
2012.02.22 15:56:09.256,1.20684,1.20697,1.50,1.50
2012.02.22 15:56:10.422,1.20686,1.20699,2.63,3.00
2012.02.22 15:56:10.601,1.20689,1.20702,1.50,1.50
2012.02.22 15:56:11.259,1.20689,1.20703,2.25,3.00
2012.02.22 15:56:11.903,1.20688,1.20702,3.00,1.50
2012.02.22 15:56:12.904,1.20688,1.20702,2.25,1.50
2012.02.22 15:56:12.979,1.20687,1.207,1.50,1.50
2012.02.22 15:56:14.992,1.20687,1.20698,1.50,1.50
2012.02.22 15:56:15.414,1.20686,1.20698,3.45,1.50
2012.02.22 15:56:16.656,1.20688,1.207,1.50,1.50
2012.02.22 15:56:19.219,1.20688,1.20702,1.50,1.35
2012.02.22 15:56:21.062,1.20687,1.207,1.50,1.50
2012.02.22 15:56:21.423,1.20687,1.20698,1.50,1.50
2012.02.22 15:56:21.837,1.20686,1.207,2.25,2.25
2012.02.22 15:56:23.146,1.20685,1.20699,1.50,1.50
2012.02.22 15:56:23.705,1.20685,1.20701,3.00,3.75
2012.02.22 15:56:24.692,1.20685,1.20698,1.50,1.50
2012.02.22 15:56:25.388,1.20685,1.20701,3.00,2.25
2012.02.22 15:56:28.512,1.20685,1.20698,1.50,1.50
2012.02.22 15:56:29.532,1.20684,1.20698,2.25,4.50
2012.02.22 15:56:30.096,1.20685,1.20698,1.95,4.50
2012.02.22 15:56:31.580,1.20684,1.20698,2.25,4.50
2012.02.22 15:56:32.094,1.20683,1.20697,3.08,1.50
2012.02.22 15:56:32.585,1.20683,1.20697,3.08,2.25
2012.02.22 15:56:33.170,1.20683,1.20695,3.08,1.69
2012.02.22 15:56:33.263,1.20682,1.20696,3.45,1.50
2012.02.22 15:56:34.408,1.20682,1.20693,2.70,1.50
2012.02.22 15:56:34.494,1.20682,1.20695,2.70,1.50
2012.02.22 15:56:35.253,1.20681,1.20695,2.25,1.50
2012.02.22 15:56:35.770,1.20681,1.20694,2.25,1.50
2012.02.22 15:56:52.720,1.20679,1.20694,2.70,3.00
2012.02.22 15:56:52.953,1.20679,1.20694,3.45,1.50
2012.02.22 15:56:55.282,1.20681,1.20695,2.25,3.60
2012.02.22 15:56:55.811,1.2068,1.20694,1.50,3.75
2012.02.22 15:56:58.262,1.20679,1.20691,1.50,1.50
2012.02.22 15:56:59.236,1.20675,1.20691,3.82,2.25
2012.02.22 15:57:00.353,1.20677,1.2069,2.25,2.25
2012.02.22 15:57:00.436,1.20675,1.2069,2.25,3.00
2012.02.22 15:57:01.973,1.20675,1.2069,2.25,3.00
2012.02.22 15:57:02.506,1.20676,1.2069,1.50,1.50
2012.02.22 15:57:09.034,1.20677,1.20689,2.25,1.50
2012.02.22 15:57:09.184,1.20679,1.20689,1.50,1.50
2012.02.22 15:57:09.991,1.20676,1.20691,5.25,2.63
2012.02.22 15:57:10.507,1.20676,1.2069,1.50,1.50
2012.02.22 15:57:11.947,1.20676,1.2069,1.50,1.50
2012.02.22 15:57:12.541,1.20676,1.2069,1.50,1.50
2012.02.22 15:57:13.956,1.20676,1.20689,1.50,1.50
2012.02.22 15:57:14.071,1.20676,1.20689,1.50,1.50
2012.02.22 15:57:16.704,1.20674,1.20689,4.50,1.50
2012.02.22 15:57:17.901,1.20676,1.20689,1.50,1.50
2012.02.22 15:57:19.711,1.20676,1.20689,1.50,1.50
2012.02.22 15:57:19.927,1.20679,1.20689,1.50,1.50
2012.02.22 15:57:20.198,1.20677,1.20689,1.50,1.50
2012.02.22 15:57:22.025,1.20677,1.20687,1.50,1.50
2012.02.22 15:57:22.312,1.20672,1.20683,2.85,1.50
2012.02.22 15:57:24.076,1.20671,1.20683,1.50,1.50
2012.02.22 15:57:25.039,1.20672,1.20682,1.50,1.50
2012.02.22 15:57:25.584,1.20671,1.20682,1.50,1.50
2012.02.22 15:57:30.357,1.20669,1.20683,2.25,3.00
2012.02.22 15:57:31.927,1.20672,1.20683,1.50,1.50
2012.02.22 15:57:33.247,1.20674,1.20685,1.50,2.25
2012.02.22 15:57:33.397,1.20674,1.20688,1.50,3.00
2012.02.22 15:57:33.939,1.20674,1.20685,1.50,1.50
2012.02.22 15:57:34.742,1.20672,1.20685,3.45,1.50
2012.02.22 15:57:35.307,1.20673,1.20685,1.50,1.50
2012.02.22 15:57:38.446,1.20673,1.20685,1.50,1.50
2012.02.22 15:57:39.092,1.20673,1.20685,1.50,1.50
2012.02.22 15:57:40.031,1.20671,1.20685,7.95,1.50
2012.02.22 15:57:40.340,1.20674,1.20686,1.50,1.50
2012.02.22 15:57:43.511,1.20676,1.20686,1.50,1.50
2012.02.22 15:57:45.630,1.20673,1.20685,2.25,1.50
2012.02.22 15:57:46.126,1.20675,1.20685,1.50,1.50
2012.02.22 15:57:46.678,1.20675,1.20685,1.50,1.50
2012.02.22 15:57:46.746,1.20673,1.20685,1.50,1.50
2012.02.22 15:57:48.258,1.20674,1.20686,1.50,1.50
2012.02.22 15:57:48.676,1.20672,1.20685,1.50,1.50
2012.02.22 15:57:49.688,1.20674,1.20686,1.50,1.50
2012.02.22 15:57:50.197,1.20675,1.20686,1.50,1.50
2012.02.22 15:57:54.126,1.20673,1.20685,4.20,1.50
2012.02.22 15:57:54.686,1.20672,1.20686,3.75,1.50
2012.02.22 15:57:55.427,1.20672,1.20686,4.50,1.50
2012.02.22 15:57:55.497,1.20673,1.20688,1.50,2.25
2012.02.22 15:57:58.956,1.20672,1.20686,6.45,1.50
2012.02.22 15:58:00.418,1.20672,1.20686,3.75,1.50
2012.02.22 15:58:04.445,1.20672,1.20686,4.50,1.50
2012.02.22 15:58:05.397,1.20672,1.20686,3.75,1.50
2012.02.22 15:58:08.778,1.20673,1.20686,1.50,1.50
2012.02.22 15:58:12.493,1.20673,1.20685,1.50,1.50
2012.02.22 15:58:13.049,1.20672,1.20685,4.50,1.50
2012.02.22 15:58:14.055,1.20672,1.20685,1.50,1.50
2012.02.22 15:58:14.622,1.20671,1.20683,1.50,1.50
2012.02.22 15:58:15.402,1.20673,1.20683,1.50,1.50
2012.02.22 15:58:16.058,1.20671,1.20683,1.50,1.50
2012.02.22 15:58:16.245,1.20668,1.20683,5.44,1.50
2012.02.22 15:58:16.316,1.20671,1.20683,1.50,1.50
2012.02.22 15:58:21.112,1.20673,1.20683,1.50,1.50
2012.02.22 15:58:28.980,1.20671,1.20683,1.50,1.50
2012.02.22 15:58:37.176,1.20671,1.20685,1.50,3.00
2012.02.22 15:58:37.737,1.20672,1.20687,1.50,1.50
2012.02.22 15:58:40.836,1.20671,1.20685,3.75,2.25
2012.02.22 15:58:41.405,1.20672,1.20686,1.50,1.50
2012.02.22 15:58:41.987,1.20671,1.20685,1.50,2.25
2012.02.22 15:58:43.140,1.20672,1.20685,1.95,3.75
2012.02.22 15:58:46.614,1.20672,1.20686,7.20,1.50
2012.02.22 15:58:48.980,1.20672,1.20687,5.51,2.25
2012.02.22 15:58:52.075,1.20672,1.20685,2.51,2.25
2012.02.22 15:58:52.613,1.20671,1.20682,1.50,1.50
2012.02.22 15:58:52.761,1.20668,1.20682,2.25,1.50
2012.02.22 15:58:53.053,1.20668,1.20682,2.25,1.50
2012.02.22 15:58:53.743,1.20668,1.20683,2.25,1.50
2012.02.22 15:58:55.171,1.20672,1.20683,1.50,1.50
2012.02.22 15:58:55.840,1.20672,1.20686,4.38,1.50
2012.02.22 15:59:01.240,1.2067,1.20682,2.33,1.50
2012.02.22 15:59:03.010,1.2067,1.20683,2.33,3.00
2012.02.22 15:59:03.788,1.20669,1.20683,3.00,1.50
2012.02.22 15:59:04.347,1.2067,1.20683,1.95,1.50
2012.02.22 15:59:05.657,1.2067,1.20682,1.50,1.50
2012.02.22 15:59:06.278,1.20672,1.20685,1.50,1.50
2012.02.22 15:59:08.936,1.20671,1.20685,1.95,3.00
2012.02.22 15:59:09.487,1.20672,1.20686,4.01,2.25
2012.02.22 15:59:10.974,1.20669,1.20684,1.50,1.50
2012.02.22 15:59:11.517,1.20668,1.20682,2.89,3.00
2012.02.22 15:59:12.021,1.20669,1.20682,1.95,3.00
2012.02.22 15:59:13.111,1.20669,1.20683,3.45,3.00
2012.02.22 15:59:13.215,1.20667,1.20682,1.95,2.25
2012.02.22 15:59:13.857,1.20666,1.20682,7.59,2.25
2012.02.22 15:59:14.209,1.20669,1.20682,1.50,1.50
2012.02.22 15:59:14.935,1.20667,1.20681,3.45,2.25
2012.02.22 15:59:15.418,1.20669,1.20683,1.50,3.75
2012.02.22 15:59:15.500,1.20666,1.20682,6.75,2.25
2012.02.22 15:59:16.370,1.20666,1.20682,6.75,2.25
2012.02.22 15:59:17.628,1.20669,1.20682,1.95,1.50
2012.02.22 15:59:19.466,1.20667,1.20682,1.95,1.50
2012.02.22 15:59:19.961,1.20668,1.20682,2.70,1.50
2012.02.22 15:59:20.944,1.20669,1.20685,2.25,2.25
2012.02.22 15:59:22.910,1.2067,1.20682,1.95,1.50
2012.02.22 15:59:23.853,1.20673,1.20682,1.95,1.50
2012.02.22 15:59:25.683,1.20672,1.20684,1.95,1.50
2012.02.22 15:59:25.844,1.20672,1.20682,1.95,1.50
2012.02.22 15:59:26.410,1.20672,1.20685,1.95,2.25
2012.02.22 15:59:28.269,1.20672,1.20685,1.95,3.75
2012.02.22 15:59:29.154,1.20672,1.20683,1.95,1.50
2012.02.22 15:59:29.243,1.20669,1.20683,4.20,1.50
2012.02.22 15:59:29.941,1.20671,1.20683,1.95,1.50
2012.02.22 15:59:30.317,1.2067,1.20681,2.70,1.50
2012.02.22 15:59:31.174,1.20667,1.20681,2.10,1.50
2012.02.22 15:59:31.981,1.20666,1.2068,1.10,1.50
2012.02.22 15:59:33.459,1.20666,1.20682,3.10,2.25
2012.02.22 15:59:34.842,1.20669,1.20683,1.50,3.00
2012.02.22 15:59:35.196,1.20667,1.20681,4.35,1.50
2012.02.22 15:59:35.544,1.2067,1.20681,1.95,1.50
2012.02.22 15:59:36.418,1.20673,1.20681,1.95,1.50
2012.02.22 15:59:36.567,1.20668,1.20681,1.95,1.50
2012.02.22 15:59:36.651,1.20672,1.20681,1.95,1.50
2012.02.22 15:59:37.018,1.20673,1.20684,1.95,2.25
2012.02.22 15:59:37.980,1.20675,1.20683,1.95,1.50
2012.02.22 15:59:38.062,1.20671,1.20685,1.50,2.25
2012.02.22 15:59:38.146,1.20673,1.20685,1.95,2.25
2012.02.22 15:59:38.390,1.20673,1.20688,1.95,3.00
2012.02.22 15:59:38.472,1.20673,1.20688,1.95,2.25
2012.02.22 15:59:38.688,1.20674,1.20688,1.95,2.25
2012.02.22 15:59:39.504,1.20672,1.20688,4.76,2.25
2012.02.22 15:59:39.661,1.20675,1.20688,1.95,2.25
2012.02.22 15:59:40.023,1.20678,1.20688,1.95,2.25
2012.02.22 15:59:40.183,1.20673,1.20688,1.95,2.25
2012.02.22 15:59:41.173,1.20672,1.20688,3.75,2.25
2012.02.22 15:59:41.729,1.20673,1.20688,3.45,2.25
2012.02.22 15:59:42.278,1.20673,1.20688,3.45,2.25
2012.02.22 15:59:46.600,1.20676,1.20689,2.14,2.25
2012.02.22 15:59:47.123,1.20678,1.20689,1.95,1.50
2012.02.22 15:59:47.332,1.20678,1.20692,1.95,3.75
2012.02.22 15:59:48.089,1.20677,1.20692,1.95,2.25
2012.02.22 15:59:48.598,1.20677,1.20692,4.95,2.25
2012.02.22 15:59:49.089,1.20679,1.20692,1.95,2.25
2012.02.22 15:59:49.712,1.20685,1.20693,1.95,2.25
2012.02.22 15:59:49.933,1.20685,1.20695,1.95,1.50
2012.02.22 15:59:50.225,1.20681,1.20695,2.25,2.25
2012.02.22 15:59:50.582,1.20684,1.20694,1.95,2.25
2012.02.22 15:59:51.243,1.20684,1.20694,1.95,2.25
2012.02.22 15:59:52.027,1.20684,1.20696,2.70,3.00
2012.02.22 15:59:52.950,1.20686,1.20697,1.95,2.25
2012.02.22 15:59:53.578,1.20684,1.20697,2.70,2.25
2012.02.22 15:59:54.801,1.20689,1.20697,1.95,2.25
2012.02.22 15:59:54.890,1.20685,1.20697,2.21,2.25
2012.02.22 15:59:55.809,1.20685,1.20697,2.14,2.25
2012.02.22 15:59:56.489,1.20684,1.20697,3.45,1.50
2012.02.22 15:59:56.637,1.20688,1.20697,1.95,1.50
2012.02.22 15:59:57.043,1.2069,1.20697,1.95,1.50
2012.02.22 15:59:57.976,1.2069,1.20699,1.95,2.25
2012.02.22 15:59:58.156,1.20687,1.20699,2.21,2.25
2012.02.22 15:59:58.579,1.20689,1.20699,1.95,2.25
2012.02.22 15:59:59.672,1.20686,1.20699,3.45,1.50
2012.02.22 15:59:59.979,1.20686,1.20697,1.95,1.50
