2014.04.04 07:00:00.414,1.22316,1.22325,1.74,2.25
2014.04.04 07:00:00.709,1.22317,1.22325,1.29,1.00
2014.04.04 07:00:04.999,1.22316,1.22325,2.22,1.00
2014.04.04 07:00:05.353,1.22317,1.22325,1.37,1.00
2014.04.04 07:00:09.460,1.22316,1.22325,1.47,1.00
2014.04.04 07:00:11.075,1.22315,1.22325,3.64,1.25
2014.04.04 07:00:15.692,1.22315,1.22324,3.64,1.00
2014.04.04 07:00:24.518,1.22317,1.22325,1.37,1.00
2014.04.04 07:00:24.824,1.2232,1.22326,2.07,1.13
2014.04.04 07:00:25.399,1.22322,1.22331,1.19,1.53
2014.04.04 07:00:26.677,1.22322,1.22329,1.19,1.00
2014.04.04 07:00:26.830,1.22326,1.22333,1.32,6.45
2014.04.04 07:00:26.982,1.22327,1.22335,1.32,1.73
2014.04.04 07:00:27.185,1.22327,1.22336,1.88,2.08
2014.04.04 07:00:27.286,1.22329,1.22338,1.00,2.03
2014.04.04 07:00:29.820,1.22327,1.22338,1.37,2.14
2014.04.04 07:00:31.901,1.22327,1.22338,1.74,1.77
2014.04.04 07:00:35.056,1.22326,1.22338,2.22,2.14
2014.04.04 07:00:39.266,1.22326,1.22338,1.72,2.14
2014.04.04 07:00:39.368,1.22328,1.22338,1.19,2.22
2014.04.04 07:00:41.872,1.22327,1.22338,1.32,2.22
2014.04.04 07:00:59.346,1.22325,1.22335,1.84,4.88
2014.04.04 07:01:00.413,1.22325,1.22335,2.14,4.39
2014.04.04 07:01:01.818,1.22323,1.22335,1.72,4.39
2014.04.04 07:01:04.996,1.22323,1.22335,1.67,4.84
2014.04.04 07:01:11.990,1.22322,1.22334,1.47,1.84
2014.04.04 07:01:15.971,1.22322,1.22335,2.22,5.97
2014.04.04 07:01:17.538,1.22323,1.22334,1.67,1.47
2014.04.04 07:01:18.982,1.22322,1.22334,2.97,1.74
2014.04.04 07:01:20.450,1.22322,1.22334,1.69,3.64
2014.04.04 07:01:23.601,1.22323,1.22334,1.19,4.02
2014.04.04 07:01:29.377,1.22322,1.22334,1.19,3.64
2014.04.04 07:01:31.686,1.22321,1.22334,1.77,4.39
2014.04.04 07:01:32.216,1.22321,1.22333,1.29,1.72
2014.04.04 07:01:33.874,1.22322,1.22333,1.09,1.67
2014.04.04 07:01:34.416,1.22322,1.22333,1.25,1.72
2014.04.04 07:01:39.182,1.22321,1.22332,1.29,1.74
2014.04.04 07:01:42.211,1.2232,1.2233,1.29,8.82
2014.04.04 07:01:43.726,1.2232,1.22327,1.00,1.20
2014.04.04 07:01:50.072,1.2232,1.22327,1.00,1.39
2014.04.04 07:01:50.751,1.22319,1.22327,1.25,1.39
2014.04.04 07:01:51.924,1.22318,1.22326,1.25,1.63
2014.04.04 07:01:52.819,1.22318,1.22326,1.25,1.63
2014.04.04 07:01:53.390,1.22319,1.22325,1.00,1.38
2014.04.04 07:01:57.605,1.22319,1.22325,1.00,1.13
2014.04.04 07:01:58.277,1.22318,1.22328,1.25,1.84
2014.04.04 07:01:58.796,1.22318,1.22328,1.25,1.84
2014.04.04 07:02:02.166,1.22317,1.22326,1.69,1.48
2014.04.04 07:02:02.590,1.22317,1.22326,1.50,1.95
2014.04.04 07:02:03.142,1.22315,1.22325,1.74,1.88
2014.04.04 07:02:05.591,1.22315,1.22325,4.39,1.88
2014.04.04 07:02:06.444,1.22315,1.22325,3.64,2.82
2014.04.04 07:02:09.597,1.22315,1.22325,2.89,2.07
2014.04.04 07:02:13.667,1.22314,1.22325,4.39,2.07
2014.04.04 07:02:27.737,1.22314,1.22325,2.22,1.25
2014.04.04 07:02:28.944,1.22316,1.22326,1.29,1.02
2014.04.04 07:02:29.345,1.22316,1.22326,1.29,1.02
2014.04.04 07:02:29.708,1.22315,1.22326,1.47,1.02
2014.04.04 07:02:30.096,1.22316,1.22326,1.29,1.02
2014.04.04 07:02:30.634,1.22316,1.22326,1.29,1.02
2014.04.04 07:02:31.139,1.22316,1.22326,1.29,1.02
2014.04.04 07:02:32.571,1.22315,1.22325,1.47,1.50
2014.04.04 07:02:33.432,1.22315,1.22325,1.74,1.88
2014.04.04 07:02:33.785,1.22316,1.22326,1.29,1.77
2014.04.04 07:02:34.338,1.22316,1.22326,1.29,1.77
2014.04.04 07:02:34.979,1.22316,1.22326,1.29,1.77
2014.04.04 07:02:35.894,1.22322,1.2233,1.00,12.27
2014.04.04 07:02:36.400,1.22321,1.22329,1.69,1.47
2014.04.04 07:02:36.977,1.22321,1.22328,1.00,1.39
2014.04.04 07:02:41.032,1.22319,1.22328,1.25,1.39
2014.04.04 07:02:46.074,1.22319,1.22328,1.25,1.67
2014.04.04 07:02:46.377,1.22316,1.22326,1.29,1.02
2014.04.04 07:02:47.248,1.22318,1.22328,1.69,1.84
2014.04.04 07:02:49.404,1.22318,1.22328,1.19,1.84
2014.04.04 07:02:50.189,1.22318,1.22329,1.29,1.47
2014.04.04 07:03:21.941,1.22318,1.22329,1.19,1.09
2014.04.04 07:03:22.606,1.22318,1.22329,1.37,1.29
2014.04.04 07:03:35.168,1.22318,1.22328,1.47,1.19
2014.04.04 07:03:36.601,1.22318,1.22328,1.39,1.27
2014.04.04 07:03:38.311,1.22319,1.2233,1.39,7.74
2014.04.04 07:03:41.261,1.2232,1.2233,1.19,1.74
2014.04.04 07:03:51.206,1.22319,1.2233,1.67,1.37
2014.04.04 07:03:54.514,1.22318,1.2233,1.47,6.24
2014.04.04 07:03:55.373,1.22318,1.22329,1.19,2.59
2014.04.04 07:04:03.141,1.22316,1.22327,2.22,1.77
2014.04.04 07:04:04.694,1.22317,1.22325,1.77,1.00
2014.04.04 07:04:05.450,1.22318,1.22323,1.25,1.00
2014.04.04 07:04:06.899,1.22315,1.22323,1.39,1.25
2014.04.04 07:04:14.260,1.2231,1.22322,3.64,1.32
2014.04.04 07:04:14.793,1.2231,1.22321,3.64,1.00
2014.04.04 07:04:19.337,1.2231,1.2232,3.64,1.00
2014.04.04 07:04:19.387,1.2231,1.22318,3.64,1.00
2014.04.04 07:04:19.489,1.22308,1.22318,1.74,1.63
2014.04.04 07:04:19.994,1.22307,1.22317,1.19,1.28
2014.04.04 07:04:20.526,1.22309,1.22318,1.19,1.53
2014.04.04 07:04:21.038,1.22311,1.22318,1.19,1.53
2014.04.04 07:04:23.467,1.22311,1.22318,1.19,1.55
2014.04.04 07:04:23.973,1.22311,1.22318,1.19,1.38
2014.04.04 07:04:29.459,1.22311,1.22318,1.19,1.38
2014.04.04 07:04:34.520,1.22311,1.22319,1.19,1.00
2014.04.04 07:04:40.126,1.22312,1.22319,1.69,1.00
2014.04.04 07:04:50.316,1.22312,1.22319,1.19,1.00
2014.04.04 07:04:51.362,1.22312,1.2232,1.19,1.00
2014.04.04 07:05:07.845,1.22313,1.2232,1.00,1.48
2014.04.04 07:05:08.368,1.22311,1.22319,1.19,1.38
2014.04.04 07:05:08.419,1.2231,1.22319,1.29,1.63
2014.04.04 07:05:10.148,1.22312,1.22318,1.19,1.88
2014.04.04 07:05:13.349,1.2231,1.22318,1.29,1.88
2014.04.04 07:05:14.244,1.22308,1.22318,2.22,1.88
2014.04.04 07:05:14.749,1.22308,1.22316,1.29,1.13
2014.04.04 07:05:15.647,1.22308,1.22316,1.29,1.38
2014.04.04 07:05:16.288,1.22308,1.22316,1.29,1.13
2014.04.04 07:05:18.731,1.22307,1.22316,1.37,1.13
2014.04.04 07:05:20.069,1.22304,1.22315,2.22,1.13
2014.04.04 07:05:20.272,1.22304,1.22313,2.59,1.00
2014.04.04 07:05:20.424,1.22302,1.22312,3.34,1.00
2014.04.04 07:05:20.576,1.223,1.2231,5.22,1.00
2014.04.04 07:05:26.486,1.22302,1.22309,1.10,1.00
2014.04.04 07:05:28.001,1.22301,1.2231,1.09,1.50
2014.04.04 07:05:31.050,1.22301,1.2231,1.84,1.00
2014.04.04 07:05:32.056,1.22301,1.22312,1.47,1.39
2014.04.04 07:05:32.886,1.22301,1.22312,2.22,1.48
2014.04.04 07:05:33.827,1.22302,1.22312,1.29,1.48
2014.04.04 07:05:38.756,1.22305,1.22313,1.19,1.38
2014.04.04 07:05:45.209,1.22307,1.22313,1.19,1.38
2014.04.04 07:05:55.269,1.22307,1.22313,1.19,1.00
2014.04.04 07:06:06.076,1.22307,1.22313,1.19,1.00
2014.04.04 07:06:08.143,1.22308,1.22313,1.18,1.00
2014.04.04 07:06:08.195,1.22308,1.22321,1.37,3.34
2014.04.04 07:06:09.068,1.22311,1.22321,1.29,2.14
2014.04.04 07:06:09.689,1.22312,1.22321,1.19,1.95
2014.04.04 07:06:09.739,1.22312,1.22321,1.19,1.95
2014.04.04 07:06:10.267,1.22311,1.22321,1.29,1.39
2014.04.04 07:06:13.503,1.22311,1.2232,1.29,1.00
2014.04.04 07:06:14.018,1.22311,1.22321,1.29,1.39
2014.04.04 07:06:14.520,1.2231,1.2232,1.27,1.33
2014.04.04 07:06:14.622,1.22307,1.22319,2.97,1.37
2014.04.04 07:06:18.589,1.22309,1.22319,1.00,1.47
2014.04.04 07:06:23.860,1.22308,1.22319,1.39,3.34
2014.04.04 07:06:30.326,1.22308,1.22317,1.10,1.57
2014.04.04 07:06:31.860,1.22305,1.22314,1.37,1.69
2014.04.04 07:06:34.951,1.22305,1.22314,1.09,1.69
2014.04.04 07:06:35.458,1.22303,1.22314,1.37,1.39
2014.04.04 07:06:38.130,1.22303,1.22314,1.09,2.14
2014.04.04 07:06:38.487,1.22303,1.22314,4.02,1.19
2014.04.04 07:06:38.999,1.22303,1.22315,4.02,1.32
2014.04.04 07:06:39.739,1.22305,1.22316,1.47,4.02
2014.04.04 07:06:53.274,1.22304,1.22313,1.10,2.44
2014.04.04 07:06:59.489,1.22303,1.22313,1.18,2.44
2014.04.04 07:07:01.939,1.22301,1.22313,4.02,1.69
2014.04.04 07:07:09.868,1.22303,1.22313,1.74,1.69
2014.04.04 07:07:10.378,1.22303,1.22313,3.64,1.69
2014.04.04 07:07:11.596,1.22305,1.22317,2.22,1.74
2014.04.04 07:07:11.647,1.22308,1.22318,1.25,1.72
2014.04.04 07:07:19.517,1.22308,1.22319,1.19,3.64
2014.04.04 07:07:25.952,1.2231,1.22319,1.00,3.64
2014.04.04 07:07:29.023,1.2231,1.22319,1.00,1.74
2014.04.04 07:07:30.067,1.2231,1.22319,1.00,1.74
2014.04.04 07:07:31.531,1.2231,1.2232,1.25,5.78
2014.04.04 07:07:50.024,1.22311,1.22319,1.00,1.74
2014.04.04 07:07:53.663,1.22312,1.22319,1.00,1.74
2014.04.04 07:07:54.351,1.22312,1.2232,1.00,5.78
2014.04.04 07:07:54.457,1.22314,1.22321,1.00,4.39
2014.04.04 07:07:54.609,1.22313,1.22321,1.25,1.84
2014.04.04 07:07:55.115,1.22313,1.22321,1.32,1.69
2014.04.04 07:07:55.267,1.22315,1.22322,1.57,1.00
2014.04.04 07:07:55.318,1.22318,1.22325,1.00,4.28
2014.04.04 07:07:55.571,1.22318,1.22328,1.00,2.74
2014.04.04 07:07:56.077,1.22318,1.22327,1.00,2.59
2014.04.04 07:07:56.707,1.22315,1.22325,1.84,4.69
2014.04.04 07:07:56.811,1.22314,1.22325,1.34,6.94
2014.04.04 07:07:57.349,1.22313,1.22324,1.37,1.29
2014.04.04 07:07:57.859,1.22313,1.22325,2.22,6.34
2014.04.04 07:07:58.891,1.22313,1.22324,3.27,1.19
2014.04.04 07:07:59.295,1.22313,1.22324,1.37,1.77
2014.04.04 07:07:59.750,1.22317,1.22324,1.00,2.52
2014.04.04 07:07:59.801,1.22317,1.22324,1.25,1.10
2014.04.04 07:08:00.003,1.22316,1.22321,1.10,1.00
2014.04.04 07:08:00.509,1.22312,1.22321,1.84,1.00
2014.04.04 07:08:00.812,1.22312,1.22324,3.72,1.77
2014.04.04 07:08:00.914,1.22315,1.22326,2.07,1.47
2014.04.04 07:08:04.116,1.22315,1.22325,2.44,2.14
2014.04.04 07:08:04.168,1.22313,1.22325,1.37,7.09
2014.04.04 07:08:04.675,1.22315,1.22325,1.37,2.44
2014.04.04 07:08:05.437,1.22316,1.22325,2.52,2.44
2014.04.04 07:08:05.538,1.22317,1.22326,1.40,1.32
2014.04.04 07:08:07.626,1.22318,1.22328,2.89,1.69
2014.04.04 07:08:07.777,1.22319,1.22329,2.22,1.00
2014.04.04 07:08:08.031,1.22321,1.22331,1.39,1.48
2014.04.04 07:08:08.385,1.22323,1.22333,2.59,1.00
2014.04.04 07:08:08.703,1.22325,1.22334,1.77,1.00
2014.04.04 07:08:08.956,1.22325,1.22333,1.29,1.00
2014.04.04 07:08:09.750,1.22328,1.22335,1.00,1.29
2014.04.04 07:08:10.257,1.22327,1.22335,1.47,1.00
2014.04.04 07:08:10.835,1.22327,1.22334,1.47,1.00
2014.04.04 07:08:11.142,1.22327,1.22336,1.47,1.50
2014.04.04 07:08:11.243,1.22327,1.22334,1.47,1.00
2014.04.04 07:08:11.446,1.22327,1.22336,1.67,1.00
2014.04.04 07:08:12.245,1.22327,1.22335,1.67,1.00
2014.04.04 07:08:12.452,1.22327,1.22337,1.72,1.25
2014.04.04 07:08:12.554,1.22328,1.22337,1.47,1.00
2014.04.04 07:08:13.135,1.22328,1.22338,1.47,2.25
2014.04.04 07:08:13.641,1.2233,1.22338,1.00,1.84
2014.04.04 07:08:13.996,1.2233,1.2234,1.32,3.90
2014.04.04 07:08:14.205,1.22333,1.2234,1.00,3.90
2014.04.04 07:08:14.306,1.22328,1.2234,1.74,4.28
2014.04.04 07:08:14.408,1.22327,1.22338,1.34,2.07
2014.04.04 07:08:14.510,1.22325,1.22335,1.47,3.75
2014.04.04 07:08:14.662,1.22329,1.22338,1.00,4.39
2014.04.04 07:08:15.167,1.22329,1.22336,1.00,1.69
2014.04.04 07:08:15.218,1.22325,1.22336,1.34,1.69
2014.04.04 07:08:15.736,1.22325,1.22335,1.29,3.83
2014.04.04 07:08:16.090,1.22325,1.22335,1.19,4.20
2014.04.04 07:08:16.141,1.22323,1.22335,1.37,4.39
2014.04.04 07:08:20.266,1.22326,1.22335,1.00,5.22
2014.04.04 07:08:21.583,1.22326,1.22336,1.19,4.39
2014.04.04 07:08:22.092,1.22323,1.22335,1.77,1.47
2014.04.04 07:08:23.524,1.22326,1.22336,1.19,4.39
2014.04.04 07:08:24.856,1.22326,1.22335,1.00,4.47
2014.04.04 07:08:25.655,1.22329,1.22335,1.00,3.75
2014.04.04 07:08:25.807,1.2233,1.22336,1.00,1.65
2014.04.04 07:08:25.959,1.22325,1.22338,1.29,6.27
2014.04.04 07:08:26.632,1.22324,1.22336,1.37,1.37
2014.04.04 07:08:28.993,1.22324,1.22335,1.27,4.47
2014.04.04 07:08:29.542,1.22324,1.22335,1.19,7.39
2014.04.04 07:08:30.226,1.22325,1.22335,1.19,2.89
2014.04.04 07:08:36.110,1.22323,1.22335,1.69,3.64
2014.04.04 07:08:37.270,1.22323,1.22334,1.19,1.47
2014.04.04 07:08:38.079,1.22322,1.22333,1.69,3.27
2014.04.04 07:08:45.661,1.22321,1.22332,1.19,1.84
2014.04.04 07:08:45.863,1.22318,1.22328,1.27,1.32
2014.04.04 07:08:46.167,1.2232,1.22329,1.25,2.89
2014.04.04 07:08:48.050,1.22319,1.22329,1.00,3.64
2014.04.04 07:08:52.875,1.2232,1.22329,1.00,3.64
2014.04.04 07:08:54.246,1.22319,1.22329,1.00,3.64
2014.04.04 07:08:54.771,1.22319,1.22329,1.19,2.89
2014.04.04 07:08:59.167,1.22323,1.2233,1.00,4.09
2014.04.04 07:09:00.861,1.22323,1.22327,1.00,1.00
2014.04.04 07:09:01.014,1.22318,1.22325,1.50,2.03
2014.04.04 07:09:01.065,1.22316,1.22324,1.13,1.48
2014.04.04 07:09:01.369,1.22319,1.22327,1.25,2.52
2014.04.04 07:09:05.278,1.22316,1.22327,1.69,2.52
2014.04.04 07:09:06.736,1.22316,1.22327,1.19,3.27
2014.04.04 07:09:07.140,1.22317,1.22325,1.00,6.27
2014.04.04 07:09:08.684,1.22316,1.22325,1.25,6.27
2014.04.04 07:09:08.735,1.22316,1.22326,1.19,1.72
2014.04.04 07:09:09.040,1.22318,1.22327,1.43,3.19
2014.04.04 07:09:09.091,1.22322,1.22328,1.00,1.80
2014.04.04 07:09:09.143,1.2232,1.22328,1.69,4.05
2014.04.04 07:09:09.244,1.22318,1.22327,1.25,3.19
2014.04.04 07:09:14.205,1.22314,1.22327,2.14,3.94
2014.04.04 07:09:14.761,1.22314,1.22327,1.77,3.94
2014.04.04 07:09:15.283,1.22314,1.22326,1.29,1.72
2014.04.04 07:09:23.745,1.22315,1.22324,1.00,1.39
2014.04.04 07:09:24.362,1.22315,1.22323,1.00,1.19
2014.04.04 07:09:26.265,1.22314,1.22323,1.10,1.19
2014.04.04 07:09:27.807,1.22315,1.22324,1.00,1.67
2014.04.04 07:09:29.788,1.22314,1.22324,1.25,1.74
2014.04.04 07:09:30.580,1.22314,1.22326,1.19,5.44
2014.04.04 07:09:46.872,1.22316,1.22325,1.00,1.29
2014.04.04 07:09:47.415,1.22317,1.22327,1.00,1.72
2014.04.04 07:09:48.183,1.22319,1.22327,1.00,1.27
2014.04.04 07:09:48.436,1.22318,1.2233,1.84,1.74
2014.04.04 07:09:48.537,1.22319,1.22332,1.29,3.64
2014.04.04 07:09:49.426,1.22321,1.22332,1.29,1.37
2014.04.04 07:10:08.352,1.22323,1.22332,1.00,1.74
2014.04.04 07:10:08.857,1.22321,1.22333,1.77,2.97
2014.04.04 07:10:14.646,1.22321,1.22333,4.02,1.32
2014.04.04 07:10:17.144,1.22322,1.22333,1.72,1.69
2014.04.04 07:10:17.448,1.22323,1.22335,1.37,1.74
2014.04.04 07:10:18.120,1.22322,1.22334,2.59,1.67
2014.04.04 07:10:19.038,1.22322,1.22329,1.34,1.00
2014.04.04 07:10:19.341,1.22322,1.22331,1.34,1.00
2014.04.04 07:10:19.695,1.22322,1.22329,1.34,1.00
2014.04.04 07:10:19.897,1.22322,1.22331,1.34,1.00
2014.04.04 07:10:20.986,1.22322,1.22329,1.34,1.00
2014.04.04 07:10:21.088,1.22322,1.22331,1.34,1.00
2014.04.04 07:10:30.763,1.22323,1.22331,1.84,1.00
2014.04.04 07:10:33.670,1.22326,1.22331,1.00,1.00
2014.04.04 07:10:33.822,1.22326,1.22333,1.32,1.00
2014.04.04 07:10:36.051,1.22329,1.22333,1.00,1.00
2014.04.04 07:10:36.203,1.22326,1.22333,2.14,1.00
2014.04.04 07:10:46.320,1.22325,1.22333,1.32,1.25
2014.04.04 07:10:54.421,1.22326,1.22333,1.00,1.25
2014.04.04 07:11:13.950,1.22326,1.22333,1.10,1.19
2014.04.04 07:11:20.298,1.22326,1.22333,2.14,1.00
2014.04.04 07:11:27.172,1.22327,1.22333,1.00,1.25
2014.04.04 07:11:29.940,1.22328,1.22333,1.00,1.00
2014.04.04 07:11:34.060,1.22327,1.22337,1.25,1.47
2014.04.04 07:11:36.319,1.22326,1.22336,1.02,1.39
2014.04.04 07:11:40.910,1.22327,1.22336,1.00,1.29
2014.04.04 07:11:41.454,1.22326,1.22336,1.77,1.29
2014.04.04 07:11:43.413,1.22326,1.22337,1.77,1.74
2014.04.04 07:11:49.779,1.22326,1.22337,1.84,1.57
2014.04.04 07:11:50.970,1.22326,1.22337,1.77,1.74
2014.04.04 07:11:51.392,1.22329,1.22337,1.00,1.37
2014.04.04 07:11:51.696,1.22329,1.22333,1.00,1.00
2014.04.04 07:11:52.355,1.22328,1.22333,1.00,1.00
2014.04.04 07:11:53.525,1.22329,1.22333,1.00,1.00
2014.04.04 07:11:53.879,1.22329,1.22337,1.00,1.37
2014.04.04 07:11:54.183,1.22324,1.22335,1.27,4.39
2014.04.04 07:11:54.655,1.22324,1.22331,1.29,1.00
2014.04.04 07:11:55.436,1.22322,1.22331,2.22,1.25
2014.04.04 07:12:00.351,1.22322,1.22333,1.65,1.27
2014.04.04 07:12:00.554,1.22322,1.2233,1.10,1.69
2014.04.04 07:12:00.811,1.22319,1.2233,1.18,1.77
2014.04.04 07:12:01.518,1.22321,1.22331,1.00,1.37
2014.04.04 07:12:02.036,1.22321,1.22332,1.00,1.47
2014.04.04 07:12:04.201,1.2232,1.22331,1.10,1.37
2014.04.04 07:12:06.176,1.22321,1.22331,1.00,1.37
2014.04.04 07:12:06.702,1.2232,1.22331,1.10,1.37
2014.04.04 07:12:11.004,1.2232,1.2233,1.10,1.29
2014.04.04 07:12:15.397,1.22318,1.22331,1.58,3.64
2014.04.04 07:12:16.007,1.22318,1.22329,1.58,1.37
2014.04.04 07:12:19.370,1.22319,1.2233,1.00,2.22
2014.04.04 07:12:21.902,1.22319,1.22329,1.00,1.47
2014.04.04 07:12:34.708,1.22319,1.2233,1.29,2.97
2014.04.04 07:12:39.097,1.22318,1.22329,1.37,1.29
2014.04.04 07:12:42.413,1.22319,1.2233,1.29,6.72
2014.04.04 07:12:43.809,1.22318,1.2233,1.32,5.14
2014.04.04 07:12:56.053,1.22318,1.22329,1.19,1.34
2014.04.04 07:13:02.590,1.22318,1.2233,2.97,6.34
2014.04.04 07:13:06.967,1.22319,1.2233,2.14,1.84
2014.04.04 07:13:10.019,1.22319,1.22329,1.02,1.29
2014.04.04 07:13:12.558,1.2232,1.22329,1.00,1.29
2014.04.04 07:13:20.798,1.22322,1.22329,1.00,1.29
2014.04.04 07:13:21.000,1.22319,1.2233,2.14,4.84
2014.04.04 07:13:22.116,1.2232,1.22329,1.00,1.29
2014.04.04 07:13:22.926,1.2232,1.22331,1.19,1.34
2014.04.04 07:13:23.381,1.22321,1.22332,1.29,1.37
2014.04.04 07:13:23.887,1.22322,1.22332,1.33,1.29
2014.04.04 07:13:24.570,1.22322,1.22333,1.37,3.27
2014.04.04 07:13:26.710,1.22322,1.22333,1.74,3.27
2014.04.04 07:13:28.720,1.22322,1.22333,1.72,3.19
2014.04.04 07:13:29.241,1.22321,1.22332,3.64,1.19
2014.04.04 07:13:30.882,1.22321,1.22332,2.22,1.29
2014.04.04 07:13:33.214,1.22321,1.22331,1.63,1.37
2014.04.04 07:13:41.830,1.2232,1.22332,2.14,1.34
2014.04.04 07:13:42.372,1.2232,1.22332,2.14,1.34
2014.04.04 07:13:43.074,1.2232,1.22332,2.14,1.34
2014.04.04 07:13:43.529,1.2232,1.2233,2.22,1.19
2014.04.04 07:13:44.619,1.22321,1.22331,1.47,1.19
2014.04.04 07:13:44.922,1.22321,1.22331,1.39,1.27
2014.04.04 07:13:45.472,1.22321,1.22331,1.32,3.27
2014.04.04 07:13:53.409,1.22321,1.2233,1.38,1.34
2014.04.04 07:13:53.663,1.2232,1.2233,1.32,1.34
2014.04.04 07:13:53.865,1.22319,1.2233,1.57,1.34
2014.04.04 07:13:54.219,1.22319,1.2233,1.57,1.34
2014.04.04 07:13:54.321,1.22319,1.22329,1.63,1.37
2014.04.04 07:13:55.067,1.22318,1.22329,1.67,1.37
2014.04.04 07:13:55.792,1.22318,1.22327,1.39,1.19
2014.04.04 07:13:55.944,1.22317,1.22329,2.97,1.37
2014.04.04 07:13:56.450,1.22318,1.22329,1.67,1.37
2014.04.04 07:13:58.349,1.22322,1.22329,1.00,1.37
2014.04.04 07:13:58.764,1.2232,1.22329,1.13,1.37
2014.04.04 07:13:59.118,1.22322,1.22329,1.00,1.37
2014.04.04 07:13:59.325,1.2232,1.22329,1.13,1.37
2014.04.04 07:14:01.816,1.22322,1.22329,1.38,1.19
2014.04.04 07:14:03.791,1.22322,1.22329,1.13,1.19
2014.04.04 07:14:04.296,1.22321,1.22329,1.13,1.37
2014.04.04 07:14:05.097,1.22321,1.2233,1.13,1.34
2014.04.04 07:14:07.395,1.2232,1.22329,1.32,1.84
2014.04.04 07:14:08.186,1.22319,1.22329,1.57,1.37
2014.04.04 07:14:08.817,1.22319,1.22331,2.07,3.27
2014.04.04 07:14:16.916,1.22321,1.22331,1.47,1.19
2014.04.04 07:14:17.221,1.22327,1.22332,1.38,1.50
2014.04.04 07:14:17.323,1.22327,1.22333,1.69,1.00
2014.04.04 07:14:17.424,1.2233,1.22337,1.57,4.13
2014.04.04 07:14:17.525,1.22332,1.22337,1.19,4.13
2014.04.04 07:14:17.627,1.22334,1.2234,1.00,1.30
2014.04.04 07:14:17.930,1.22334,1.22342,1.19,1.05
2014.04.04 07:14:17.981,1.22333,1.22343,2.07,2.37
2014.04.04 07:14:18.388,1.22336,1.22344,1.19,1.00
2014.04.04 07:14:18.506,1.22334,1.22344,1.84,1.25
2014.04.04 07:14:19.013,1.22334,1.22344,1.19,1.37
2014.04.04 07:14:21.662,1.22335,1.22344,1.29,1.25
2014.04.04 07:14:21.764,1.22336,1.22344,1.19,1.00
2014.04.04 07:14:22.673,1.22336,1.22345,1.69,1.58
2014.04.04 07:14:28.190,1.22336,1.22345,1.69,1.65
2014.04.04 07:14:28.645,1.22336,1.22343,1.00,1.29
2014.04.04 07:14:29.150,1.22335,1.22345,1.47,2.44
2014.04.04 07:14:31.555,1.22335,1.22345,1.47,2.44
2014.04.04 07:14:37.652,1.22339,1.22345,1.38,1.00
2014.04.04 07:14:37.804,1.22336,1.22345,2.22,1.50
2014.04.04 07:14:38.322,1.22337,1.22345,1.74,1.50
2014.04.04 07:14:38.841,1.22336,1.22345,1.47,1.69
2014.04.04 07:14:41.829,1.22338,1.22345,1.48,1.69
2014.04.04 07:14:42.334,1.2234,1.22345,1.38,1.50
2014.04.04 07:14:44.402,1.22339,1.22345,1.63,1.50
2014.04.04 07:14:44.554,1.2234,1.22347,1.13,1.25
2014.04.04 07:14:46.103,1.22339,1.22346,1.38,1.27
2014.04.04 07:14:46.509,1.22335,1.22341,1.32,1.00
2014.04.04 07:14:46.610,1.22333,1.2234,2.07,1.00
2014.04.04 07:14:46.661,1.22333,1.22338,1.00,1.00
2014.04.04 07:14:46.966,1.22333,1.22338,1.25,1.00
2014.04.04 07:14:47.069,1.22334,1.22338,1.00,1.00
2014.04.04 07:14:47.170,1.22327,1.22334,2.70,1.00
2014.04.04 07:14:47.323,1.22327,1.22332,1.47,1.00
2014.04.04 07:14:47.375,1.22327,1.22334,1.47,1.00
2014.04.04 07:14:47.477,1.22327,1.22334,2.22,1.50
2014.04.04 07:14:47.990,1.22329,1.22333,1.00,1.00
2014.04.04 07:14:49.013,1.22329,1.22334,1.38,1.00
2014.04.04 07:14:49.776,1.22329,1.22334,1.38,1.00
2014.04.04 07:14:52.798,1.22326,1.22332,1.37,1.00
2014.04.04 07:14:54.740,1.22329,1.22333,1.00,1.00
2014.04.04 07:14:54.792,1.22329,1.22338,1.38,3.27
2014.04.04 07:14:58.349,1.22329,1.22338,1.50,3.27
2014.04.04 07:14:58.451,1.22334,1.2234,1.00,1.29
2014.04.04 07:14:59.216,1.22334,1.2234,1.38,1.00
2014.04.04 07:14:59.369,1.22334,1.22342,1.88,1.29
2014.04.04 07:15:01.170,1.22333,1.22342,2.78,1.19
2014.04.04 07:15:01.676,1.22334,1.22343,1.20,1.69
2014.04.04 07:15:20.199,1.22334,1.22345,1.39,4.84
2014.04.04 07:15:20.782,1.22334,1.22345,1.47,4.77
2014.04.04 07:15:22.602,1.22336,1.22345,1.00,4.77
2014.04.04 07:15:30.870,1.22335,1.22343,1.10,1.19
2014.04.04 07:15:31.787,1.22335,1.22344,1.10,1.19
2014.04.04 07:15:41.418,1.22335,1.22345,1.02,4.77
2014.04.04 07:15:48.188,1.22335,1.22345,1.84,1.29
2014.04.04 07:15:48.745,1.22335,1.22345,2.22,1.19
2014.04.04 07:15:58.635,1.22335,1.22345,1.25,4.09
2014.04.04 07:15:59.651,1.22335,1.22345,1.32,4.09
2014.04.04 07:16:01.883,1.22337,1.22347,1.00,3.64
2014.04.04 07:16:02.137,1.22338,1.22348,1.63,1.84
2014.04.04 07:16:02.289,1.22339,1.2235,1.32,5.97
2014.04.04 07:16:02.340,1.22339,1.22349,1.32,2.52
2014.04.04 07:16:04.559,1.22338,1.22349,1.19,2.52
2014.04.04 07:16:15.035,1.22338,1.22349,1.57,2.52
2014.04.04 07:16:16.402,1.22338,1.22349,1.32,2.52
2014.04.04 07:16:19.384,1.22338,1.22349,1.57,2.52
2014.04.04 07:16:19.893,1.22338,1.2235,1.39,5.22
2014.04.04 07:16:28.537,1.2234,1.2235,1.00,5.22
2014.04.04 07:16:29.154,1.2234,1.2235,1.25,5.22
2014.04.04 07:16:39.461,1.22338,1.2235,1.32,8.14
2014.04.04 07:16:41.053,1.22335,1.22347,3.72,1.29
2014.04.04 07:16:41.711,1.22335,1.22347,4.47,1.29
2014.04.04 07:16:49.717,1.22336,1.22348,2.97,1.84
2014.04.04 07:16:51.487,1.22335,1.22347,4.02,1.34
2014.04.04 07:17:01.439,1.22336,1.22347,1.19,1.34
2014.04.04 07:17:08.623,1.22335,1.22345,2.52,1.29
2014.04.04 07:17:09.142,1.22335,1.22345,2.52,1.29
2014.04.04 07:17:10.457,1.22335,1.22346,2.89,1.37
2014.04.04 07:17:15.534,1.22335,1.22346,2.14,1.37
2014.04.04 07:17:25.090,1.22335,1.22347,4.84,1.27
2014.04.04 07:17:25.394,1.22337,1.22348,1.57,2.52
2014.04.04 07:17:25.921,1.22337,1.22349,1.67,1.47
2014.04.04 07:17:45.345,1.22336,1.22348,2.22,1.37
2014.04.04 07:17:46.034,1.22338,1.22348,1.63,1.37
2014.04.04 07:17:47.109,1.22336,1.22348,2.22,1.37
2014.04.04 07:17:48.054,1.22338,1.22348,1.63,1.37
2014.04.04 07:17:48.563,1.22338,1.22348,1.63,1.37
2014.04.04 07:17:49.174,1.22337,1.22348,1.67,1.37
2014.04.04 07:17:49.834,1.22337,1.22347,1.67,1.29
2014.04.04 07:17:53.093,1.22337,1.22349,2.14,2.22
2014.04.04 07:17:53.660,1.22336,1.22349,2.22,1.84
2014.04.04 07:17:54.167,1.22337,1.22349,1.39,1.47
2014.04.04 07:17:57.605,1.22336,1.22347,2.22,1.29
2014.04.04 07:17:57.707,1.22336,1.22346,1.47,1.19
2014.04.04 07:17:59.971,1.22335,1.22345,1.78,1.19
2014.04.04 07:18:01.145,1.22341,1.22345,1.00,1.00
2014.04.04 07:18:01.208,1.2234,1.2235,1.25,4.77
2014.04.04 07:18:04.047,1.2234,1.22347,1.00,1.29
2014.04.04 07:18:04.552,1.22341,1.22348,1.00,1.37
2014.04.04 07:18:10.207,1.22341,1.22349,1.50,1.19
2014.04.04 07:18:12.033,1.2234,1.22348,2.33,1.19
2014.04.04 07:18:12.135,1.22343,1.22348,1.00,1.00
2014.04.04 07:18:12.548,1.2234,1.22348,3.45,1.19
2014.04.04 07:18:17.174,1.22341,1.22348,1.00,1.19
2014.04.04 07:18:19.671,1.22341,1.22349,1.00,1.19
2014.04.04 07:18:22.648,1.22341,1.2235,1.00,1.29
2014.04.04 07:18:23.572,1.2234,1.2235,3.64,1.29
2014.04.04 07:18:32.477,1.2234,1.22349,1.58,1.19
2014.04.04 07:18:41.769,1.2234,1.22348,1.58,1.19
2014.04.04 07:18:55.415,1.2234,1.22349,1.95,1.19
2014.04.04 07:19:00.207,1.2234,1.22349,2.78,1.19
2014.04.04 07:19:00.460,1.22343,1.22349,1.50,1.19
2014.04.04 07:19:02.880,1.2234,1.22349,2.03,1.19
2014.04.04 07:19:02.930,1.2234,1.22349,1.95,1.19
2014.04.04 07:19:03.032,1.22341,1.22348,1.15,1.00
2014.04.04 07:19:03.133,1.2234,1.22348,2.78,1.19
2014.04.04 07:19:03.436,1.22343,1.22348,1.50,1.00
2014.04.04 07:19:06.656,1.22342,1.22348,1.00,1.19
2014.04.04 07:19:06.716,1.22345,1.22352,1.50,1.27
2014.04.04 07:19:11.926,1.22341,1.22352,1.47,1.64
2014.04.04 07:19:11.977,1.22341,1.2235,1.28,1.57
2014.04.04 07:19:17.093,1.22342,1.2235,1.10,1.57
2014.04.04 07:19:21.263,1.2234,1.22349,3.53,1.57
2014.04.04 07:19:31.201,1.2234,1.22348,2.03,2.07
2014.04.04 07:19:37.381,1.2234,1.22348,1.95,2.07
2014.04.04 07:19:37.887,1.22336,1.22346,1.34,1.32
2014.04.04 07:19:44.976,1.22335,1.22346,4.77,1.32
2014.04.04 07:19:55.097,1.22338,1.22346,1.00,1.29
2014.04.04 07:19:55.148,1.2234,1.22346,1.00,1.29
2014.04.04 07:19:55.351,1.22338,1.22347,1.58,1.32
2014.04.04 07:20:06.095,1.22339,1.22347,1.00,2.07
2014.04.04 07:20:07.312,1.22339,1.22347,1.13,1.39
2014.04.04 07:20:07.717,1.22339,1.22348,2.22,1.57
2014.04.04 07:20:08.359,1.2234,1.22348,1.80,1.57
2014.04.04 07:20:09.290,1.22339,1.22348,2.22,1.57
2014.04.04 07:20:27.338,1.22339,1.22348,2.22,1.57
2014.04.04 07:20:33.407,1.22339,1.22348,2.22,1.57
2014.04.04 07:20:36.428,1.22339,1.22348,2.22,1.57
2014.04.04 07:20:45.473,1.22339,1.22348,2.22,1.32
2014.04.04 07:20:45.524,1.22341,1.22349,2.07,1.13
2014.04.04 07:20:48.269,1.22343,1.22352,1.25,2.37
2014.04.04 07:20:49.331,1.22343,1.22348,1.00,1.38
2014.04.04 07:20:51.945,1.22341,1.22348,1.00,1.63
2014.04.04 07:21:00.290,1.2234,1.22348,1.39,1.63
2014.04.04 07:21:10.822,1.2234,1.22348,2.70,1.19
2014.04.04 07:21:11.277,1.22344,1.22349,1.00,1.57
2014.04.04 07:21:12.936,1.22342,1.22349,1.02,1.38
2014.04.04 07:21:39.295,1.22342,1.22349,1.02,1.13
2014.04.04 07:21:45.783,1.22344,1.2235,1.00,1.63
2014.04.04 07:22:04.032,1.22342,1.2235,1.10,1.57
2014.04.04 07:22:19.906,1.22342,1.2235,1.00,1.57
2014.04.04 07:22:21.102,1.22342,1.2235,2.44,1.00
2014.04.04 07:22:21.616,1.22344,1.22352,1.00,1.69
2014.04.04 07:22:22.478,1.22343,1.22352,1.69,1.32
2014.04.04 07:22:22.982,1.22344,1.22352,1.00,1.32
2014.04.04 07:22:28.085,1.22344,1.22352,1.00,1.32
2014.04.04 07:22:30.049,1.22344,1.22352,1.25,1.32
2014.04.04 07:22:33.209,1.22344,1.22352,1.69,1.13
2014.04.04 07:22:36.972,1.22344,1.22353,1.77,1.32
2014.04.04 07:22:37.941,1.22344,1.22353,1.77,1.32
2014.04.04 07:22:44.185,1.22345,1.22353,1.19,1.13
2014.04.04 07:22:45.934,1.22343,1.22353,2.97,2.07
2014.04.04 07:22:47.703,1.22345,1.22353,1.00,2.59
2014.04.04 07:22:48.597,1.22345,1.22351,1.00,1.50
2014.04.04 07:22:48.698,1.22345,1.22349,1.00,1.00
2014.04.04 07:22:52.724,1.22343,1.22349,2.07,1.00
2014.04.04 07:22:53.232,1.22342,1.22351,1.39,1.19
2014.04.04 07:22:58.471,1.22342,1.22351,1.39,1.19
2014.04.04 07:22:58.784,1.22343,1.22351,1.19,1.00
2014.04.04 07:23:02.614,1.22344,1.2235,1.00,3.94
2014.04.04 07:23:02.665,1.22341,1.2235,2.97,3.94
2014.04.04 07:23:03.120,1.22343,1.22351,2.07,1.50
2014.04.04 07:23:09.881,1.22345,1.22352,1.25,2.55
2014.04.04 07:23:12.100,1.22346,1.22351,1.00,1.13
2014.04.04 07:23:13.391,1.22346,1.22352,1.00,2.93
2014.04.04 07:23:15.939,1.22346,1.22352,1.00,2.33
2014.04.04 07:23:23.301,1.22346,1.22352,1.00,2.14
2014.04.04 07:23:24.771,1.22344,1.22352,1.25,2.52
2014.04.04 07:23:29.115,1.22344,1.22352,1.33,2.44
2014.04.04 07:23:38.179,1.22344,1.22351,1.25,1.00
2014.04.04 07:23:39.031,1.22344,1.22352,1.25,1.25
2014.04.04 07:23:39.842,1.22344,1.22352,1.69,1.00
2014.04.04 07:23:45.613,1.22344,1.22354,2.97,2.07
2014.04.04 07:23:48.202,1.22345,1.22354,1.29,2.07
2014.04.04 07:23:51.481,1.22346,1.22354,1.69,1.88
2014.04.04 07:23:51.987,1.22345,1.22352,1.29,1.00
2014.04.04 07:23:57.984,1.22344,1.22352,1.09,1.25
2014.04.04 07:23:58.753,1.22343,1.22352,1.69,1.40
2014.04.04 07:23:59.814,1.22344,1.22352,1.69,1.15
2014.04.04 07:24:01.232,1.22344,1.22355,1.69,6.64
2014.04.04 07:24:03.844,1.22344,1.22355,1.77,4.47
2014.04.04 07:24:09.595,1.22344,1.22355,2.07,2.89
2014.04.04 07:24:10.144,1.22345,1.22355,1.69,2.89
2014.04.04 07:24:17.145,1.22346,1.22355,1.19,6.64
2014.04.04 07:24:19.521,1.22344,1.22353,1.19,1.84
2014.04.04 07:24:26.465,1.22344,1.22351,1.19,1.35
2014.04.04 07:24:27.047,1.22344,1.22351,1.19,1.08
2014.04.04 07:24:27.698,1.22343,1.22351,1.19,1.28
2014.04.04 07:24:31.605,1.22343,1.22352,1.19,1.84
2014.04.04 07:24:33.319,1.22344,1.22352,1.19,1.58
2014.04.04 07:24:33.587,1.22342,1.22352,2.52,1.77
2014.04.04 07:24:34.973,1.22343,1.22352,1.69,1.77
2014.04.04 07:24:36.129,1.22343,1.22352,1.69,1.77
2014.04.04 07:24:39.355,1.22343,1.22351,1.69,1.00
2014.04.04 07:24:40.090,1.22342,1.2235,2.14,3.75
2014.04.04 07:24:43.287,1.22344,1.2235,1.19,3.75
2014.04.04 07:24:43.541,1.22344,1.22352,1.19,1.10
2014.04.04 07:24:45.913,1.22343,1.22352,1.19,1.02
2014.04.04 07:24:47.626,1.22343,1.22351,1.19,3.15
2014.04.04 07:24:49.038,1.2234,1.2235,4.84,4.84
2014.04.04 07:24:50.838,1.2234,1.2235,5.59,4.47
2014.04.04 07:24:51.094,1.22343,1.2235,1.19,3.90
2014.04.04 07:24:51.428,1.22343,1.22352,1.19,1.09
2014.04.04 07:24:57.693,1.22344,1.22353,1.19,2.15
2014.04.04 07:24:58.302,1.22342,1.22352,2.44,1.09
2014.04.04 07:25:09.229,1.22344,1.22352,1.19,1.18
2014.04.04 07:25:17.479,1.22343,1.22354,1.69,4.02
2014.04.04 07:25:20.867,1.22343,1.22354,2.44,3.27
2014.04.04 07:25:22.331,1.22343,1.22354,2.44,1.09
2014.04.04 07:25:25.800,1.22349,1.22354,1.00,1.02
2014.04.04 07:25:26.104,1.2235,1.22355,1.88,1.00
2014.04.04 07:25:26.206,1.2235,1.22361,1.88,1.84
2014.04.04 07:25:28.420,1.2235,1.2236,1.69,3.64
2014.04.04 07:25:29.252,1.22347,1.22359,1.29,1.47
2014.04.04 07:25:30.226,1.22346,1.22357,1.29,1.39
2014.04.04 07:25:30.328,1.22343,1.22354,1.34,1.19
2014.04.04 07:25:30.836,1.22342,1.22354,3.34,1.47
2014.04.04 07:25:31.443,1.22343,1.22355,1.77,1.34
2014.04.04 07:25:34.043,1.22344,1.22356,1.37,2.59
2014.04.04 07:25:40.187,1.22344,1.22352,1.27,1.00
2014.04.04 07:25:40.238,1.22343,1.22352,1.19,1.02
2014.04.04 07:25:40.592,1.22342,1.22351,1.32,1.65
2014.04.04 07:25:41.098,1.22341,1.22351,1.32,1.84
2014.04.04 07:25:43.428,1.22341,1.22351,4.39,1.69
2014.04.04 07:25:54.134,1.22342,1.22351,1.32,1.58
2014.04.04 07:25:56.089,1.22342,1.22354,2.14,1.72
2014.04.04 07:26:06.964,1.22343,1.22355,1.57,3.64
2014.04.04 07:26:07.015,1.22347,1.22355,2.25,3.64
2014.04.04 07:26:07.116,1.22347,1.22356,2.44,1.02
2014.04.04 07:26:07.623,1.22347,1.22359,3.72,1.47
2014.04.04 07:26:13.452,1.22346,1.22358,2.22,1.39
2014.04.04 07:26:17.758,1.22346,1.22357,1.47,1.19
2014.04.04 07:26:17.859,1.22346,1.22358,2.82,1.29
2014.04.04 07:26:18.062,1.22348,1.2236,1.67,1.47
2014.04.04 07:26:26.658,1.22348,1.22357,1.29,1.69
2014.04.04 07:26:27.181,1.22348,1.22357,1.19,1.84
2014.04.04 07:26:32.582,1.22348,1.22359,1.69,2.89
2014.04.04 07:26:41.197,1.22351,1.22359,1.00,2.52
2014.04.04 07:26:41.702,1.2235,1.22359,1.25,3.27
2014.04.04 07:27:01.328,1.22347,1.22357,1.32,2.22
2014.04.04 07:27:02.110,1.22349,1.22357,1.25,1.09
2014.04.04 07:27:03.998,1.22349,1.22358,1.19,1.40
2014.04.04 07:27:06.514,1.22348,1.22359,1.32,4.77
2014.04.04 07:27:08.353,1.22348,1.22358,1.19,1.34
2014.04.04 07:27:10.427,1.22348,1.22359,2.07,1.72
2014.04.04 07:27:11.630,1.22348,1.22359,1.19,1.84
2014.04.04 07:27:19.903,1.22349,1.22358,1.00,1.37
2014.04.04 07:27:21.300,1.22349,1.22357,1.00,1.29
2014.04.04 07:27:23.105,1.22348,1.22359,1.32,1.84
2014.04.04 07:27:23.629,1.22346,1.22356,1.84,1.25
2014.04.04 07:27:24.137,1.22346,1.22356,1.19,1.47
2014.04.04 07:27:26.518,1.22345,1.22356,1.39,1.47
2014.04.04 07:27:27.551,1.22348,1.22357,1.38,2.14
2014.04.04 07:27:27.602,1.2235,1.22357,1.10,1.39
2014.04.04 07:27:30.070,1.2235,1.22359,1.10,3.57
2014.04.04 07:27:35.386,1.22346,1.22357,1.39,2.97
2014.04.04 07:27:41.932,1.22345,1.22356,3.72,1.29
2014.04.04 07:27:45.667,1.22345,1.22354,1.77,2.29
2014.04.04 07:27:45.768,1.22343,1.22351,1.33,3.57
2014.04.04 07:27:46.274,1.22343,1.22349,1.00,1.25
2014.04.04 07:27:50.083,1.22343,1.22349,1.00,1.32
2014.04.04 07:27:50.602,1.22342,1.2235,1.00,1.39
2014.04.04 07:27:51.526,1.22339,1.2235,4.84,1.29
2014.04.04 07:27:55.487,1.22338,1.22345,1.29,1.50
2014.04.04 07:28:02.557,1.22337,1.22345,1.19,1.65
2014.04.04 07:28:06.316,1.22336,1.22345,1.19,1.84
2014.04.04 07:28:09.495,1.22336,1.22345,1.19,2.03
2014.04.04 07:28:10.000,1.22337,1.22345,1.19,1.50
2014.04.04 07:28:15.433,1.22337,1.22345,1.19,1.50
2014.04.04 07:28:23.919,1.22337,1.22345,1.69,1.58
2014.04.04 07:28:27.736,1.22338,1.22345,1.19,1.65
2014.04.04 07:28:33.289,1.22338,1.22345,1.25,1.65
2014.04.04 07:28:35.012,1.22338,1.22345,1.69,1.65
2014.04.04 07:28:39.807,1.22338,1.22345,1.25,1.65
2014.04.04 07:28:43.448,1.22338,1.22345,1.69,1.65
2014.04.04 07:28:44.474,1.22338,1.22345,1.69,1.58
2014.04.04 07:28:44.987,1.22338,1.22345,1.25,1.58
2014.04.04 07:28:49.840,1.22338,1.22345,1.19,1.58
2014.04.04 07:28:51.590,1.2234,1.22348,1.19,2.70
2014.04.04 07:28:51.751,1.22341,1.22348,1.19,1.95
2014.04.04 07:28:55.299,1.22342,1.22348,1.19,1.95
2014.04.04 07:28:58.430,1.22342,1.22348,1.00,1.65
2014.04.04 07:29:05.053,1.22342,1.22348,1.19,1.58
2014.04.04 07:29:07.962,1.22342,1.22348,1.00,1.58
2014.04.04 07:29:09.937,1.22342,1.22348,1.19,1.58
2014.04.04 07:29:13.104,1.22339,1.22348,1.19,4.09
2014.04.04 07:29:13.155,1.22339,1.22347,1.19,2.33
2014.04.04 07:29:17.024,1.22337,1.22347,1.19,2.52
2014.04.04 07:29:21.821,1.22336,1.22347,1.19,2.52
2014.04.04 07:29:24.279,1.22335,1.22346,1.19,1.72
2014.04.04 07:29:24.380,1.22337,1.22346,1.19,1.78
2014.04.04 07:29:26.677,1.22336,1.22346,1.19,1.34
2014.04.04 07:29:34.290,1.22337,1.22347,1.19,2.52
2014.04.04 07:29:39.033,1.22335,1.22347,1.19,3.64
2014.04.04 07:29:42.334,1.22335,1.22345,1.19,2.89
2014.04.04 07:29:42.436,1.22333,1.22345,1.62,3.64
2014.04.04 07:29:42.638,1.22331,1.22343,1.84,2.59
2014.04.04 07:29:42.952,1.2233,1.22341,1.29,1.37
2014.04.04 07:29:45.771,1.2233,1.22339,1.10,1.19
2014.04.04 07:29:49.699,1.22329,1.22339,1.25,1.37
2014.04.04 07:29:55.761,1.22328,1.2234,1.29,1.34
2014.04.04 07:29:59.288,1.22327,1.22339,4.09,1.47
2014.04.04 07:30:00.077,1.22327,1.22339,4.02,3.27
2014.04.04 07:30:01.064,1.22328,1.22338,1.25,1.72
2014.04.04 07:30:01.723,1.22326,1.22337,1.19,2.89
2014.04.04 07:30:04.428,1.22326,1.22337,1.19,2.89
2014.04.04 07:30:04.934,1.22326,1.22335,1.19,2.33
2014.04.04 07:30:04.985,1.22325,1.22335,1.19,2.52
2014.04.04 07:30:15.720,1.22325,1.22335,1.25,3.64
2014.04.04 07:30:16.882,1.22324,1.22335,1.19,2.89
2014.04.04 07:30:21.160,1.22323,1.22335,1.19,3.64
2014.04.04 07:30:23.237,1.22321,1.2233,1.19,2.70
2014.04.04 07:30:23.574,1.22319,1.22327,1.00,1.29
2014.04.04 07:30:23.879,1.22317,1.22327,1.10,1.29
2014.04.04 07:30:24.323,1.22314,1.22324,1.77,2.44
2014.04.04 07:30:26.273,1.22315,1.22324,1.69,2.33
2014.04.04 07:30:26.586,1.22318,1.22324,1.19,2.25
2014.04.04 07:30:26.945,1.22318,1.22326,1.19,2.70
2014.04.04 07:30:29.332,1.22316,1.22325,1.19,2.52
2014.04.04 07:30:29.865,1.22316,1.22324,1.19,2.70
2014.04.04 07:30:30.401,1.22316,1.22324,1.25,2.89
2014.04.04 07:30:38.077,1.22315,1.22326,1.69,2.89
2014.04.04 07:30:48.044,1.22316,1.22326,1.25,1.74
2014.04.04 07:30:48.364,1.22317,1.22328,1.19,2.89
2014.04.04 07:30:49.931,1.22317,1.22328,1.19,3.64
2014.04.04 07:30:54.695,1.22316,1.22327,1.19,1.47
2014.04.04 07:30:56.278,1.22316,1.22327,1.19,1.47
2014.04.04 07:30:57.883,1.22316,1.22327,1.27,1.39
2014.04.04 07:30:58.085,1.22316,1.22328,4.77,2.07
2014.04.04 07:30:59.866,1.22318,1.2233,2.59,2.22
2014.04.04 07:31:06.137,1.22316,1.22328,2.52,1.88
2014.04.04 07:31:21.061,1.22319,1.22332,1.29,2.89
2014.04.04 07:31:21.751,1.22319,1.22332,1.34,1.74
2014.04.04 07:31:22.257,1.22322,1.22333,1.25,2.97
2014.04.04 07:31:24.755,1.22322,1.22333,1.19,2.97
2014.04.04 07:31:25.261,1.22324,1.22333,1.10,2.82
2014.04.04 07:31:25.767,1.22322,1.22333,1.34,2.82
2014.04.04 07:31:26.899,1.22322,1.22331,1.40,1.57
2014.04.04 07:31:27.051,1.22322,1.22331,1.02,1.57
2014.04.04 07:31:27.102,1.22322,1.22331,1.10,1.32
2014.04.04 07:31:35.828,1.22322,1.22332,1.02,2.14
2014.04.04 07:31:36.133,1.22322,1.22333,1.84,2.82
2014.04.04 07:31:36.184,1.22322,1.22333,1.84,2.44
2014.04.04 07:31:36.796,1.22322,1.22333,1.84,2.82
2014.04.04 07:31:37.726,1.22321,1.22331,3.27,1.63
2014.04.04 07:31:37.777,1.22321,1.2233,2.33,1.32
2014.04.04 07:31:38.116,1.2232,1.22332,1.84,1.67
2014.04.04 07:31:38.621,1.22322,1.22332,1.29,1.67
2014.04.04 07:31:39.509,1.22322,1.22332,1.77,1.39
2014.04.04 07:31:40.328,1.22322,1.2233,1.10,1.32
2014.04.04 07:31:40.850,1.22322,1.22331,1.00,1.74
2014.04.04 07:31:42.934,1.22322,1.22333,1.29,3.72
2014.04.04 07:31:43.453,1.22322,1.22333,1.77,2.97
2014.04.04 07:31:44.515,1.22322,1.22333,1.29,3.72
2014.04.04 07:31:45.020,1.22324,1.22333,1.00,3.72
2014.04.04 07:31:46.021,1.22324,1.22333,1.19,2.97
2014.04.04 07:31:48.246,1.22324,1.22333,1.25,2.97
2014.04.04 07:31:51.767,1.22327,1.22333,1.38,1.37
2014.04.04 07:31:51.840,1.22324,1.22333,1.29,1.69
2014.04.04 07:31:52.345,1.22324,1.22333,1.19,2.22
2014.04.04 07:31:52.447,1.22328,1.22333,1.00,1.65
2014.04.04 07:31:52.497,1.22328,1.22335,1.19,1.58
2014.04.04 07:31:52.650,1.22326,1.22337,1.19,2.22
2014.04.04 07:31:53.761,1.22326,1.22337,1.19,2.22
2014.04.04 07:31:54.754,1.22329,1.22338,2.07,2.25
2014.04.04 07:31:54.805,1.22329,1.2234,2.14,1.84
2014.04.04 07:31:55.058,1.22331,1.2234,1.19,2.22
2014.04.04 07:31:55.261,1.22329,1.22337,1.10,1.69
2014.04.04 07:31:55.767,1.22325,1.22335,1.37,1.69
2014.04.04 07:32:00.559,1.22325,1.22334,1.37,1.00
2014.04.04 07:32:01.076,1.22325,1.22335,1.37,2.07
2014.04.04 07:32:01.978,1.2233,1.22335,1.00,1.69
2014.04.04 07:32:02.131,1.2233,1.22337,1.25,2.63
2014.04.04 07:32:02.182,1.22329,1.22337,1.19,2.25
2014.04.04 07:32:02.284,1.22328,1.22337,1.39,1.88
2014.04.04 07:32:02.385,1.22327,1.22335,2.44,1.88
2014.04.04 07:32:02.487,1.22325,1.22334,1.37,1.00
2014.04.04 07:32:03.204,1.22325,1.22335,1.74,1.69
2014.04.04 07:32:03.305,1.22327,1.22335,1.19,1.50
2014.04.04 07:32:04.465,1.22327,1.22337,1.19,2.22
2014.04.04 07:32:04.807,1.22326,1.22334,1.29,1.00
2014.04.04 07:32:04.908,1.22324,1.22333,1.84,1.50
2014.04.04 07:32:08.085,1.22324,1.22333,1.29,1.88
2014.04.04 07:32:10.824,1.22325,1.22335,1.19,4.39
2014.04.04 07:32:11.229,1.22325,1.22335,1.19,2.22
2014.04.04 07:32:12.714,1.22328,1.22337,1.84,2.63
2014.04.04 07:32:13.243,1.22327,1.22337,1.84,2.07
2014.04.04 07:32:15.814,1.22329,1.22337,1.39,1.69
2014.04.04 07:32:16.117,1.2233,1.22339,1.32,1.10
2014.04.04 07:32:16.623,1.22329,1.22339,1.29,1.02
2014.04.04 07:32:17.128,1.2233,1.22339,1.69,1.10
2014.04.04 07:32:19.308,1.2233,1.22339,1.19,1.48
2014.04.04 07:32:19.958,1.22329,1.22339,1.29,1.39
2014.04.04 07:32:22.196,1.22329,1.22339,1.67,1.02
2014.04.04 07:32:22.711,1.2233,1.22339,1.19,1.20
2014.04.04 07:32:23.216,1.22333,1.22339,1.00,1.00
2014.04.04 07:32:23.733,1.22332,1.22339,1.32,1.00
2014.04.04 07:32:30.064,1.22333,1.22339,1.00,1.00
2014.04.04 07:32:30.368,1.22342,1.22346,1.10,1.35
2014.04.04 07:32:30.620,1.22344,1.22352,1.29,1.50
2014.04.04 07:32:30.923,1.22343,1.22352,1.19,1.65
2014.04.04 07:32:31.226,1.22343,1.2235,1.00,2.33
2014.04.04 07:32:31.428,1.22343,1.22352,1.19,1.58
2014.04.04 07:32:34.586,1.22343,1.22352,1.69,1.95
2014.04.04 07:32:35.336,1.22343,1.22352,1.19,2.33
2014.04.04 07:32:35.878,1.22344,1.22352,1.19,1.95
2014.04.04 07:32:39.834,1.22342,1.22352,1.29,2.14
2014.04.04 07:32:42.156,1.22342,1.22352,1.29,2.14
2014.04.04 07:32:43.011,1.22343,1.22352,2.52,2.07
2014.04.04 07:32:43.069,1.22341,1.22352,3.27,2.44
2014.04.04 07:32:46.511,1.22341,1.2235,3.27,1.38
2014.04.04 07:32:46.815,1.22347,1.22352,1.08,1.00
2014.04.04 07:32:46.917,1.22347,1.22355,1.84,1.00
2014.04.04 07:32:47.019,1.22347,1.22357,4.02,2.82
2014.04.04 07:32:47.272,1.22347,1.22356,1.34,1.38
2014.04.04 07:32:49.834,1.22347,1.22352,1.58,1.00
2014.04.04 07:32:49.889,1.22345,1.22352,1.29,1.00
2014.04.04 07:32:50.423,1.22344,1.22352,1.37,1.00
2014.04.04 07:32:51.088,1.22348,1.22352,1.00,1.00
2014.04.04 07:32:51.294,1.22347,1.22357,1.37,3.19
2014.04.04 07:32:51.801,1.22347,1.22357,1.37,2.44
2014.04.04 07:32:52.256,1.22348,1.22357,1.29,3.00
2014.04.04 07:32:52.761,1.22348,1.22356,1.29,1.38
2014.04.04 07:32:54.272,1.22349,1.22357,1.19,2.25
2014.04.04 07:32:54.474,1.22349,1.22358,1.27,1.50
2014.04.04 07:32:55.113,1.22349,1.22358,1.34,1.50
2014.04.04 07:32:55.631,1.22349,1.22356,1.29,1.38
2014.04.04 07:32:55.682,1.22347,1.22356,1.34,1.88
2014.04.04 07:32:57.163,1.22347,1.22355,1.34,1.38
2014.04.04 07:32:57.314,1.22347,1.22352,1.00,1.38
2014.04.04 07:32:57.416,1.22343,1.22351,3.27,1.00
2014.04.04 07:32:58.147,1.22343,1.2235,2.37,3.00
2014.04.04 07:32:58.206,1.22342,1.2235,1.29,3.00
2014.04.04 07:32:59.353,1.22342,1.22348,1.10,1.50
2014.04.04 07:32:59.404,1.22339,1.22348,1.34,1.75
2014.04.04 07:33:00.676,1.22339,1.2235,1.34,3.19
2014.04.04 07:33:01.874,1.22339,1.22347,1.27,1.50
2014.04.04 07:33:02.383,1.22341,1.22348,1.25,1.50
2014.04.04 07:33:02.434,1.22341,1.22348,1.69,1.50
2014.04.04 07:33:09.627,1.22343,1.2235,1.19,1.38
2014.04.04 07:33:09.730,1.2234,1.22348,1.37,1.50
2014.04.04 07:33:10.240,1.2234,1.22348,4.09,1.88
2014.04.04 07:33:11.178,1.2234,1.22348,4.09,1.50
2014.04.04 07:33:11.330,1.22341,1.22348,1.29,1.50
2014.04.04 07:33:19.894,1.22342,1.22348,1.19,1.88
2014.04.04 07:33:22.899,1.22343,1.22351,1.19,1.65
2014.04.04 07:33:23.379,1.22341,1.22348,1.19,1.88
2014.04.04 07:33:23.888,1.22341,1.22347,1.19,1.13
2014.04.04 07:33:27.037,1.22341,1.22348,1.19,2.25
2014.04.04 07:33:35.421,1.2234,1.22348,4.77,1.00
2014.04.04 07:33:35.927,1.2234,1.22348,1.29,2.25
2014.04.04 07:33:36.231,1.2234,1.22348,1.10,3.00
2014.04.04 07:33:36.333,1.22338,1.22348,1.34,3.19
2014.04.04 07:33:36.989,1.22338,1.22347,1.19,1.85
2014.04.04 07:33:37.494,1.22338,1.22347,1.19,2.33
2014.04.04 07:33:38.177,1.22337,1.22347,1.29,1.02
2014.04.04 07:33:40.019,1.22338,1.22348,1.19,2.59
2014.04.04 07:33:41.150,1.22337,1.22347,1.29,1.02
2014.04.04 07:33:45.839,1.22339,1.22348,2.29,2.22
2014.04.04 07:33:45.890,1.22343,1.22348,1.00,1.58
2014.04.04 07:33:45.993,1.22344,1.2235,2.29,1.50
2014.04.04 07:33:46.044,1.22348,1.22354,1.00,2.14
2014.04.04 07:33:46.095,1.22348,1.22357,1.00,5.22
2014.04.04 07:33:46.298,1.2235,1.22356,1.00,1.90
2014.04.04 07:33:50.352,1.2235,1.22356,1.00,1.78
2014.04.04 07:33:50.454,1.22346,1.22352,1.19,1.88
2014.04.04 07:33:50.707,1.22343,1.2235,1.69,2.33
2014.04.04 07:33:51.689,1.22341,1.22348,1.19,1.00
2014.04.04 07:33:51.993,1.22341,1.22348,1.00,2.33
2014.04.04 07:33:52.094,1.22338,1.22345,1.29,1.00
2014.04.04 07:33:52.654,1.22338,1.22348,1.19,2.59
2014.04.04 07:34:02.117,1.22337,1.22347,1.19,1.09
2014.04.04 07:34:06.433,1.22336,1.22346,1.77,1.02
2014.04.04 07:34:13.300,1.22336,1.22345,1.29,1.00
2014.04.04 07:34:13.351,1.22342,1.2235,1.19,2.25
2014.04.04 07:34:13.655,1.22341,1.2235,1.00,3.15
2014.04.04 07:34:13.758,1.22339,1.22348,1.19,2.14
2014.04.04 07:34:14.303,1.22339,1.22348,1.19,2.22
2014.04.04 07:34:14.810,1.22339,1.22348,1.00,2.59
2014.04.04 07:34:20.008,1.22338,1.22347,1.19,1.09
2014.04.04 07:34:30.077,1.22338,1.22345,1.19,1.00
2014.04.04 07:34:30.602,1.22338,1.22347,1.19,1.93
2014.04.04 07:34:34.116,1.22338,1.22345,1.19,1.00
2014.04.04 07:34:34.850,1.22337,1.22345,1.29,1.00
2014.04.04 07:34:36.019,1.2234,1.22347,1.00,1.02
2014.04.04 07:34:37.791,1.22338,1.22348,1.19,2.59
2014.04.04 07:34:38.298,1.22339,1.22348,1.19,3.15
2014.04.04 07:34:39.968,1.22338,1.22347,1.19,1.02
2014.04.04 07:34:42.996,1.22345,1.22351,4.65,1.50
2014.04.04 07:34:43.052,1.22347,1.22357,1.29,1.02
2014.04.04 07:34:44.553,1.22349,1.22359,1.02,1.29
2014.04.04 07:34:44.654,1.22349,1.22357,1.34,1.50
2014.04.04 07:34:45.325,1.22348,1.22357,3.27,1.88
2014.04.04 07:34:45.830,1.22348,1.22357,1.19,2.14
2014.04.04 07:34:52.727,1.22347,1.22357,1.29,2.14
2014.04.04 07:34:54.272,1.22347,1.22357,1.34,2.07
2014.04.04 07:34:58.362,1.22348,1.22357,1.19,1.95
2014.04.04 07:34:59.033,1.22346,1.22352,1.00,2.25
2014.04.04 07:34:59.438,1.22346,1.22355,1.19,3.08
2014.04.04 07:35:06.872,1.22344,1.22355,1.37,3.27
2014.04.04 07:35:09.262,1.22345,1.22355,1.29,3.27
2014.04.04 07:35:09.491,1.22348,1.22355,1.25,2.52
2014.04.04 07:35:09.592,1.22349,1.22355,1.19,2.33
2014.04.04 07:35:09.946,1.22348,1.22355,1.00,3.00
2014.04.04 07:35:12.802,1.22346,1.22355,1.37,3.00
2014.04.04 07:35:21.996,1.22345,1.22355,1.34,3.19
2014.04.04 07:35:22.658,1.22345,1.22355,1.29,3.27
2014.04.04 07:35:26.496,1.22349,1.22357,1.19,1.58
2014.04.04 07:35:27.206,1.22349,1.22357,1.19,2.33
2014.04.04 07:35:27.510,1.22346,1.22355,1.37,2.25
2014.04.04 07:35:34.104,1.22345,1.22355,1.29,2.52
2014.04.04 07:35:46.996,1.22344,1.22354,1.19,1.09
2014.04.04 07:35:48.981,1.22343,1.22354,1.29,1.09
2014.04.04 07:35:49.296,1.22343,1.22354,1.29,1.09
2014.04.04 07:35:49.401,1.22343,1.22354,1.29,1.09
2014.04.04 07:35:51.211,1.22343,1.22355,1.29,5.97
2014.04.04 07:35:51.262,1.22345,1.22355,1.19,1.78
2014.04.04 07:35:51.363,1.22347,1.22356,1.77,1.13
2014.04.04 07:35:51.666,1.22347,1.22356,1.69,1.55
2014.04.04 07:35:51.869,1.22344,1.22355,1.37,1.02
2014.04.04 07:35:52.021,1.22344,1.22355,1.37,1.02
2014.04.04 07:35:52.526,1.22347,1.22356,1.00,2.22
2014.04.04 07:35:52.577,1.22347,1.22356,1.77,1.20
2014.04.04 07:35:54.698,1.22347,1.22355,1.19,1.58
2014.04.04 07:35:54.758,1.22345,1.22355,1.29,1.77
2014.04.04 07:36:02.282,1.22344,1.22355,1.34,1.77
2014.04.04 07:36:03.304,1.22344,1.22355,1.37,1.77
2014.04.04 07:36:05.042,1.22344,1.22355,1.37,1.29
2014.04.04 07:36:05.144,1.22348,1.22355,1.10,1.19
2014.04.04 07:36:05.447,1.22348,1.22356,1.77,1.00
2014.04.04 07:36:06.283,1.22348,1.22356,1.29,1.75
2014.04.04 07:36:06.536,1.22346,1.22356,1.34,2.00
2014.04.04 07:36:09.890,1.22344,1.22356,1.34,2.52
2014.04.04 07:36:18.232,1.22345,1.22356,1.37,2.04
2014.04.04 07:36:22.543,1.22344,1.22356,1.34,2.52
2014.04.04 07:36:24.949,1.22344,1.22356,1.34,2.52
2014.04.04 07:36:26.222,1.22344,1.22355,1.34,1.69
2014.04.04 07:36:27.107,1.22344,1.22355,1.34,1.69
2014.04.04 07:36:32.113,1.22344,1.22355,1.37,1.77
2014.04.04 07:36:33.942,1.22344,1.22355,1.37,1.77
2014.04.04 07:36:42.554,1.22345,1.22355,1.29,1.77
2014.04.04 07:36:43.524,1.22345,1.22355,1.29,1.77
2014.04.04 07:36:44.029,1.22346,1.22356,1.19,1.84
2014.04.04 07:36:45.827,1.22346,1.22356,1.37,2.00
2014.04.04 07:36:46.342,1.22344,1.22355,1.37,1.02
2014.04.04 07:36:48.290,1.22344,1.22355,1.37,1.02
2014.04.04 07:36:51.943,1.22348,1.22356,1.84,1.00
2014.04.04 07:36:52.516,1.22348,1.22355,1.37,1.00
2014.04.04 07:36:53.982,1.22348,1.22355,1.00,1.50
2014.04.04 07:36:54.303,1.22347,1.22355,1.19,2.25
2014.04.04 07:36:55.953,1.22346,1.22355,1.29,2.25
2014.04.04 07:36:56.458,1.22346,1.22355,1.29,2.25
2014.04.04 07:36:56.981,1.22345,1.22355,1.37,2.44
2014.04.04 07:36:57.487,1.22346,1.22355,1.77,1.38
2014.04.04 07:36:58.240,1.22345,1.22355,1.69,1.47
2014.04.04 07:36:58.979,1.22345,1.22355,1.69,2.59
2014.04.04 07:37:00.059,1.22346,1.22355,1.19,2.40
2014.04.04 07:37:01.089,1.22346,1.22355,1.19,2.40
2014.04.04 07:37:04.818,1.22346,1.22355,2.44,1.58
2014.04.04 07:37:05.359,1.22347,1.22357,1.19,1.09
2014.04.04 07:37:05.965,1.22346,1.22355,1.34,1.25
2014.04.04 07:37:06.021,1.22345,1.22357,4.77,1.94
2014.04.04 07:37:06.784,1.22345,1.22355,1.37,1.69
2014.04.04 07:37:10.357,1.22346,1.22355,1.77,1.38
2014.04.04 07:37:11.348,1.22346,1.22357,1.77,1.09
2014.04.04 07:37:11.399,1.22351,1.22358,1.00,4.09
2014.04.04 07:37:11.720,1.22352,1.22361,1.29,1.63
2014.04.04 07:37:13.481,1.22352,1.22362,1.77,1.02
2014.04.04 07:37:15.340,1.22352,1.22362,1.77,1.02
2014.04.04 07:37:16.077,1.22352,1.22362,1.29,1.02
2014.04.04 07:37:16.601,1.22352,1.22362,1.29,1.02
2014.04.04 07:37:17.175,1.22352,1.22362,1.19,1.09
2014.04.04 07:37:23.211,1.22351,1.22361,1.19,1.09
2014.04.04 07:37:24.971,1.22351,1.22361,1.19,1.09
2014.04.04 07:37:34.826,1.22349,1.2236,1.37,1.77
2014.04.04 07:37:34.877,1.22349,1.2236,1.29,1.77
2014.04.04 07:37:40.056,1.22349,1.22359,1.19,1.84
2014.04.04 07:37:41.072,1.22349,1.2236,1.19,1.84
2014.04.04 07:37:47.457,1.2235,1.22361,1.29,1.84
2014.04.04 07:37:47.626,1.22348,1.22361,2.40,1.84
2014.04.04 07:37:48.226,1.22348,1.22361,1.65,1.84
2014.04.04 07:37:48.732,1.22351,1.22361,1.00,2.59
2014.04.04 07:37:50.268,1.2235,1.22361,1.10,1.09
2014.04.04 07:38:11.756,1.22348,1.22361,2.59,1.09
2014.04.04 07:38:12.261,1.22349,1.22361,1.37,1.09
2014.04.04 07:38:15.099,1.22349,1.2236,1.37,1.77
2014.04.04 07:38:15.618,1.2235,1.2236,1.29,1.77
2014.04.04 07:38:17.428,1.22351,1.22361,1.69,1.09
2014.04.04 07:38:19.365,1.22349,1.22361,1.84,1.84
2014.04.04 07:38:28.841,1.22349,1.22361,5.14,1.77
2014.04.04 07:38:30.494,1.22351,1.22363,2.59,2.97
2014.04.04 07:38:31.005,1.22354,1.22363,1.00,1.74
2014.04.04 07:38:31.208,1.22355,1.22364,1.19,1.39
2014.04.04 07:38:31.720,1.22355,1.22365,1.19,4.09
2014.04.04 07:38:32.200,1.22355,1.22365,1.19,4.09
2014.04.04 07:38:32.864,1.22354,1.22365,2.14,4.09
2014.04.04 07:38:34.568,1.22355,1.22367,1.69,4.39
2014.04.04 07:38:34.922,1.22355,1.22367,7.47,1.37
2014.04.04 07:38:35.125,1.22358,1.2237,2.89,1.34
2014.04.04 07:38:39.546,1.22358,1.2237,2.14,1.34
2014.04.04 07:38:39.647,1.2236,1.22371,2.07,4.77
2014.04.04 07:38:39.900,1.22363,1.22374,1.32,1.27
2014.04.04 07:38:41.255,1.22363,1.22375,2.82,4.32
2014.04.04 07:38:41.357,1.22363,1.22374,1.47,1.69
2014.04.04 07:38:41.407,1.22363,1.22372,1.28,1.19
2014.04.04 07:38:41.913,1.22363,1.22372,1.13,1.19
2014.04.04 07:38:42.472,1.22368,1.22372,1.00,1.00
2014.04.04 07:38:42.523,1.22368,1.22374,1.13,1.25
2014.04.04 07:38:43.029,1.22365,1.22375,1.29,1.23
2014.04.04 07:38:43.181,1.22362,1.22374,2.22,1.19
2014.04.04 07:38:43.485,1.22366,1.22373,1.00,1.19
2014.04.04 07:38:43.800,1.22362,1.22373,2.14,2.07
2014.04.04 07:38:44.053,1.22359,1.22371,5.14,1.19
2014.04.04 07:38:44.688,1.22359,1.22371,2.97,1.19
2014.04.04 07:38:46.283,1.22362,1.22371,2.10,1.19
2014.04.04 07:38:46.334,1.22367,1.22373,1.00,3.38
2014.04.04 07:38:46.435,1.22365,1.22372,1.00,1.32
2014.04.04 07:38:46.587,1.2236,1.22373,1.84,1.32
2014.04.04 07:38:47.094,1.22365,1.22374,1.00,1.57
2014.04.04 07:38:47.600,1.22362,1.22373,1.39,1.32
2014.04.04 07:38:48.256,1.22362,1.22374,1.10,3.04
2014.04.04 07:38:48.358,1.22358,1.22369,1.84,1.57
2014.04.04 07:38:48.459,1.22357,1.22367,1.69,1.38
2014.04.04 07:38:48.662,1.2235,1.22361,3.72,1.57
2014.04.04 07:38:48.763,1.22349,1.22359,2.29,1.19
2014.04.04 07:38:49.485,1.22347,1.22359,2.97,2.07
2014.04.04 07:38:53.924,1.22349,1.22359,1.19,1.47
2014.04.04 07:38:57.658,1.2235,1.22362,2.22,1.39
2014.04.04 07:39:00.221,1.2235,1.22362,1.72,1.39
2014.04.04 07:39:00.475,1.22353,1.22364,1.32,1.47
2014.04.04 07:39:00.981,1.22353,1.22364,1.37,1.67
2014.04.04 07:39:01.506,1.22353,1.22364,1.19,1.72
2014.04.04 07:39:02.033,1.22353,1.22364,1.37,1.67
2014.04.04 07:39:05.243,1.22358,1.22367,1.00,1.67
2014.04.04 07:39:07.807,1.22358,1.22368,1.19,1.84
2014.04.04 07:39:18.196,1.22358,1.22368,1.74,1.57
2014.04.04 07:39:19.005,1.22357,1.22366,2.14,1.63
2014.04.04 07:39:23.451,1.22357,1.22366,2.14,1.32
2014.04.04 07:39:29.803,1.22356,1.22365,1.74,1.50
2014.04.04 07:39:30.107,1.22353,1.22363,1.19,1.84
2014.04.04 07:39:30.412,1.22353,1.2236,1.19,1.38
2014.04.04 07:39:30.745,1.22351,1.2236,1.74,1.38
2014.04.04 07:39:40.181,1.2235,1.22361,1.72,2.07
2014.04.04 07:39:42.477,1.22351,1.22361,1.74,2.07
2014.04.04 07:40:00.335,1.22352,1.22361,1.67,2.07
2014.04.04 07:40:01.130,1.22352,1.22363,1.39,3.34
2014.04.04 07:40:10.196,1.22352,1.22361,2.14,1.38
2014.04.04 07:40:10.701,1.22352,1.22361,1.67,1.63
2014.04.04 07:40:13.416,1.22352,1.22361,1.39,1.63
2014.04.04 07:40:26.527,1.22354,1.22362,1.00,1.67
2014.04.04 07:40:31.475,1.22352,1.22363,2.89,1.74
2014.04.04 07:40:39.807,1.22352,1.22361,2.14,1.88
2014.04.04 07:40:41.244,1.22352,1.22361,2.22,1.50
2014.04.04 07:40:41.784,1.22354,1.22363,1.02,1.57
2014.04.04 07:40:42.495,1.22354,1.22363,1.77,1.13
2014.04.04 07:40:48.660,1.22353,1.22363,1.47,1.32
2014.04.04 07:40:50.038,1.22352,1.22363,1.47,1.69
2014.04.04 07:40:52.182,1.22351,1.22362,4.39,1.19
2014.04.04 07:40:55.334,1.22351,1.22362,2.22,1.39
2014.04.04 07:40:57.125,1.22351,1.2236,1.37,1.13
2014.04.04 07:40:57.378,1.22349,1.22359,1.47,1.69
2014.04.04 07:40:57.884,1.22348,1.2236,1.72,2.14
2014.04.04 07:40:59.664,1.22348,1.2236,1.72,2.14
2014.04.04 07:41:00.018,1.2235,1.2236,1.67,1.39
2014.04.04 07:41:00.528,1.22349,1.2236,1.74,1.39
2014.04.04 07:41:05.340,1.22352,1.22361,1.67,1.25
2014.04.04 07:41:10.087,1.22352,1.22363,2.14,2.97
2014.04.04 07:41:10.597,1.22352,1.22363,2.22,2.82
2014.04.04 07:41:14.685,1.22354,1.22363,1.39,1.57
2014.04.04 07:41:23.150,1.22354,1.22363,1.39,1.57
2014.04.04 07:41:23.541,1.22356,1.22363,1.29,1.38
2014.04.04 07:41:28.228,1.22355,1.22363,1.37,1.38
2014.04.04 07:41:52.605,1.22355,1.22363,1.48,1.38
2014.04.04 07:41:52.909,1.22355,1.22365,1.67,3.27
2014.04.04 07:41:54.736,1.22353,1.22365,1.67,4.09
2014.04.04 07:41:57.100,1.22352,1.22361,1.00,2.14
2014.04.04 07:41:57.353,1.2235,1.22358,1.57,1.88
2014.04.04 07:41:57.454,1.2235,1.22358,1.57,1.50
2014.04.04 07:41:58.039,1.22348,1.22358,2.22,1.69
2014.04.04 07:42:10.135,1.22348,1.22358,1.74,1.69
2014.04.04 07:42:10.642,1.22348,1.22356,1.57,1.00
2014.04.04 07:42:19.257,1.2235,1.22356,1.57,1.00
2014.04.04 07:42:20.295,1.22348,1.22356,1.57,1.00
2014.04.04 07:42:22.534,1.22348,1.22357,1.00,1.48
2014.04.04 07:42:36.356,1.22348,1.22359,2.07,1.09
2014.04.04 07:42:38.340,1.22349,1.2236,1.57,3.64
2014.04.04 07:42:38.492,1.22351,1.2236,1.48,1.57
2014.04.04 07:42:38.543,1.22353,1.22361,1.38,2.14
2014.04.04 07:42:38.645,1.22353,1.22361,1.10,2.07
2014.04.04 07:42:38.797,1.22354,1.22361,1.25,1.32
2014.04.04 07:42:39.302,1.22355,1.22362,1.58,1.57
2014.04.04 07:42:52.406,1.22357,1.22362,1.00,1.38
2014.04.04 07:43:03.014,1.22358,1.22362,1.00,1.00
2014.04.04 07:43:03.418,1.22358,1.22365,1.00,1.67
2014.04.04 07:43:04.018,1.22357,1.22365,1.00,1.39
2014.04.04 07:43:06.576,1.22358,1.22365,1.00,1.63
2014.04.04 07:43:07.082,1.22358,1.22366,1.69,1.10
2014.04.04 07:43:07.183,1.22358,1.22366,1.10,2.82
2014.04.04 07:43:07.690,1.22359,1.22365,1.00,1.38
2014.04.04 07:43:08.195,1.22357,1.22365,1.18,1.38
2014.04.04 07:43:08.913,1.22357,1.22365,1.18,1.32
2014.04.04 07:43:08.964,1.2236,1.22366,1.50,1.57
2014.04.04 07:43:09.470,1.22359,1.22368,1.00,1.72
2014.04.04 07:43:11.753,1.22357,1.22367,1.00,2.22
2014.04.04 07:43:12.096,1.2236,1.22368,1.00,1.72
2014.04.04 07:43:12.248,1.2236,1.22368,1.50,1.29
2014.04.04 07:43:12.300,1.2236,1.2237,1.77,1.74
2014.04.04 07:43:12.769,1.22364,1.22372,1.00,2.14
2014.04.04 07:43:13.754,1.22362,1.2237,1.02,1.25
2014.04.04 07:43:14.304,1.22362,1.2237,1.19,1.02
2014.04.04 07:43:14.482,1.2236,1.2237,1.29,1.39
2014.04.04 07:43:15.545,1.2236,1.2237,1.02,1.39
2014.04.04 07:43:17.316,1.2236,1.2237,1.39,1.32
2014.04.04 07:43:17.771,1.2236,1.2237,1.02,1.39
2014.04.04 07:43:19.537,1.22359,1.2237,1.84,1.29
2014.04.04 07:43:22.297,1.22362,1.2237,1.00,1.29
2014.04.04 07:43:22.348,1.22362,1.22372,1.25,1.34
2014.04.04 07:43:22.550,1.22365,1.22374,1.00,1.84
2014.04.04 07:43:22.652,1.22365,1.22376,1.29,1.37
2014.04.04 07:43:26.542,1.22365,1.22376,1.67,1.37
2014.04.04 07:43:27.376,1.22367,1.22376,2.70,1.00
2014.04.04 07:43:27.580,1.22373,1.2238,1.13,1.32
2014.04.04 07:43:28.087,1.22372,1.22382,1.32,1.47
2014.04.04 07:43:28.364,1.22371,1.22381,1.63,1.27
2014.04.04 07:43:28.869,1.22371,1.2238,1.25,4.09
2014.04.04 07:43:30.254,1.22371,1.22378,1.25,1.00
2014.04.04 07:43:30.508,1.22365,1.22375,1.37,2.82
2014.04.04 07:43:33.969,1.22365,1.22375,1.29,3.27
2014.04.04 07:43:34.172,1.22365,1.22375,1.19,3.34
2014.04.04 07:43:35.633,1.22365,1.22375,1.19,3.34
2014.04.04 07:43:41.332,1.22365,1.22375,1.19,3.34
2014.04.04 07:43:41.394,1.22366,1.22375,1.19,3.15
2014.04.04 07:43:42.307,1.22364,1.22375,1.29,3.34
2014.04.04 07:43:42.818,1.22366,1.22375,1.19,2.22
2014.04.04 07:43:52.126,1.22365,1.22369,1.50,1.00
2014.04.04 07:43:52.228,1.22362,1.22369,1.29,1.00
2014.04.04 07:43:54.463,1.2236,1.22372,1.65,7.77
2014.04.04 07:43:54.518,1.2236,1.22372,1.58,7.84
2014.04.04 07:43:55.511,1.22362,1.22371,1.19,1.09
2014.04.04 07:43:57.213,1.2236,1.22371,1.58,1.09
2014.04.04 07:43:58.694,1.22361,1.22372,1.00,6.72
2014.04.04 07:43:58.745,1.22362,1.22372,1.19,5.97
2014.04.04 07:43:59.250,1.22362,1.22373,1.39,1.37
2014.04.04 07:44:00.339,1.22364,1.22373,1.19,1.09
2014.04.04 07:44:02.716,1.22364,1.22373,1.19,4.02
2014.04.04 07:44:03.222,1.22364,1.22372,1.19,2.33
2014.04.04 07:44:04.145,1.22364,1.22373,1.19,1.40
2014.04.04 07:44:04.651,1.22364,1.22372,1.19,1.53
2014.04.04 07:44:04.955,1.22361,1.22369,1.57,1.20
2014.04.04 07:44:05.463,1.2236,1.22369,1.19,1.20
2014.04.04 07:44:07.946,1.22361,1.22372,1.19,3.27
2014.04.04 07:44:08.048,1.22361,1.22367,1.32,1.00
2014.04.04 07:44:08.149,1.2236,1.22367,1.88,1.10
2014.04.04 07:44:08.200,1.22358,1.22367,3.00,1.18
2014.04.04 07:44:08.250,1.22361,1.22367,1.19,1.08
2014.04.04 07:44:08.402,1.22361,1.2237,1.19,4.09
2014.04.04 07:44:09.859,1.22361,1.22371,1.19,2.89
2014.04.04 07:44:14.402,1.22361,1.22372,1.32,4.62
2014.04.04 07:44:15.099,1.22361,1.22372,1.32,2.44
2014.04.04 07:44:19.508,1.2236,1.22372,1.67,2.44
2014.04.04 07:44:19.609,1.22359,1.22371,2.97,1.47
2014.04.04 07:44:20.600,1.2236,1.22372,1.39,2.44
2014.04.04 07:44:28.828,1.22361,1.22372,1.32,1.69
2014.04.04 07:44:33.114,1.22363,1.22372,1.19,1.24
2014.04.04 07:44:33.942,1.22363,1.22372,1.19,1.24
2014.04.04 07:44:34.296,1.22363,1.22373,1.19,1.84
2014.04.04 07:44:34.801,1.22363,1.22373,1.19,1.09
2014.04.04 07:44:35.411,1.22363,1.22372,1.19,1.70
2014.04.04 07:44:35.462,1.22362,1.22371,1.19,1.13
2014.04.04 07:44:38.182,1.22362,1.22372,1.29,3.12
2014.04.04 07:44:39.944,1.22362,1.22372,1.67,2.74
2014.04.04 07:44:40.453,1.2236,1.22372,2.22,4.24
2014.04.04 07:44:43.591,1.2236,1.22372,1.72,2.37
2014.04.04 07:44:45.434,1.22364,1.22373,1.19,1.65
2014.04.04 07:44:45.939,1.22364,1.22373,1.29,1.00
2014.04.04 07:44:48.338,1.22365,1.22373,1.19,1.00
2014.04.04 07:44:51.461,1.22362,1.22373,1.34,1.19
2014.04.04 07:44:53.471,1.22361,1.22372,2.22,1.24
2014.04.04 07:44:54.113,1.22361,1.22372,1.74,1.24
2014.04.04 07:44:55.898,1.22362,1.22372,1.67,1.24
2014.04.04 07:44:59.124,1.22362,1.22372,1.67,1.15
2014.04.04 07:45:01.092,1.22362,1.22372,1.67,1.15
2014.04.04 07:45:01.851,1.22362,1.22371,1.67,1.00
2014.04.04 07:45:04.243,1.22366,1.22371,1.00,1.00
2014.04.04 07:45:04.306,1.22366,1.22375,1.25,1.84
2014.04.04 07:45:05.676,1.22366,1.22377,1.69,2.74
2014.04.04 07:45:06.194,1.22366,1.22378,1.77,2.29
2014.04.04 07:45:06.749,1.22366,1.22378,1.29,1.84
2014.04.04 07:45:09.103,1.22368,1.22379,1.19,2.52
2014.04.04 07:45:09.356,1.22368,1.2238,1.74,4.84
2014.04.04 07:45:10.284,1.22368,1.2238,1.74,4.84
2014.04.04 07:45:10.335,1.2237,1.2238,1.32,4.09
2014.04.04 07:45:10.978,1.22368,1.2238,2.59,4.84
2014.04.04 07:45:11.035,1.22368,1.22379,1.84,1.29
2014.04.04 07:45:13.058,1.22368,1.22379,1.69,1.47
2014.04.04 07:45:22.990,1.22368,1.22376,1.84,1.00
2014.04.04 07:45:23.293,1.22368,1.22377,5.14,1.00
2014.04.04 07:45:23.445,1.22368,1.22377,2.22,1.25
2014.04.04 07:45:34.794,1.22367,1.22375,2.89,1.00
2014.04.04 07:45:34.846,1.22365,1.22375,2.59,1.19
2014.04.04 07:45:39.628,1.22366,1.22375,1.37,1.00
2014.04.04 07:45:47.184,1.22365,1.22375,3.27,1.02
2014.04.04 07:46:13.352,1.22366,1.22378,1.77,1.47
2014.04.04 07:46:26.078,1.22365,1.22377,3.34,1.37
2014.04.04 07:46:36.108,1.22366,1.22378,2.22,1.47
2014.04.04 07:46:45.536,1.22367,1.22379,1.29,1.47
2014.04.04 07:46:45.689,1.22367,1.22375,1.29,3.75
2014.04.04 07:46:45.740,1.22365,1.22375,2.59,4.39
2014.04.04 07:46:45.841,1.22364,1.22374,1.84,1.19
2014.04.04 07:46:46.094,1.22364,1.22374,1.25,1.47
2014.04.04 07:46:46.719,1.22365,1.22374,2.25,1.27
2014.04.04 07:46:47.226,1.22366,1.22374,2.33,1.13
2014.04.04 07:46:54.166,1.22365,1.22374,2.33,1.32
2014.04.04 07:46:54.685,1.22364,1.22374,3.27,1.19
2014.04.04 07:46:55.967,1.22364,1.22374,1.40,1.19
2014.04.04 07:46:56.545,1.22364,1.22374,1.09,1.19
2014.04.04 07:47:05.230,1.22363,1.22375,1.34,5.14
2014.04.04 07:47:08.205,1.22363,1.22375,1.72,4.77
2014.04.04 07:47:10.565,1.22364,1.22375,3.64,4.69
2014.04.04 07:47:11.443,1.22363,1.22375,1.72,4.77
2014.04.04 07:47:12.005,1.22362,1.22374,4.39,1.19
2014.04.04 07:47:14.996,1.22362,1.22374,2.22,1.37
2014.04.04 07:47:22.946,1.22363,1.22375,3.27,5.52
2014.04.04 07:47:30.105,1.22364,1.22375,1.37,4.32
2014.04.04 07:47:44.724,1.22363,1.22375,3.72,5.14
2014.04.04 07:47:46.138,1.22364,1.22376,1.84,1.74
2014.04.04 07:47:56.146,1.22366,1.22377,1.29,1.74
2014.04.04 07:48:15.595,1.22365,1.22375,1.29,4.39
2014.04.04 07:48:19.588,1.22364,1.22375,1.37,4.39
2014.04.04 07:48:25.298,1.22363,1.22375,3.72,5.14
2014.04.04 07:48:51.772,1.22363,1.22375,2.52,4.84
2014.04.04 07:48:56.898,1.22363,1.22373,1.84,1.19
2014.04.04 07:48:58.194,1.22363,1.22373,1.77,1.27
2014.04.04 07:49:01.687,1.22363,1.22373,1.84,1.19
2014.04.04 07:49:03.930,1.22363,1.22372,1.65,1.19
2014.04.04 07:49:05.654,1.22363,1.22374,1.84,1.39
2014.04.04 07:49:07.853,1.22363,1.22375,2.59,6.27
2014.04.04 07:49:13.605,1.22363,1.22373,1.77,1.27
2014.04.04 07:49:13.909,1.22363,1.22372,1.50,1.29
2014.04.04 07:49:14.722,1.22363,1.22375,2.59,3.64
2014.04.04 07:49:16.037,1.22363,1.22373,2.22,1.19
2014.04.04 07:49:17.467,1.22363,1.22375,3.34,1.77
2014.04.04 07:49:20.147,1.22364,1.22375,1.29,1.77
2014.04.04 07:49:27.611,1.22364,1.22375,1.29,1.77
2014.04.04 07:49:28.382,1.22367,1.22375,1.00,1.39
2014.04.04 07:49:28.584,1.22367,1.22375,1.25,1.15
2014.04.04 07:49:30.250,1.22367,1.22376,1.00,1.97
2014.04.04 07:49:30.756,1.22364,1.22376,1.84,1.94
2014.04.04 07:49:35.773,1.22365,1.22373,1.00,1.75
2014.04.04 07:49:35.925,1.22361,1.22368,1.10,1.32
2014.04.04 07:49:36.282,1.22358,1.22364,1.08,1.00
2014.04.04 07:49:36.335,1.22355,1.22364,1.88,1.29
2014.04.04 07:49:36.844,1.22353,1.22362,2.40,1.19
2014.04.04 07:49:37.199,1.22355,1.22363,1.88,1.19
2014.04.04 07:49:38.259,1.22355,1.22363,1.50,1.32
2014.04.04 07:49:38.411,1.22351,1.2236,2.25,2.14
2014.04.04 07:49:38.512,1.2235,1.22357,1.50,1.34
2014.04.04 07:49:38.614,1.22346,1.22355,1.38,1.29
2014.04.04 07:49:39.018,1.22345,1.22352,1.58,1.19
2014.04.04 07:49:39.069,1.22345,1.22352,1.58,1.19
2014.04.04 07:49:39.271,1.22345,1.22352,1.95,1.00
2014.04.04 07:49:39.777,1.22346,1.22353,1.38,1.19
2014.04.04 07:49:39.828,1.22346,1.22355,1.38,1.29
2014.04.04 07:49:40.358,1.22345,1.22355,1.77,2.14
2014.04.04 07:49:40.408,1.22345,1.22353,1.58,1.19
2014.04.04 07:49:40.713,1.22339,1.22345,1.00,1.50
2014.04.04 07:49:40.763,1.22335,1.22344,1.84,1.69
2014.04.04 07:49:40.814,1.22335,1.22344,1.77,3.94
2014.04.04 07:49:41.226,1.22334,1.22344,3.27,1.19
2014.04.04 07:49:41.764,1.22334,1.22346,4.02,1.19
2014.04.04 07:49:42.855,1.22334,1.22346,1.34,1.27
2014.04.04 07:49:44.798,1.22335,1.22347,1.29,2.22
2014.04.04 07:49:45.382,1.22333,1.22345,3.72,1.29
2014.04.04 07:49:45.787,1.22332,1.22342,2.52,2.82
2014.04.04 07:49:45.890,1.2233,1.2234,1.77,1.67
2014.04.04 07:49:45.992,1.22328,1.22338,1.77,1.39
2014.04.04 07:49:46.345,1.2233,1.22338,1.00,1.67
2014.04.04 07:49:46.648,1.2233,1.22342,3.34,4.39
2014.04.04 07:49:46.699,1.2233,1.22339,1.58,1.19
2014.04.04 07:49:46.750,1.2233,1.22339,1.58,1.19
2014.04.04 07:49:46.902,1.22333,1.22339,1.50,1.57
2014.04.04 07:49:47.003,1.22333,1.22342,2.44,1.72
2014.04.04 07:49:47.256,1.22336,1.22343,1.00,1.27
2014.04.04 07:49:50.447,1.22335,1.22343,1.00,1.19
2014.04.04 07:49:51.281,1.22335,1.22346,1.19,2.22
2014.04.04 07:49:52.553,1.22335,1.22345,1.25,4.47
2014.04.04 07:49:55.800,1.22331,1.22343,3.27,1.19
2014.04.04 07:49:55.902,1.2233,1.22342,1.34,1.29
2014.04.04 07:50:05.503,1.22333,1.22344,1.25,1.47
2014.04.04 07:50:08.003,1.22335,1.22344,1.00,1.47
2014.04.04 07:50:08.206,1.22335,1.22345,1.25,6.72
2014.04.04 07:50:26.279,1.22336,1.22345,1.00,2.59
2014.04.04 07:50:26.814,1.22333,1.22345,1.84,2.97
2014.04.04 07:50:30.279,1.22333,1.22345,1.84,2.89
2014.04.04 07:50:34.568,1.22334,1.22345,1.84,2.14
2014.04.04 07:50:36.457,1.22337,1.22345,1.00,2.14
2014.04.04 07:50:36.609,1.2234,1.22348,1.00,1.84
2014.04.04 07:50:36.761,1.22338,1.22348,1.74,1.69
2014.04.04 07:50:40.433,1.22337,1.22348,1.47,1.69
2014.04.04 07:50:42.019,1.22338,1.22348,1.37,1.69
2014.04.04 07:50:49.453,1.22337,1.22348,1.34,1.69
2014.04.04 07:50:51.839,1.22337,1.22349,1.72,1.29
2014.04.04 07:50:52.345,1.22338,1.2235,1.74,1.37
2014.04.04 07:50:58.505,1.22339,1.22349,1.72,1.19
2014.04.04 07:50:59.666,1.2234,1.22349,1.74,1.00
2014.04.04 07:51:00.172,1.2234,1.22352,1.74,2.22
2014.04.04 07:51:01.546,1.2234,1.22351,3.64,1.19
2014.04.04 07:51:07.201,1.2234,1.22352,3.64,2.29
2014.04.04 07:51:07.707,1.2234,1.22352,3.64,2.29
2014.04.04 07:51:14.617,1.22341,1.22352,1.72,1.54
2014.04.04 07:51:15.734,1.2234,1.22351,2.89,1.19
2014.04.04 07:51:18.730,1.2234,1.2235,2.89,1.19
2014.04.04 07:51:25.626,1.2234,1.2235,1.84,1.19
2014.04.04 07:51:25.930,1.22345,1.22353,1.88,1.19
2014.04.04 07:51:26.233,1.22345,1.22356,2.97,1.29
2014.04.04 07:51:26.385,1.2235,1.22356,1.13,1.29
2014.04.04 07:51:26.538,1.2235,1.22359,3.15,1.19
2014.04.04 07:51:31.658,1.22349,1.22358,1.00,2.07
2014.04.04 07:51:31.929,1.22352,1.22359,1.00,1.17
2014.04.04 07:51:32.435,1.22352,1.22361,1.10,1.19
2014.04.04 07:51:32.890,1.22354,1.22361,1.00,1.19
2014.04.04 07:51:33.194,1.22354,1.22362,1.15,1.19
2014.04.04 07:51:33.740,1.22353,1.22363,4.77,1.19
2014.04.04 07:51:37.146,1.22353,1.22362,2.33,1.19
2014.04.04 07:51:40.545,1.22353,1.22359,2.33,1.00
2014.04.04 07:51:41.001,1.2235,1.22362,3.27,3.27
2014.04.04 07:51:41.612,1.2235,1.22362,3.34,1.37
2014.04.04 07:51:43.288,1.2235,1.22362,5.52,1.29
2014.04.04 07:51:43.389,1.22352,1.22363,1.37,1.29
2014.04.04 07:51:46.672,1.22352,1.22364,3.27,1.29
2014.04.04 07:51:58.169,1.22353,1.22365,1.47,1.29
2014.04.04 07:52:02.327,1.22354,1.22365,1.37,4.02
2014.04.04 07:52:04.739,1.22355,1.22366,1.34,1.19
2014.04.04 07:52:13.427,1.22358,1.22367,4.20,1.00
2014.04.04 07:52:13.479,1.22362,1.22373,1.32,1.94
2014.04.04 07:52:18.007,1.22364,1.22374,1.13,3.19
2014.04.04 07:52:18.159,1.22363,1.22374,2.52,1.84
2014.04.04 07:52:18.665,1.22365,1.22376,1.19,4.02
2014.04.04 07:52:19.170,1.22365,1.22377,1.29,1.69
2014.04.04 07:52:19.826,1.22366,1.22378,1.19,5.37
2014.04.04 07:52:20.130,1.2237,1.22381,1.19,1.34
2014.04.04 07:52:22.688,1.22373,1.22382,1.00,1.69
2014.04.04 07:52:22.789,1.22372,1.22384,1.32,6.64
2014.04.04 07:52:33.308,1.22371,1.22381,1.29,1.77
2014.04.04 07:52:36.681,1.22371,1.22381,1.39,1.77
2014.04.04 07:52:37.186,1.22369,1.22381,2.22,2.52
2014.04.04 07:52:39.123,1.22369,1.22378,1.84,1.19
2014.04.04 07:52:43.062,1.22369,1.22378,1.77,1.29
2014.04.04 07:52:43.408,1.22367,1.22376,1.02,1.77
2014.04.04 07:52:43.509,1.22367,1.22374,1.00,1.69
2014.04.04 07:52:47.821,1.22367,1.22375,1.50,1.37
2014.04.04 07:52:57.133,1.22367,1.22377,1.69,1.37
2014.04.04 07:52:57.733,1.22367,1.22376,1.02,1.29
2014.04.04 07:52:58.348,1.22366,1.22375,1.02,1.19
2014.04.04 07:52:59.583,1.22364,1.22372,1.10,1.19
2014.04.04 07:52:59.785,1.22359,1.22369,1.84,1.19
2014.04.04 07:53:00.089,1.22362,1.22369,1.00,1.19
2014.04.04 07:53:00.190,1.22362,1.22371,1.00,2.40
2014.04.04 07:53:00.646,1.22359,1.22371,1.84,1.65
2014.04.04 07:53:02.716,1.22362,1.22371,1.00,1.65
2014.04.04 07:53:04.809,1.22359,1.22371,1.84,1.65
2014.04.04 07:53:04.961,1.22362,1.22371,1.00,1.65
2014.04.04 07:53:06.235,1.22359,1.22371,1.84,1.65
2014.04.04 07:53:10.090,1.22362,1.22371,1.10,1.50
2014.04.04 07:53:15.077,1.22359,1.22371,1.84,1.58
2014.04.04 07:53:15.617,1.22359,1.22371,1.84,1.84
2014.04.04 07:53:18.390,1.22359,1.22369,1.37,1.00
2014.04.04 07:53:18.895,1.22359,1.22371,1.19,4.58
2014.04.04 07:53:21.234,1.22359,1.22371,1.25,5.52
2014.04.04 07:53:22.994,1.22357,1.22367,1.19,1.15
2014.04.04 07:53:25.115,1.22359,1.22368,1.00,2.52
2014.04.04 07:53:51.254,1.22359,1.2237,1.69,4.84
2014.04.04 07:53:52.309,1.22359,1.22368,1.50,1.29
2014.04.04 07:53:55.389,1.22359,1.22369,1.25,1.37
2014.04.04 07:54:00.323,1.22359,1.22367,1.00,1.19
2014.04.04 07:54:02.323,1.22357,1.22365,1.00,1.19
2014.04.04 07:54:10.378,1.22357,1.22366,1.25,1.29
2014.04.04 07:54:10.883,1.22357,1.22365,1.00,1.19
2014.04.04 07:54:18.644,1.22357,1.22364,1.00,1.19
2014.04.04 07:54:20.393,1.22357,1.22365,1.00,1.32
2014.04.04 07:54:28.207,1.22357,1.22366,1.00,1.72
2014.04.04 07:54:54.231,1.22357,1.22367,1.69,2.89
2014.04.04 07:54:57.592,1.22357,1.22368,1.69,2.22
2014.04.04 07:54:58.120,1.22358,1.22368,1.19,2.22
2014.04.04 07:54:58.221,1.22358,1.2237,1.29,1.72
2014.04.04 07:54:58.728,1.22359,1.22368,1.19,1.58
2014.04.04 07:54:59.234,1.22358,1.22368,1.29,1.77
2014.04.04 07:55:02.920,1.22357,1.22368,1.19,2.59
2014.04.04 07:55:03.473,1.22357,1.22366,1.00,1.27
2014.04.04 07:55:08.382,1.22355,1.22366,1.19,1.34
2014.04.04 07:55:13.522,1.22355,1.22365,1.69,1.84
2014.04.04 07:55:19.575,1.22357,1.22367,1.19,2.52
2014.04.04 07:55:24.565,1.22357,1.22368,1.69,4.77
2014.04.04 07:55:45.225,1.22358,1.22368,1.32,1.84
2014.04.04 07:55:45.988,1.2236,1.22368,1.00,1.84
2014.04.04 07:55:46.646,1.2236,1.22368,1.25,1.69
2014.04.04 07:55:50.355,1.2236,1.22368,1.19,1.50
2014.04.04 07:55:54.217,1.2236,1.22368,1.25,1.50
2014.04.04 07:55:54.526,1.22364,1.22368,1.00,1.50
2014.04.04 07:55:54.830,1.22364,1.22368,1.00,1.50
2014.04.04 07:55:54.881,1.22365,1.22372,1.00,4.32
2014.04.04 07:55:54.983,1.22363,1.22368,1.00,1.50
2014.04.04 07:55:55.489,1.22365,1.22372,1.00,4.13
2014.04.04 07:55:55.944,1.22365,1.22372,1.00,4.13
2014.04.04 07:55:56.990,1.22366,1.22372,1.00,3.68
2014.04.04 07:55:57.293,1.22364,1.22368,1.13,1.50
2014.04.04 07:55:57.445,1.22366,1.22372,1.00,3.60
2014.04.04 07:55:57.969,1.22366,1.22372,1.00,3.60
2014.04.04 07:56:00.096,1.22366,1.22372,1.00,3.60
2014.04.04 07:56:05.568,1.22363,1.22368,1.39,1.50
2014.04.04 07:56:05.669,1.22365,1.22372,1.00,1.65
2014.04.04 07:56:05.770,1.22363,1.22368,1.32,1.50
2014.04.04 07:56:10.519,1.22364,1.22368,1.00,1.50
2014.04.04 07:56:11.522,1.22363,1.22368,1.25,2.18
2014.04.04 07:56:11.624,1.22359,1.22367,1.00,2.03
2014.04.04 07:56:11.775,1.22361,1.22367,1.00,1.58
2014.04.04 07:56:13.227,1.22361,1.22368,1.00,1.58
2014.04.04 07:56:15.709,1.22361,1.22368,1.00,1.77
2014.04.04 07:56:16.729,1.22361,1.22368,1.00,1.77
2014.04.04 07:56:17.284,1.22363,1.22368,1.00,1.77
2014.04.04 07:56:20.526,1.22364,1.22368,1.00,1.69
2014.04.04 07:56:20.628,1.22361,1.22368,1.00,1.69
2014.04.04 07:56:23.046,1.22361,1.22368,1.00,1.69
2014.04.04 07:56:24.645,1.22359,1.22368,1.84,1.69
2014.04.04 07:56:25.162,1.22359,1.22368,1.69,1.77
2014.04.04 07:56:28.062,1.2236,1.22368,1.00,1.77
2014.04.04 07:56:28.606,1.22361,1.22368,1.00,1.77
2014.04.04 07:56:36.205,1.2236,1.22368,1.00,1.77
2014.04.04 07:56:43.089,1.22359,1.22368,1.18,1.69
2014.04.04 07:56:46.256,1.22361,1.22368,1.00,1.69
2014.04.04 07:56:48.008,1.22361,1.22368,1.00,1.69
2014.04.04 07:56:48.464,1.22359,1.22365,1.37,1.50
2014.04.04 07:56:49.738,1.22358,1.22365,1.29,1.50
2014.04.04 07:56:50.313,1.22354,1.22365,1.84,6.19
2014.04.04 07:56:50.414,1.22352,1.22361,1.77,1.69
2014.04.04 07:56:50.719,1.22351,1.22359,1.50,1.19
2014.04.04 07:56:51.225,1.22352,1.22361,1.10,2.44
2014.04.04 07:56:51.528,1.22353,1.22361,1.25,1.69
2014.04.04 07:56:53.001,1.22354,1.22362,1.00,1.29
2014.04.04 07:56:53.510,1.22355,1.22362,1.00,1.19
2014.04.04 07:56:56.384,1.22356,1.22362,1.00,1.19
2014.04.04 07:56:57.079,1.22354,1.22361,1.10,1.69
2014.04.04 07:56:57.130,1.22353,1.22358,1.09,1.50
2014.04.04 07:56:57.333,1.22354,1.22361,1.10,1.69
2014.04.04 07:56:57.933,1.22354,1.22358,1.00,1.50
2014.04.04 07:56:57.984,1.22353,1.22358,1.00,1.50
2014.04.04 07:57:00.001,1.22353,1.22358,1.00,1.88
2014.04.04 07:57:00.527,1.22353,1.22358,1.00,1.50
2014.04.04 07:57:02.025,1.22352,1.22358,1.00,1.50
2014.04.04 07:57:02.537,1.22352,1.22358,1.00,1.88
2014.04.04 07:57:03.043,1.22353,1.22358,1.00,1.88
2014.04.04 07:57:03.548,1.22352,1.22358,1.00,3.04
2014.04.04 07:57:04.004,1.22351,1.22358,1.00,3.42
2014.04.04 07:57:05.193,1.22351,1.22357,1.00,3.12
2014.04.04 07:57:05.244,1.2235,1.22355,1.00,2.29
2014.04.04 07:57:05.296,1.22346,1.22355,1.00,2.14
2014.04.04 07:57:05.347,1.22346,1.22356,1.25,2.97
2014.04.04 07:57:05.398,1.2235,1.22356,1.00,2.97
2014.04.04 07:57:05.499,1.22348,1.22356,1.00,2.59
2014.04.04 07:57:05.803,1.22345,1.22353,1.29,1.50
2014.04.04 07:57:06.348,1.22345,1.22353,1.25,1.84
2014.04.04 07:57:06.875,1.22346,1.22353,1.00,2.44
2014.04.04 07:57:07.079,1.22344,1.22353,1.00,4.32
2014.04.04 07:57:07.484,1.22346,1.22353,1.00,4.32
2014.04.04 07:57:07.990,1.22347,1.22353,1.00,3.38
2014.04.04 07:57:08.296,1.22344,1.22353,1.00,3.57
2014.04.04 07:57:08.498,1.22347,1.22353,1.00,3.57
2014.04.04 07:57:11.972,1.22347,1.22353,1.00,3.38
2014.04.04 07:57:16.587,1.22347,1.22353,1.00,3.57
2014.04.04 07:57:17.094,1.22345,1.22353,1.00,3.57
2014.04.04 07:57:17.672,1.22348,1.22353,1.00,2.67
2014.04.04 07:57:19.305,1.22348,1.22353,1.00,2.29
2014.04.04 07:57:19.810,1.22349,1.22355,1.00,1.32
2014.04.04 07:57:21.162,1.22348,1.22355,1.00,2.07
2014.04.04 07:57:21.213,1.22346,1.22355,1.50,2.07
2014.04.04 07:57:21.314,1.22348,1.22355,1.00,2.07
2014.04.04 07:57:21.853,1.22348,1.22355,1.00,2.07
2014.04.04 07:57:23.619,1.22348,1.22355,1.00,1.23
2014.04.04 07:57:30.741,1.22349,1.22355,1.00,1.60
2014.04.04 07:57:31.255,1.22348,1.22356,1.00,4.32
2014.04.04 07:57:35.636,1.22348,1.2236,1.69,3.64
2014.04.04 07:57:35.939,1.22353,1.2236,1.00,1.74
2014.04.04 07:57:36.469,1.22353,1.22361,1.00,2.22
2014.04.04 07:57:39.801,1.22353,1.22361,1.00,2.14
2014.04.04 07:57:48.266,1.22353,1.22361,1.25,1.77
2014.04.04 07:57:49.378,1.22352,1.22361,1.00,2.89
2014.04.04 07:57:54.351,1.22354,1.22361,1.00,2.44
2014.04.04 07:57:59.357,1.22354,1.22361,1.00,1.69
2014.04.04 07:58:09.786,1.22356,1.22361,1.00,1.69
2014.04.04 07:58:10.041,1.22358,1.22363,1.00,1.50
2014.04.04 07:58:10.092,1.22358,1.22365,1.00,1.77
2014.04.04 07:58:10.193,1.22357,1.22365,1.00,2.89
2014.04.04 07:58:10.699,1.22358,1.22365,1.00,2.44
2014.04.04 07:58:17.464,1.22358,1.22365,1.00,1.69
2014.04.04 07:58:20.165,1.22358,1.22365,1.00,1.69
2014.04.04 07:58:24.982,1.22356,1.22365,1.09,2.07
2014.04.04 07:58:25.524,1.22356,1.22365,1.25,2.14
2014.04.04 07:58:29.385,1.22357,1.22365,1.00,1.77
2014.04.04 07:58:29.694,1.22357,1.22365,1.25,2.14
2014.04.04 07:58:29.899,1.22361,1.22365,1.00,1.77
2014.04.04 07:58:30.265,1.22358,1.22365,1.00,2.07
2014.04.04 07:58:37.304,1.22359,1.22365,1.00,1.69
2014.04.04 07:58:47.265,1.2236,1.22365,1.00,1.50
2014.04.04 07:58:51.781,1.22362,1.22368,1.00,1.69
2014.04.04 07:58:52.261,1.2236,1.22368,1.00,1.69
2014.04.04 07:58:53.345,1.2236,1.22368,1.25,1.69
2014.04.04 07:58:53.446,1.22365,1.2237,1.00,1.50
2014.04.04 07:58:53.598,1.22364,1.22371,1.00,1.77
2014.04.04 07:58:53.751,1.22366,1.22371,1.00,2.14
2014.04.04 07:58:55.247,1.2236,1.22368,2.22,1.50
2014.04.04 07:58:55.783,1.22359,1.22368,1.69,1.95
2014.04.04 07:58:56.498,1.22362,1.22368,1.00,1.88
2014.04.04 07:58:58.680,1.22363,1.22368,1.00,2.07
2014.04.04 07:59:02.483,1.22362,1.22368,1.00,2.07
2014.04.04 07:59:03.161,1.22363,1.22368,1.00,2.07
2014.04.04 07:59:04.598,1.2236,1.22368,1.77,1.88
2014.04.04 07:59:04.750,1.2236,1.22365,1.10,1.50
2014.04.04 07:59:04.801,1.22358,1.22365,2.14,1.50
2014.04.04 07:59:06.648,1.22358,1.22365,1.39,1.50
2014.04.04 07:59:10.284,1.2236,1.22365,1.00,1.50
2014.04.04 07:59:10.487,1.22361,1.22368,1.00,1.77
2014.04.04 07:59:14.936,1.22361,1.22368,1.13,1.69
2014.04.04 07:59:15.038,1.22362,1.22371,1.77,2.63
2014.04.04 07:59:15.645,1.22362,1.22368,1.69,1.50
2014.04.04 07:59:17.142,1.22362,1.22368,1.19,1.50
2014.04.04 07:59:17.547,1.22363,1.22371,1.69,1.84
2014.04.04 07:59:18.054,1.22362,1.22371,1.00,1.47
2014.04.04 07:59:20.480,1.22361,1.22371,1.25,2.97
2014.04.04 07:59:21.059,1.22363,1.22371,1.00,2.59
2014.04.04 07:59:21.569,1.22362,1.22371,1.25,2.22
2014.04.04 07:59:22.075,1.22361,1.22371,1.19,2.22
2014.04.04 07:59:27.883,1.22363,1.22371,1.00,2.22
2014.04.04 07:59:28.406,1.22364,1.22371,1.00,1.84
2014.04.04 07:59:29.020,1.22362,1.22371,1.19,2.22
2014.04.04 07:59:29.526,1.22364,1.22371,1.00,2.22
2014.04.04 07:59:30.687,1.22362,1.22371,1.19,1.84
2014.04.04 07:59:31.193,1.22364,1.22371,1.00,1.84
2014.04.04 07:59:32.074,1.22363,1.22371,1.25,2.22
2014.04.04 07:59:35.715,1.22364,1.22371,1.00,1.69
2014.04.04 07:59:36.744,1.22364,1.22371,1.25,1.88
2014.04.04 07:59:37.056,1.22362,1.22371,1.25,2.22
2014.04.04 07:59:38.806,1.22364,1.22371,1.00,2.22
2014.04.04 07:59:39.319,1.22365,1.22371,1.00,1.77
2014.04.04 07:59:39.825,1.22364,1.22371,1.50,1.69
2014.04.04 07:59:40.701,1.22365,1.22371,1.00,1.50
2014.04.04 07:59:41.230,1.22364,1.22371,1.69,1.50
2014.04.04 07:59:42.902,1.22366,1.22371,1.00,1.50
2014.04.04 07:59:43.409,1.22367,1.22371,1.00,1.50
2014.04.04 07:59:43.510,1.22364,1.22373,1.02,1.77
2014.04.04 07:59:44.230,1.22367,1.22373,1.00,1.69
2014.04.04 07:59:47.254,1.22367,1.22373,1.00,1.69
2014.04.04 07:59:48.323,1.22367,1.22373,1.00,1.69
2014.04.04 07:59:48.424,1.22364,1.22373,1.25,2.14
2014.04.04 07:59:48.828,1.22364,1.22371,1.25,1.95
2014.04.04 07:59:51.228,1.22362,1.22371,1.19,2.14
2014.04.04 07:59:55.164,1.22361,1.22371,1.19,2.22
2014.04.04 07:59:57.772,1.22363,1.22371,1.00,2.22
