2010.06.23 19:00:00.568,1.3595,1.35965,1.60,2.40
2010.06.23 19:00:01.367,1.35955,1.35975,4.00,6.40
2010.06.23 19:00:01.632,1.35955,1.35975,2.40,6.40
2010.06.23 19:00:02.504,1.3595,1.3597,4.80,2.40
2010.06.23 19:00:02.851,1.3595,1.35965,4.80,1.60
2010.06.23 19:00:03.901,1.3595,1.35965,4.00,1.60
2010.06.23 19:00:04.234,1.3595,1.35965,2.40,1.60
2010.06.23 19:00:05.213,1.3595,1.35965,3.20,1.60
2010.06.23 19:00:06.073,1.3595,1.35965,2.40,1.60
2010.06.23 19:00:06.568,1.3594,1.3596,7.60,1.60
2010.06.23 19:00:07.285,1.35955,1.35965,2.40,2.40
2010.06.23 19:00:07.633,1.3595,1.3596,3.20,1.60
2010.06.23 19:00:10.244,1.3595,1.3596,1.00,1.60
2010.06.23 19:00:12.061,1.3595,1.3596,1.00,1.60
2010.06.23 19:00:18.025,1.35955,1.35965,1.00,1.60
2010.06.23 19:00:21.218,1.35945,1.35965,1.60,1.60
2010.06.23 19:00:23.297,1.35945,1.35965,1.00,1.60
2010.06.23 19:00:23.516,1.35945,1.35965,2.40,1.60
2010.06.23 19:00:23.737,1.3594,1.35965,11.20,1.60
2010.06.23 19:00:24.293,1.3594,1.35965,6.40,1.60
2010.06.23 19:00:24.523,1.35935,1.35965,1.60,2.40
2010.06.23 19:00:26.519,1.35935,1.35965,1.00,2.40
2010.06.23 19:00:27.286,1.35935,1.35965,1.00,3.20
2010.06.23 19:00:28.674,1.3593,1.35965,6.50,3.20
2010.06.23 19:00:28.819,1.3593,1.35965,13.60,1.60
2010.06.23 19:00:28.959,1.3593,1.3596,5.30,1.00
2010.06.23 19:00:30.458,1.35925,1.3595,2.80,3.20
2010.06.23 19:00:31.133,1.3592,1.3595,7.60,4.80
2010.06.23 19:00:31.433,1.35915,1.35945,1.70,1.00
2010.06.23 19:00:34.358,1.3593,1.3595,2.40,2.40
2010.06.23 19:00:34.549,1.35935,1.35955,1.60,1.00
2010.06.23 19:00:34.740,1.3594,1.3596,1.00,1.00
2010.06.23 19:00:34.940,1.3594,1.3597,1.00,4.40
2010.06.23 19:00:35.670,1.35945,1.3597,1.60,3.20
2010.06.23 19:00:36.005,1.3594,1.3597,2.40,4.00
2010.06.23 19:00:37.336,1.3595,1.3597,1.60,2.40
2010.06.23 19:00:37.681,1.3596,1.3598,1.00,3.20
2010.06.23 19:00:38.258,1.3596,1.3598,1.60,1.00
2010.06.23 19:00:38.556,1.35965,1.3599,1.00,2.40
2010.06.23 19:00:39.029,1.35965,1.35995,1.00,3.60
2010.06.23 19:00:39.843,1.35965,1.3599,1.60,2.40
2010.06.23 19:00:40.153,1.3596,1.3599,2.40,2.40
2010.06.23 19:00:40.458,1.3597,1.35995,1.60,1.00
2010.06.23 19:00:40.677,1.3597,1.36,1.60,15.60
2010.06.23 19:00:41.678,1.3597,1.36,1.60,15.20
2010.06.23 19:00:42.377,1.3597,1.36,1.60,8.00
2010.06.23 19:00:43.400,1.3597,1.36,1.60,3.20
2010.06.23 19:00:43.642,1.35975,1.36,1.60,2.40
2010.06.23 19:00:44.559,1.35975,1.35995,1.00,4.00
2010.06.23 19:00:45.393,1.35975,1.35995,1.00,1.60
2010.06.23 19:00:47.578,1.35975,1.36005,1.00,15.20
2010.06.23 19:00:47.918,1.3597,1.35995,1.60,2.40
2010.06.23 19:00:48.149,1.35975,1.36005,1.00,1.60
2010.06.23 19:00:48.907,1.35975,1.36005,1.00,12.80
2010.06.23 19:00:49.110,1.3597,1.35995,1.60,1.00
2010.06.23 19:00:49.319,1.35965,1.3599,1.00,1.00
2010.06.23 19:00:49.892,1.35965,1.3599,1.00,1.60
2010.06.23 19:00:50.103,1.3596,1.3599,1.00,1.60
2010.06.23 19:00:50.953,1.3596,1.3599,1.60,1.60
2010.06.23 19:00:51.200,1.35955,1.35985,1.60,1.00
2010.06.23 19:00:57.157,1.3595,1.35985,6.90,1.00
2010.06.23 19:00:57.418,1.3595,1.3598,5.20,1.00
2010.06.23 19:00:57.677,1.3595,1.35985,3.60,5.60
2010.06.23 19:00:58.196,1.3595,1.3598,3.60,1.00
2010.06.23 19:00:59.073,1.35945,1.35975,2.00,1.00
2010.06.23 19:00:59.403,1.35945,1.35975,1.00,1.00
2010.06.23 19:01:00.266,1.35945,1.35975,1.00,1.60
2010.06.23 19:01:01.857,1.3594,1.3597,4.80,1.00
2010.06.23 19:01:02.598,1.3594,1.3597,4.00,1.00
2010.06.23 19:01:02.807,1.3594,1.3597,3.20,1.00
2010.06.23 19:01:04.018,1.3594,1.3597,3.20,7.20
2010.06.23 19:01:05.493,1.3594,1.3597,3.20,11.20
2010.06.23 19:01:05.843,1.3593,1.35955,3.20,1.00
2010.06.23 19:01:06.996,1.3593,1.3596,3.20,8.00
2010.06.23 19:01:07.337,1.3593,1.3596,3.20,12.00
2010.06.23 19:01:08.010,1.35925,1.35955,2.00,8.80
2010.06.23 19:01:08.263,1.3592,1.3595,4.80,1.00
2010.06.23 19:01:10.287,1.3592,1.3595,4.00,1.00
2010.06.23 19:01:11.559,1.3592,1.3595,4.80,1.00
2010.06.23 19:01:13.156,1.35925,1.35955,2.40,1.60
2010.06.23 19:01:13.445,1.3592,1.3595,4.00,1.00
2010.06.23 19:01:15.071,1.35925,1.3595,2.40,1.60
2010.06.23 19:01:15.263,1.35925,1.35955,3.20,1.60
2010.06.23 19:01:15.976,1.35925,1.35955,8.00,1.00
2010.06.23 19:01:16.178,1.35935,1.3596,2.40,3.20
2010.06.23 19:01:17.022,1.3593,1.3596,2.40,3.20
2010.06.23 19:01:17.371,1.35925,1.3596,4.80,1.60
2010.06.23 19:01:17.701,1.35925,1.3596,2.40,1.60
2010.06.23 19:01:18.589,1.3593,1.3596,1.00,1.60
2010.06.23 19:01:18.904,1.3593,1.3596,1.00,1.00
2010.06.23 19:01:19.722,1.3593,1.35955,1.00,1.00
2010.06.23 19:01:19.960,1.35925,1.35955,14.80,1.00
2010.06.23 19:01:20.200,1.35925,1.35955,14.40,1.00
2010.06.23 19:01:23.454,1.35925,1.35955,14.40,1.00
2010.06.23 19:01:23.525,1.3593,1.35955,1.00,1.00
2010.06.23 19:01:24.064,1.35935,1.3596,2.40,1.00
2010.06.23 19:01:24.651,1.3593,1.3596,4.80,1.60
2010.06.23 19:01:25.583,1.3593,1.3596,1.00,1.60
2010.06.23 19:01:26.228,1.3594,1.3597,1.00,5.20
2010.06.23 19:01:26.546,1.35935,1.35965,1.00,1.60
2010.06.23 19:01:27.730,1.3593,1.35965,12.10,1.60
2010.06.23 19:01:33.029,1.35935,1.35965,4.00,1.00
2010.06.23 19:01:33.298,1.35935,1.35965,14.40,1.00
2010.06.23 19:01:36.586,1.35935,1.35965,14.50,1.00
2010.06.23 19:01:37.257,1.35945,1.35965,1.00,1.00
2010.06.23 19:01:37.487,1.3595,1.3597,2.40,1.00
2010.06.23 19:01:37.717,1.3595,1.35975,2.40,1.60
2010.06.23 19:01:38.505,1.35955,1.35985,1.00,2.40
2010.06.23 19:01:38.773,1.35955,1.35985,1.60,2.40
2010.06.23 19:01:39.657,1.35965,1.3599,1.60,2.40
2010.06.23 19:01:40.000,1.3597,1.36,2.40,3.60
2010.06.23 19:01:40.857,1.35975,1.36005,1.60,2.40
2010.06.23 19:01:41.179,1.3598,1.3601,1.00,14.40
2010.06.23 19:01:41.735,1.3598,1.3601,1.00,7.20
2010.06.23 19:01:42.074,1.35975,1.36005,2.40,11.20
2010.06.23 19:01:42.409,1.35975,1.36005,1.00,11.20
2010.06.23 19:01:42.706,1.35975,1.36005,1.00,12.00
2010.06.23 19:01:44.868,1.3598,1.3601,1.60,14.40
2010.06.23 19:01:45.206,1.3598,1.3601,1.60,13.60
2010.06.23 19:01:46.183,1.3599,1.3602,1.60,16.80
2010.06.23 19:01:46.538,1.35985,1.36015,1.60,6.40
2010.06.23 19:01:47.126,1.35985,1.36015,1.60,4.00
2010.06.23 19:01:48.661,1.35985,1.36015,1.60,6.40
2010.06.23 19:01:49.014,1.3599,1.3602,1.60,8.80
2010.06.23 19:01:49.360,1.35995,1.36025,1.00,10.40
2010.06.23 19:01:50.138,1.36,1.36025,1.00,6.40
2010.06.23 19:01:50.411,1.35995,1.3603,1.60,13.60
2010.06.23 19:01:50.728,1.35995,1.36025,1.60,4.00
2010.06.23 19:01:51.573,1.36,1.3603,1.60,3.20
2010.06.23 19:01:53.596,1.36,1.3602,1.60,1.00
2010.06.23 19:01:54.207,1.36,1.36025,1.00,1.60
2010.06.23 19:01:54.473,1.36,1.3603,1.60,3.60
2010.06.23 19:01:54.741,1.36,1.3603,1.60,3.20
2010.06.23 19:01:56.169,1.36,1.3603,1.60,4.00
2010.06.23 19:01:57.386,1.3599,1.36005,1.00,2.40
2010.06.23 19:02:01.197,1.35985,1.36005,4.80,2.40
2010.06.23 19:02:01.536,1.35985,1.36005,3.20,2.40
2010.06.23 19:02:01.876,1.3599,1.3601,2.40,5.20
2010.06.23 19:02:02.408,1.3599,1.3601,2.40,3.60
2010.06.23 19:02:02.727,1.3599,1.3601,2.40,2.40
2010.06.23 19:02:04.278,1.3599,1.3601,2.40,3.20
2010.06.23 19:02:07.632,1.3599,1.36005,2.40,1.00
2010.06.23 19:02:07.913,1.35985,1.36015,1.00,1.00
2010.06.23 19:02:09.022,1.3598,1.3601,5.20,1.00
2010.06.23 19:02:09.705,1.3598,1.3601,4.40,1.00
2010.06.23 19:02:09.938,1.3598,1.3601,3.60,1.60
2010.06.23 19:02:11.003,1.3598,1.3601,2.80,1.60
2010.06.23 19:02:11.408,1.3598,1.36005,2.40,1.00
2010.06.23 19:02:11.660,1.3598,1.3601,4.00,3.20
2010.06.23 19:02:11.907,1.3598,1.3601,4.00,4.00
2010.06.23 19:02:12.158,1.3598,1.36005,2.40,1.00
2010.06.23 19:02:12.995,1.3598,1.36005,2.40,1.60
2010.06.23 19:02:14.132,1.3598,1.36005,4.00,1.00
2010.06.23 19:02:14.265,1.35985,1.36015,1.00,1.60
2010.06.23 19:02:17.407,1.35985,1.36015,1.60,1.00
2010.06.23 19:02:18.908,1.35985,1.36015,1.00,8.00
2010.06.23 19:02:19.595,1.35985,1.36015,1.00,1.60
2010.06.23 19:02:20.133,1.35985,1.36015,1.60,1.00
2010.06.23 19:02:20.455,1.3599,1.3602,2.40,3.20
2010.06.23 19:02:27.917,1.3599,1.3602,1.60,4.00
2010.06.23 19:02:28.248,1.35985,1.36015,1.60,1.00
2010.06.23 19:02:29.530,1.35985,1.36,1.00,2.40
2010.06.23 19:02:29.836,1.3598,1.36,5.20,2.40
2010.06.23 19:02:30.144,1.3598,1.36,4.80,2.40
2010.06.23 19:02:30.446,1.3598,1.36,5.60,2.40
2010.06.23 19:02:30.756,1.35985,1.3601,1.00,1.20
2010.06.23 19:02:31.593,1.3598,1.3601,8.00,1.00
2010.06.23 19:02:31.708,1.3598,1.3601,8.00,3.20
2010.06.23 19:02:31.930,1.3598,1.3601,4.00,3.20
2010.06.23 19:02:32.685,1.3598,1.3601,4.00,4.00
2010.06.23 19:02:34.475,1.35975,1.3601,8.80,4.80
2010.06.23 19:02:35.556,1.35975,1.36005,8.80,1.00
2010.06.23 19:02:36.142,1.35975,1.36005,8.00,1.00
2010.06.23 19:02:36.419,1.3597,1.36,6.80,1.00
2010.06.23 19:02:36.697,1.3597,1.36,10.80,1.00
2010.06.23 19:02:37.292,1.3597,1.36,10.40,1.00
2010.06.23 19:02:37.643,1.3597,1.36,4.00,1.60
2010.06.23 19:02:40.584,1.3597,1.36,1.00,1.60
2010.06.23 19:02:40.715,1.35965,1.36,13.20,1.60
2010.06.23 19:02:41.056,1.35965,1.36,1.60,4.00
2010.06.23 19:02:41.396,1.35965,1.35995,1.60,1.00
2010.06.23 19:02:42.285,1.35965,1.35995,1.60,1.60
2010.06.23 19:02:43.909,1.3596,1.35995,5.60,1.60
2010.06.23 19:02:45.355,1.3596,1.35995,16.00,1.60
2010.06.23 19:02:45.601,1.35965,1.35995,1.60,1.60
2010.06.23 19:02:46.633,1.3596,1.35985,12.80,1.00
2010.06.23 19:02:46.988,1.3595,1.3598,2.40,1.60
2010.06.23 19:02:48.035,1.3595,1.3598,1.00,1.60
2010.06.23 19:02:48.379,1.3595,1.3598,1.60,1.60
2010.06.23 19:02:49.338,1.35955,1.35985,1.00,1.60
2010.06.23 19:02:49.660,1.3595,1.3598,1.60,1.60
2010.06.23 19:02:50.675,1.3595,1.3598,1.00,1.60
2010.06.23 19:02:54.258,1.35955,1.3598,1.00,1.00
2010.06.23 19:02:54.608,1.35955,1.35985,1.00,1.60
2010.06.23 19:02:55.410,1.3595,1.35985,4.80,1.60
2010.06.23 19:02:55.622,1.3595,1.3598,1.60,1.60
2010.06.23 19:02:56.601,1.3595,1.3598,1.60,2.40
2010.06.23 19:02:56.953,1.3594,1.3597,7.60,2.40
2010.06.23 19:02:57.844,1.3594,1.35965,1.00,1.00
2010.06.23 19:02:58.125,1.3594,1.3597,12.00,1.00
2010.06.23 19:02:58.853,1.3594,1.35975,12.00,1.60
2010.06.23 19:02:59.203,1.3595,1.3598,1.00,4.80
2010.06.23 19:03:00.389,1.3595,1.3598,1.00,4.00
2010.06.23 19:03:00.732,1.3595,1.3598,1.00,3.20
2010.06.23 19:03:02.328,1.3595,1.3598,1.00,4.80
2010.06.23 19:03:03.452,1.3595,1.3598,3.20,4.80
2010.06.23 19:03:03.769,1.35955,1.35985,1.60,2.00
2010.06.23 19:03:04.577,1.35955,1.35985,1.60,1.00
2010.06.23 19:03:04.898,1.3596,1.3599,1.60,4.40
2010.06.23 19:03:06.093,1.3596,1.3599,1.60,3.60
2010.06.23 19:03:08.419,1.3596,1.3599,1.60,4.40
2010.06.23 19:03:08.538,1.3596,1.3599,1.60,5.20
2010.06.23 19:03:08.661,1.35955,1.35985,5.60,1.60
2010.06.23 19:03:09.318,1.3596,1.35985,1.00,1.00
2010.06.23 19:03:09.996,1.35955,1.35985,1.60,1.60
2010.06.23 19:03:10.892,1.3595,1.3598,1.60,1.00
2010.06.23 19:03:11.188,1.3595,1.3598,1.60,1.60
2010.06.23 19:03:12.672,1.3595,1.3598,1.00,1.00
2010.06.23 19:03:12.820,1.3595,1.3598,4.00,1.00
2010.06.23 19:03:12.981,1.3595,1.3598,1.60,1.00
2010.06.23 19:03:13.649,1.35945,1.3598,1.60,15.20
2010.06.23 19:03:13.986,1.35945,1.35975,1.60,1.60
2010.06.23 19:03:15.827,1.35945,1.35975,1.00,1.60
2010.06.23 19:03:18.906,1.35945,1.35975,1.00,8.80
2010.06.23 19:03:19.642,1.35945,1.35975,1.00,1.60
2010.06.23 19:03:22.786,1.35945,1.35965,1.00,1.00
2010.06.23 19:03:23.380,1.3594,1.35965,2.40,2.40
2010.06.23 19:03:23.691,1.35945,1.3597,1.00,1.00
2010.06.23 19:03:24.003,1.3595,1.35975,1.60,2.40
2010.06.23 19:03:24.577,1.3595,1.35975,5.60,2.40
2010.06.23 19:03:24.925,1.35955,1.35975,2.40,2.40
2010.06.23 19:03:26.152,1.3596,1.35975,1.60,2.40
2010.06.23 19:03:27.023,1.35955,1.35975,2.40,2.40
2010.06.23 19:03:27.307,1.3596,1.35975,1.00,2.40
2010.06.23 19:03:27.591,1.3596,1.35975,1.60,2.40
2010.06.23 19:03:30.840,1.35955,1.35975,2.50,2.40
2010.06.23 19:03:32.120,1.35955,1.35975,1.00,2.40
2010.06.23 19:03:32.472,1.35955,1.35975,1.00,2.40
2010.06.23 19:03:33.415,1.3595,1.35975,1.00,2.40
2010.06.23 19:03:33.700,1.35945,1.35975,15.30,2.40
2010.06.23 19:03:35.248,1.3595,1.35975,1.00,2.40
2010.06.23 19:03:36.937,1.35955,1.35975,1.00,2.40
2010.06.23 19:03:40.620,1.35945,1.35975,11.70,2.40
2010.06.23 19:03:40.999,1.35945,1.35975,10.80,2.40
2010.06.23 19:03:41.736,1.3595,1.35975,1.00,2.40
2010.06.23 19:03:42.083,1.3595,1.35975,10.40,2.40
2010.06.23 19:03:43.282,1.35945,1.35975,11.30,2.40
2010.06.23 19:03:45.471,1.3595,1.35975,4.00,2.40
2010.06.23 19:03:45.539,1.3595,1.35975,4.10,2.40
2010.06.23 19:03:46.883,1.3595,1.35975,1.00,2.40
2010.06.23 19:03:47.907,1.35955,1.35975,1.00,2.40
2010.06.23 19:03:48.105,1.35945,1.35975,11.70,2.40
2010.06.23 19:03:49.027,1.35945,1.35975,11.30,2.40
2010.06.23 19:03:49.665,1.3595,1.35975,1.00,2.40
2010.06.23 19:03:51.543,1.3595,1.35975,4.90,2.40
2010.06.23 19:03:51.691,1.35955,1.35975,2.40,2.40
2010.06.23 19:03:53.046,1.35955,1.35975,2.50,2.40
2010.06.23 19:03:58.404,1.3595,1.35975,1.00,2.40
2010.06.23 19:03:58.586,1.35945,1.35975,4.00,2.40
2010.06.23 19:03:59.387,1.3594,1.35975,9.30,2.40
2010.06.23 19:04:00.540,1.3594,1.35975,1.20,2.40
2010.06.23 19:04:01.736,1.3594,1.35975,1.20,10.40
2010.06.23 19:04:02.020,1.35935,1.35965,10.10,2.40
2010.06.23 19:04:02.297,1.35935,1.35965,6.90,2.40
2010.06.23 19:04:02.581,1.35935,1.35965,4.10,2.40
2010.06.23 19:04:02.861,1.35935,1.35965,1.00,2.40
2010.06.23 19:04:05.727,1.35935,1.35975,1.00,14.40
2010.06.23 19:04:05.855,1.35935,1.35975,1.00,14.00
2010.06.23 19:04:06.457,1.35935,1.35975,1.00,13.60
2010.06.23 19:04:08.656,1.3593,1.35975,7.30,13.60
2010.06.23 19:04:08.874,1.35935,1.35975,1.00,13.60
2010.06.23 19:04:09.095,1.3593,1.35975,7.30,13.60
2010.06.23 19:04:09.535,1.3593,1.35975,11.30,13.60
2010.06.23 19:04:10.435,1.35935,1.35975,1.00,13.60
2010.06.23 19:04:10.676,1.3593,1.35975,7.30,13.60
2010.06.23 19:04:11.145,1.35935,1.35975,1.00,13.60
2010.06.23 19:04:11.445,1.35935,1.35975,1.00,13.60
2010.06.23 19:04:12.416,1.3593,1.35975,7.30,13.60
2010.06.23 19:04:12.626,1.3593,1.3597,7.20,1.00
2010.06.23 19:04:12.832,1.35935,1.3597,10.40,3.20
2010.06.23 19:04:13.548,1.35935,1.35965,8.00,2.40
2010.06.23 19:04:13.856,1.3593,1.35965,3.20,2.40
2010.06.23 19:04:14.665,1.3593,1.35965,1.00,6.40
2010.06.23 19:04:22.455,1.35925,1.35965,9.60,7.20
2010.06.23 19:04:22.565,1.35925,1.35955,9.60,2.40
2010.06.23 19:04:22.676,1.35925,1.35955,5.20,2.40
2010.06.23 19:04:23.408,1.35925,1.35955,4.80,2.40
2010.06.23 19:04:28.350,1.35925,1.35955,4.90,2.40
2010.06.23 19:04:29.446,1.35925,1.35955,4.90,3.20
2010.06.23 19:04:30.712,1.35925,1.3595,4.80,3.20
2010.06.23 19:04:32.475,1.35925,1.3595,4.00,3.20
2010.06.23 19:04:35.294,1.35925,1.3595,4.00,2.40
2010.06.23 19:04:35.576,1.3593,1.3596,1.00,1.60
2010.06.23 19:04:36.413,1.3593,1.3596,4.80,1.00
2010.06.23 19:04:36.767,1.35935,1.3596,4.00,1.00
2010.06.23 19:04:37.617,1.35935,1.35965,8.80,4.00
2010.06.23 19:04:37.974,1.35935,1.35965,9.60,4.00
2010.06.23 19:04:38.599,1.3594,1.35965,4.00,2.40
2010.06.23 19:04:38.921,1.3594,1.3597,10.40,1.60
2010.06.23 19:04:39.681,1.3594,1.3597,9.60,1.60
2010.06.23 19:04:39.886,1.3594,1.3597,12.00,1.60
2010.06.23 19:04:41.020,1.3594,1.3597,4.80,4.00
2010.06.23 19:04:41.321,1.3594,1.3597,1.00,4.00
2010.06.23 19:04:42.196,1.3594,1.35965,1.00,1.00
2010.06.23 19:04:43.715,1.35935,1.35965,16.10,1.00
2010.06.23 19:04:45.144,1.35935,1.35965,15.30,1.00
2010.06.23 19:04:45.246,1.3594,1.35965,2.40,1.00
2010.06.23 19:04:45.457,1.3594,1.3597,3.20,1.60
2010.06.23 19:04:46.122,1.3594,1.3597,8.00,1.60
2010.06.23 19:04:46.459,1.3594,1.3597,12.10,1.60
2010.06.23 19:04:46.797,1.3594,1.3597,8.00,1.60
2010.06.23 19:04:47.136,1.35935,1.3597,7.20,4.00
2010.06.23 19:04:47.701,1.35935,1.35965,7.20,1.00
2010.06.23 19:04:48.047,1.35935,1.35965,4.00,4.00
2010.06.23 19:04:51.785,1.35935,1.3596,4.00,1.00
2010.06.23 19:04:52.050,1.3593,1.3596,8.80,1.00
2010.06.23 19:04:52.307,1.3593,1.3596,8.90,1.00
2010.06.23 19:04:53.195,1.3593,1.3596,6.40,1.00
2010.06.23 19:04:54.901,1.3593,1.3596,6.50,1.00
2010.06.23 19:05:00.061,1.3593,1.3595,1.60,2.40
2010.06.23 19:05:00.314,1.35925,1.3595,4.90,1.00
2010.06.23 19:05:00.563,1.35925,1.35955,4.80,3.20
2010.06.23 19:05:02.027,1.35925,1.35955,4.80,7.20
2010.06.23 19:05:03.777,1.35925,1.35955,4.80,8.00
2010.06.23 19:05:06.602,1.35925,1.3595,4.80,2.40
2010.06.23 19:05:06.837,1.35925,1.35955,4.80,8.00
2010.06.23 19:05:07.571,1.35925,1.35955,4.80,8.80
2010.06.23 19:05:11.065,1.35925,1.3595,4.00,3.20
2010.06.23 19:05:11.164,1.35925,1.3595,4.00,4.00
2010.06.23 19:05:14.675,1.35925,1.3595,4.00,3.20
2010.06.23 19:05:20.339,1.35925,1.3595,4.00,2.40
2010.06.23 19:05:26.180,1.35925,1.3595,4.80,2.40
2010.06.23 19:05:26.469,1.35925,1.3595,4.00,2.40
2010.06.23 19:05:27.607,1.35925,1.3595,4.80,2.40
2010.06.23 19:05:27.885,1.35925,1.3595,4.00,2.40
2010.06.23 19:05:29.242,1.35925,1.35945,1.60,2.40
2010.06.23 19:05:29.962,1.3593,1.35945,1.00,2.40
2010.06.23 19:05:30.050,1.3594,1.3596,1.60,1.00
2010.06.23 19:05:30.207,1.3594,1.3597,1.60,4.50
2010.06.23 19:05:30.552,1.35945,1.35975,1.60,4.00
2010.06.23 19:05:31.083,1.35945,1.3598,1.60,9.20
2010.06.23 19:05:31.427,1.35955,1.3598,1.60,3.20
2010.06.23 19:05:32.630,1.35955,1.3598,1.00,3.20
2010.06.23 19:05:33.762,1.3595,1.3597,2.40,2.40
2010.06.23 19:05:34.108,1.3595,1.3597,1.60,2.40
2010.06.23 19:05:35.632,1.35945,1.3597,3.20,3.20
2010.06.23 19:05:35.868,1.35945,1.3597,2.40,4.80
2010.06.23 19:05:36.682,1.3594,1.3597,1.60,4.80
2010.06.23 19:05:37.549,1.3594,1.3597,1.60,4.00
2010.06.23 19:05:37.905,1.3594,1.3597,1.60,4.80
2010.06.23 19:05:38.240,1.3594,1.3597,1.00,5.60
2010.06.23 19:05:39.111,1.3595,1.35975,1.60,1.00
2010.06.23 19:05:39.449,1.3595,1.3597,1.00,3.20
2010.06.23 19:05:40.119,1.35945,1.3597,1.60,3.20
2010.06.23 19:05:40.990,1.35945,1.3597,1.00,3.20
2010.06.23 19:05:41.799,1.35945,1.35975,1.00,1.60
2010.06.23 19:05:42.137,1.35945,1.35975,1.00,8.00
2010.06.23 19:05:43.051,1.3595,1.3598,1.00,4.80
2010.06.23 19:05:44.377,1.3595,1.3598,1.00,7.20
2010.06.23 19:05:44.984,1.3595,1.3598,1.00,11.20
2010.06.23 19:05:45.336,1.35955,1.3598,1.60,2.40
2010.06.23 19:05:46.531,1.3596,1.3598,1.60,2.40
2010.06.23 19:05:48.003,1.35965,1.3599,1.60,3.90
2010.06.23 19:05:48.320,1.35965,1.3599,1.60,2.40
2010.06.23 19:05:49.242,1.35965,1.3599,1.00,3.20
2010.06.23 19:05:50.615,1.3597,1.3599,1.60,2.40
2010.06.23 19:05:50.915,1.3597,1.3599,1.00,2.40
2010.06.23 19:05:51.208,1.35965,1.3599,1.60,2.40
2010.06.23 19:05:53.217,1.35965,1.3599,1.60,3.20
2010.06.23 19:05:53.417,1.35965,1.3599,1.00,3.20
2010.06.23 19:05:54.399,1.35965,1.3599,1.00,4.00
2010.06.23 19:05:55.121,1.3596,1.3599,4.00,4.00
2010.06.23 19:05:55.853,1.35965,1.35995,1.60,3.20
2010.06.23 19:05:56.040,1.35965,1.35995,1.00,4.80
2010.06.23 19:05:57.090,1.3596,1.3599,3.20,3.20
2010.06.23 19:05:57.427,1.3596,1.35985,1.60,2.40
2010.06.23 19:05:57.985,1.3597,1.3599,3.20,1.60
2010.06.23 19:05:58.336,1.3597,1.3599,1.60,2.40
2010.06.23 19:05:58.681,1.35975,1.35995,4.00,1.60
2010.06.23 19:05:59.230,1.35975,1.36,6.40,5.60
2010.06.23 19:05:59.531,1.35985,1.36,1.60,1.00
2010.06.23 19:05:59.828,1.35985,1.3601,1.60,3.60
2010.06.23 19:06:00.117,1.3599,1.3601,1.00,3.20
2010.06.23 19:06:00.981,1.3599,1.3601,1.60,2.40
2010.06.23 19:06:02.758,1.35995,1.36015,2.40,1.60
2010.06.23 19:06:03.436,1.36,1.3602,1.00,6.00
2010.06.23 19:06:03.663,1.3599,1.3601,1.60,2.40
2010.06.23 19:06:05.127,1.3599,1.3601,2.40,2.40
2010.06.23 19:06:05.393,1.36,1.36015,1.60,1.00
2010.06.23 19:06:05.653,1.35995,1.36015,1.60,4.80
2010.06.23 19:06:09.618,1.35995,1.36015,1.60,3.20
2010.06.23 19:06:09.862,1.3601,1.36015,1.00,2.40
2010.06.23 19:06:10.110,1.3601,1.3602,1.60,1.20
2010.06.23 19:06:10.689,1.3601,1.3602,1.60,1.00
2010.06.23 19:06:10.991,1.36015,1.3604,1.60,3.20
2010.06.23 19:06:11.299,1.3601,1.3604,7.20,4.00
2010.06.23 19:06:11.853,1.3601,1.36035,4.80,2.40
2010.06.23 19:06:12.188,1.36005,1.36035,2.40,2.40
2010.06.23 19:06:12.516,1.36005,1.36035,2.40,3.20
2010.06.23 19:06:13.348,1.36005,1.3603,1.00,2.40
2010.06.23 19:06:13.709,1.36005,1.36035,1.00,8.00
2010.06.23 19:06:14.054,1.3601,1.36035,1.00,3.20
2010.06.23 19:06:14.739,1.3601,1.3602,1.00,2.40
2010.06.23 19:06:14.913,1.36,1.3603,1.00,4.00
2010.06.23 19:06:16.049,1.36,1.3603,1.00,1.60
2010.06.23 19:06:16.295,1.36,1.36025,1.60,2.40
2010.06.23 19:06:16.540,1.36,1.36025,1.00,2.40
2010.06.23 19:06:17.306,1.36,1.3603,1.00,4.00
2010.06.23 19:06:18.627,1.36,1.3603,1.60,4.40
2010.06.23 19:06:18.958,1.35995,1.36025,1.60,1.00
2010.06.23 19:06:20.465,1.35995,1.3602,1.60,2.40
2010.06.23 19:06:20.649,1.35995,1.3602,1.00,2.40
2010.06.23 19:06:23.189,1.35995,1.36025,5.60,4.00
2010.06.23 19:06:23.537,1.35985,1.36015,1.20,1.00
2010.06.23 19:06:24.398,1.3598,1.3601,2.40,2.40
2010.06.23 19:06:24.732,1.3598,1.3601,7.20,3.20
2010.06.23 19:06:24.998,1.3598,1.3601,1.60,3.20
2010.06.23 19:06:25.806,1.3598,1.3601,8.00,3.20
2010.06.23 19:06:26.121,1.3598,1.3601,1.60,4.00
2010.06.23 19:06:26.443,1.3598,1.36005,1.60,2.40
2010.06.23 19:06:27.597,1.3598,1.36,1.60,2.40
2010.06.23 19:06:27.929,1.35985,1.3601,3.20,3.60
2010.06.23 19:06:28.505,1.35985,1.3601,3.20,2.80
2010.06.23 19:06:28.745,1.35995,1.36015,2.40,2.40
2010.06.23 19:06:29.460,1.3599,1.36015,8.80,2.40
2010.06.23 19:06:29.692,1.3599,1.3602,1.00,3.20
2010.06.23 19:06:30.037,1.3599,1.3602,1.60,3.20
2010.06.23 19:06:30.880,1.35985,1.3601,12.80,2.40
2010.06.23 19:06:31.240,1.35995,1.36015,1.00,1.00
2010.06.23 19:06:31.900,1.36,1.3602,1.00,3.20
2010.06.23 19:06:32.240,1.36,1.3603,2.40,2.00
2010.06.23 19:06:32.579,1.3601,1.36035,1.00,4.40
2010.06.23 19:06:33.129,1.3601,1.36035,1.00,3.60
2010.06.23 19:06:33.490,1.3601,1.36035,1.60,2.40
2010.06.23 19:06:34.646,1.3601,1.3602,1.00,2.40
2010.06.23 19:06:34.994,1.36015,1.36035,1.60,2.40
2010.06.23 19:06:35.886,1.3602,1.36035,1.00,2.40
2010.06.23 19:06:37.359,1.36015,1.36035,1.00,2.40
2010.06.23 19:06:37.634,1.36025,1.36045,1.60,1.20
2010.06.23 19:06:38.447,1.3603,1.3605,1.00,2.00
2010.06.23 19:06:38.721,1.3604,1.3607,1.60,3.20
2010.06.23 19:06:39.523,1.36045,1.3607,4.00,3.20
2010.06.23 19:06:39.873,1.36045,1.3607,2.40,3.20
2010.06.23 19:06:41.041,1.36055,1.36075,2.40,1.00
2010.06.23 19:06:41.303,1.3605,1.36065,12.80,2.40
2010.06.23 19:06:41.564,1.36045,1.36065,1.00,2.40
2010.06.23 19:06:42.353,1.3604,1.36055,2.50,1.60
2010.06.23 19:06:43.835,1.3604,1.36055,1.00,1.60
2010.06.23 19:06:45.338,1.36035,1.36055,1.70,4.00
2010.06.23 19:06:45.580,1.36035,1.36055,1.00,4.00
2010.06.23 19:06:46.698,1.3603,1.36045,1.70,1.60
2010.06.23 19:06:47.040,1.36025,1.36045,1.60,1.60
2010.06.23 19:06:47.933,1.36025,1.36045,1.70,1.60
2010.06.23 19:06:48.616,1.36025,1.36045,1.60,1.60
2010.06.23 19:06:48.867,1.36025,1.36045,1.70,1.60
2010.06.23 19:06:49.117,1.36025,1.36045,1.00,1.60
2010.06.23 19:06:49.962,1.3602,1.36035,4.90,1.60
2010.06.23 19:06:50.526,1.36025,1.36035,1.00,1.60
2010.06.23 19:06:50.717,1.3602,1.36035,4.10,1.60
2010.06.23 19:06:50.907,1.3602,1.36035,1.00,1.60
2010.06.23 19:06:51.538,1.36015,1.36035,2.80,1.60
2010.06.23 19:06:51.885,1.36005,1.36025,1.00,1.60
2010.06.23 19:06:53.298,1.36,1.36025,2.00,1.60
2010.06.23 19:06:54.109,1.36,1.36025,1.20,1.60
2010.06.23 19:06:54.342,1.36,1.36025,1.00,1.60
2010.06.23 19:06:54.785,1.36015,1.36025,2.40,1.60
2010.06.23 19:06:55.713,1.36005,1.36025,9.70,1.60
2010.06.23 19:06:56.380,1.36005,1.36025,9.60,1.60
2010.06.23 19:06:59.307,1.36005,1.36025,4.00,1.60
2010.06.23 19:06:59.548,1.36,1.36025,1.00,1.60
2010.06.23 19:07:00.547,1.36,1.36025,1.00,2.40
2010.06.23 19:07:01.330,1.36,1.3602,1.00,2.40
2010.06.23 19:07:03.902,1.36,1.36025,8.00,1.60
2010.06.23 19:07:04.260,1.36,1.3602,8.00,1.60
2010.06.23 19:07:04.973,1.36,1.36015,1.00,1.60
2010.06.23 19:07:05.966,1.35995,1.36015,1.60,1.60
2010.06.23 19:07:06.313,1.36,1.36015,1.00,1.60
2010.06.23 19:07:08.184,1.35995,1.3601,3.20,1.60
2010.06.23 19:07:08.496,1.3599,1.36005,1.20,1.60
2010.06.23 19:07:09.211,1.35985,1.36005,1.00,1.60
2010.06.23 19:07:09.406,1.3597,1.35985,1.20,1.60
2010.06.23 19:07:09.601,1.3597,1.35985,1.00,1.60
2010.06.23 19:07:10.438,1.3597,1.35985,11.20,1.60
2010.06.23 19:07:10.781,1.35965,1.35985,1.60,1.60
2010.06.23 19:07:12.145,1.3596,1.35985,12.00,1.60
2010.06.23 19:07:12.339,1.35965,1.35985,1.00,1.60
2010.06.23 19:07:12.526,1.3596,1.35985,12.00,1.60
2010.06.23 19:07:13.449,1.35955,1.35985,9.60,2.40
2010.06.23 19:07:13.788,1.35955,1.35985,11.20,2.40
2010.06.23 19:07:14.133,1.35955,1.35985,4.80,2.40
2010.06.23 19:07:14.897,1.3595,1.3598,8.80,1.00
2010.06.23 19:07:15.243,1.3595,1.3597,3.20,1.60
2010.06.23 19:07:15.590,1.3595,1.3597,2.40,1.60
2010.06.23 19:07:16.407,1.3595,1.3597,7.20,1.60
2010.06.23 19:07:16.691,1.3595,1.3597,9.60,1.60
2010.06.23 19:07:17.494,1.3595,1.3597,2.40,1.60
2010.06.23 19:07:17.819,1.3595,1.35965,2.40,1.60
2010.06.23 19:07:19.532,1.3596,1.35965,2.40,1.60
2010.06.23 19:07:19.643,1.3595,1.35965,13.20,1.60
2010.06.23 19:07:19.749,1.3595,1.35965,8.80,1.60
2010.06.23 19:07:19.861,1.3595,1.35965,2.40,1.60
2010.06.23 19:07:21.587,1.35955,1.35965,1.60,1.60
2010.06.23 19:07:22.461,1.35965,1.35975,1.00,1.60
2010.06.23 19:07:23.875,1.3596,1.3597,1.00,1.60
2010.06.23 19:07:24.031,1.35955,1.3597,1.60,1.60
2010.06.23 19:07:24.179,1.35955,1.3597,1.00,1.60
2010.06.23 19:07:24.331,1.35955,1.35965,1.00,1.60
2010.06.23 19:07:24.944,1.3596,1.35965,1.00,1.60
2010.06.23 19:07:25.294,1.35955,1.3597,2.40,1.60
2010.06.23 19:07:26.163,1.3596,1.3597,1.60,1.60
2010.06.23 19:07:26.481,1.35955,1.3597,6.40,1.60
2010.06.23 19:07:26.803,1.35955,1.3597,2.40,1.60
2010.06.23 19:07:27.986,1.3596,1.3597,2.40,1.60
2010.06.23 19:07:29.631,1.35955,1.3597,2.40,1.60
2010.06.23 19:07:29.740,1.35955,1.3597,1.60,1.60
2010.06.23 19:07:31.001,1.3595,1.3597,4.80,1.60
2010.06.23 19:07:31.353,1.35955,1.3597,1.60,1.60
2010.06.23 19:07:32.346,1.35955,1.3597,8.80,1.60
2010.06.23 19:07:32.653,1.3595,1.3597,4.80,1.60
2010.06.23 19:07:33.479,1.3595,1.3597,3.20,1.60
2010.06.23 19:07:33.820,1.3595,1.3597,2.40,1.60
2010.06.23 19:07:36.462,1.3595,1.3597,4.00,1.60
2010.06.23 19:07:36.763,1.3595,1.3597,3.20,1.60
2010.06.23 19:07:37.346,1.3595,1.3597,2.40,1.60
2010.06.23 19:07:38.029,1.3595,1.3597,3.20,1.60
2010.06.23 19:07:39.675,1.3595,1.3597,2.40,1.60
2010.06.23 19:07:39.861,1.3595,1.3597,3.20,1.60
2010.06.23 19:07:40.713,1.3595,1.3597,4.00,1.60
2010.06.23 19:07:41.059,1.3595,1.3597,3.20,1.60
2010.06.23 19:07:42.585,1.3595,1.3597,2.40,1.60
2010.06.23 19:07:45.609,1.3595,1.3597,3.20,1.60
2010.06.23 19:07:46.418,1.3595,1.3597,2.40,1.60
2010.06.23 19:07:47.099,1.3595,1.3597,3.20,1.60
2010.06.23 19:07:48.243,1.3595,1.3598,4.80,3.20
2010.06.23 19:07:49.399,1.3595,1.3598,3.20,4.00
2010.06.23 19:07:50.020,1.3595,1.3597,3.20,1.60
2010.06.23 19:07:51.267,1.3595,1.3597,4.00,1.60
2010.06.23 19:07:53.597,1.3595,1.3597,4.80,1.60
2010.06.23 19:07:54.394,1.35955,1.3597,1.60,1.60
2010.06.23 19:07:54.655,1.35955,1.3597,1.00,1.60
2010.06.23 19:08:00.575,1.35955,1.3597,1.60,1.60
2010.06.23 19:08:00.717,1.3596,1.35975,2.40,1.60
2010.06.23 19:08:00.860,1.3596,1.35975,1.00,1.60
2010.06.23 19:08:01.546,1.3596,1.35975,2.40,1.60
2010.06.23 19:08:01.891,1.3596,1.35975,4.80,1.60
2010.06.23 19:08:03.170,1.3596,1.35975,2.40,1.60
2010.06.23 19:08:04.694,1.3596,1.35975,3.20,1.60
2010.06.23 19:08:04.970,1.3596,1.35975,4.00,1.60
2010.06.23 19:08:12.609,1.3597,1.35975,1.00,1.60
2010.06.23 19:08:12.813,1.3596,1.35975,4.80,1.60
2010.06.23 19:08:13.536,1.3596,1.3597,4.00,1.60
2010.06.23 19:08:13.743,1.35955,1.3597,1.00,1.60
2010.06.23 19:08:15.528,1.3595,1.3597,4.00,1.60
2010.06.23 19:08:17.849,1.3595,1.3597,4.80,1.60
2010.06.23 19:08:18.061,1.35955,1.3597,1.00,1.60
2010.06.23 19:08:19.904,1.3595,1.3597,14.40,1.60
2010.06.23 19:08:22.078,1.3595,1.3597,15.20,1.60
2010.06.23 19:08:22.321,1.3596,1.35975,2.40,1.60
2010.06.23 19:08:23.205,1.3596,1.35975,3.20,1.60
2010.06.23 19:08:23.554,1.3596,1.35975,2.40,1.60
2010.06.23 19:08:25.892,1.35955,1.3597,1.00,1.60
2010.06.23 19:08:27.315,1.35955,1.3597,1.60,1.60
2010.06.23 19:08:28.937,1.3595,1.3597,8.80,1.60
2010.06.23 19:08:31.718,1.3595,1.3597,4.80,1.60
2010.06.23 19:08:31.926,1.3595,1.3597,8.80,1.60
2010.06.23 19:08:37.017,1.3596,1.3597,2.40,1.60
2010.06.23 19:08:37.227,1.35955,1.3597,1.00,1.60
2010.06.23 19:08:37.437,1.35955,1.3597,1.60,1.60
2010.06.23 19:08:39.890,1.35955,1.3597,1.00,1.60
2010.06.23 19:08:43.816,1.3596,1.35975,2.40,1.60
2010.06.23 19:08:50.919,1.35955,1.3597,1.70,1.60
2010.06.23 19:08:51.779,1.3595,1.3597,8.90,1.60
2010.06.23 19:08:56.419,1.35955,1.3597,1.00,1.60
2010.06.23 19:08:56.946,1.35955,1.3597,1.00,1.60
2010.06.23 19:08:57.287,1.35955,1.3598,1.00,2.40
2010.06.23 19:08:58.496,1.35955,1.3598,1.60,2.40
2010.06.23 19:08:58.676,1.35955,1.3598,4.00,2.40
2010.06.23 19:08:59.497,1.35955,1.3598,4.10,2.40
2010.06.23 19:08:59.776,1.35955,1.3597,4.10,1.60
2010.06.23 19:09:01.361,1.35955,1.3597,1.60,1.60
2010.06.23 19:09:01.555,1.35955,1.3597,2.40,1.60
2010.06.23 19:09:01.926,1.35955,1.3597,3.20,1.60
2010.06.23 19:09:03.906,1.35955,1.3597,3.30,1.60
2010.06.23 19:09:05.042,1.3595,1.3597,4.80,1.60
2010.06.23 19:09:05.345,1.3595,1.3597,4.80,1.60
2010.06.23 19:09:05.640,1.3595,1.3597,2.40,1.60
2010.06.23 19:09:06.813,1.3595,1.3597,4.00,1.60
2010.06.23 19:09:07.737,1.35955,1.3597,1.00,1.60
2010.06.23 19:09:08.488,1.35955,1.3597,3.20,1.60
2010.06.23 19:09:08.813,1.3596,1.35975,2.40,1.60
2010.06.23 19:09:13.558,1.3596,1.3597,2.40,1.60
2010.06.23 19:09:13.698,1.3595,1.3597,11.20,1.60
2010.06.23 19:09:13.837,1.3595,1.3597,7.60,1.60
2010.06.23 19:09:14.541,1.3595,1.3597,3.20,1.60
2010.06.23 19:09:14.686,1.3595,1.3597,2.40,1.60
2010.06.23 19:09:15.548,1.3595,1.3597,7.20,1.60
2010.06.23 19:09:17.087,1.3595,1.3597,2.40,1.60
2010.06.23 19:09:19.869,1.3595,1.3597,4.80,1.60
2010.06.23 19:09:20.737,1.3595,1.3597,4.00,1.60
2010.06.23 19:09:20.866,1.3595,1.3597,12.80,1.60
2010.06.23 19:09:20.995,1.35955,1.3597,1.00,1.60
2010.06.23 19:09:21.676,1.3595,1.3597,8.80,1.60
2010.06.23 19:09:22.030,1.3595,1.3597,3.20,1.60
2010.06.23 19:09:22.379,1.3595,1.3597,4.80,1.60
2010.06.23 19:09:22.722,1.3595,1.3597,3.20,1.60
2010.06.23 19:09:23.581,1.3595,1.3597,2.40,1.60
2010.06.23 19:09:26.368,1.3595,1.3597,2.40,2.40
2010.06.23 19:09:31.372,1.3595,1.3597,2.40,1.60
2010.06.23 19:09:36.141,1.3595,1.3597,2.40,2.40
2010.06.23 19:09:37.167,1.3595,1.3597,2.40,1.60
2010.06.23 19:09:38.958,1.3595,1.3597,2.40,2.40
2010.06.23 19:09:43.446,1.35945,1.3597,3.20,4.80
2010.06.23 19:09:43.731,1.35945,1.3597,3.20,5.60
2010.06.23 19:09:44.534,1.3595,1.3597,2.40,1.60
2010.06.23 19:09:45.860,1.35945,1.3597,3.20,5.60
2010.06.23 19:09:46.733,1.35945,1.3597,3.20,4.80
2010.06.23 19:09:47.084,1.3595,1.3597,2.40,1.60
2010.06.23 19:09:49.344,1.35945,1.35965,1.00,1.60
2010.06.23 19:09:51.899,1.35945,1.35965,1.60,1.60
2010.06.23 19:09:55.095,1.3594,1.35965,12.00,1.60
2010.06.23 19:09:55.809,1.3594,1.35965,3.20,1.60
2010.06.23 19:09:57.425,1.3594,1.35965,4.00,1.60
2010.06.23 19:10:00.208,1.3594,1.35965,3.20,1.60
2010.06.23 19:10:01.186,1.3594,1.35965,4.00,1.60
2010.06.23 19:10:01.788,1.35945,1.35965,1.00,1.60
2010.06.23 19:10:02.808,1.3594,1.35965,5.60,1.60
2010.06.23 19:10:03.681,1.3594,1.35965,15.20,1.60
2010.06.23 19:10:04.730,1.3594,1.35965,14.40,1.60
2010.06.23 19:10:04.930,1.3594,1.3597,15.20,1.00
2010.06.23 19:10:05.327,1.3594,1.3597,16.00,1.00
2010.06.23 19:10:06.093,1.35945,1.3597,1.00,1.00
2010.06.23 19:10:06.452,1.3594,1.3597,3.20,1.60
2010.06.23 19:10:06.629,1.3594,1.3597,7.20,1.00
2010.06.23 19:10:07.454,1.3594,1.3597,8.80,1.00
2010.06.23 19:10:07.802,1.3594,1.3597,4.80,1.00
2010.06.23 19:10:08.694,1.3594,1.3596,2.40,2.40
2010.06.23 19:10:08.939,1.3594,1.35965,2.40,1.00
2010.06.23 19:10:09.764,1.3594,1.3597,2.40,4.00
2010.06.23 19:10:10.112,1.3594,1.3597,3.20,4.00
2010.06.23 19:10:10.462,1.3595,1.35975,2.40,2.00
2010.06.23 19:10:11.263,1.3595,1.3598,3.20,1.60
2010.06.23 19:10:11.500,1.3595,1.35975,3.20,1.60
2010.06.23 19:10:12.069,1.3595,1.35975,3.20,1.00
2010.06.23 19:10:12.414,1.3595,1.3598,3.20,1.60
2010.06.23 19:10:13.939,1.35955,1.3598,1.00,1.00
2010.06.23 19:10:14.279,1.35955,1.35985,1.00,1.00
2010.06.23 19:10:15.073,1.3595,1.3598,1.60,1.00
2010.06.23 19:10:15.637,1.3595,1.3598,1.00,1.00
2010.06.23 19:10:15.980,1.3595,1.3598,1.00,1.60
2010.06.23 19:10:16.738,1.3595,1.35975,1.00,2.40
2010.06.23 19:10:16.972,1.35945,1.35975,1.00,4.00
2010.06.23 19:10:17.890,1.35945,1.35975,1.00,1.00
2010.06.23 19:10:18.581,1.35945,1.35975,1.60,1.00
2010.06.23 19:10:19.447,1.35945,1.35975,2.40,1.00
2010.06.23 19:10:19.792,1.3595,1.3598,1.00,4.00
2010.06.23 19:10:21.010,1.3595,1.3598,1.00,3.20
2010.06.23 19:10:21.540,1.3595,1.3598,1.60,3.20
2010.06.23 19:10:21.699,1.3595,1.3598,1.60,1.00
2010.06.23 19:10:23.021,1.3595,1.35975,4.80,2.40
2010.06.23 19:10:23.556,1.3595,1.35975,1.00,2.40
2010.06.23 19:10:23.733,1.35945,1.3598,2.40,1.60
2010.06.23 19:10:25.420,1.35945,1.35975,1.60,3.20
2010.06.23 19:10:28.927,1.35945,1.35975,1.00,4.00
2010.06.23 19:10:29.378,1.3594,1.3597,10.00,1.00
2010.06.23 19:10:29.500,1.3594,1.3597,13.20,1.00
2010.06.23 19:10:30.912,1.3594,1.3597,12.40,1.00
2010.06.23 19:10:31.153,1.3594,1.3597,4.00,1.60
2010.06.23 19:10:31.617,1.3594,1.3597,3.20,1.60
2010.06.23 19:10:32.712,1.3594,1.3597,8.00,1.60
2010.06.23 19:10:33.065,1.3594,1.35975,16.00,1.60
2010.06.23 19:10:34.140,1.3594,1.35965,16.00,1.60
2010.06.23 19:10:35.872,1.3594,1.35965,10.40,1.60
2010.06.23 19:10:36.223,1.3594,1.35965,6.40,1.60
2010.06.23 19:10:36.490,1.3594,1.35965,11.20,1.60
2010.06.23 19:10:37.285,1.3594,1.35965,4.00,1.60
2010.06.23 19:10:37.546,1.3594,1.35965,8.00,1.60
2010.06.23 19:10:44.083,1.3594,1.35965,4.00,1.60
2010.06.23 19:10:44.431,1.3594,1.35965,8.00,1.60
2010.06.23 19:10:45.601,1.3594,1.35965,4.00,1.60
2010.06.23 19:10:47.689,1.3595,1.3598,4.80,7.20
2010.06.23 19:10:48.373,1.35955,1.35985,1.60,6.00
2010.06.23 19:10:48.543,1.35955,1.35985,1.60,1.60
2010.06.23 19:10:50.032,1.35955,1.35985,1.00,1.00
2010.06.23 19:10:51.160,1.35965,1.35995,1.00,1.60
2010.06.23 19:10:51.505,1.35965,1.35995,1.60,1.00
2010.06.23 19:10:52.374,1.35965,1.35995,1.00,3.20
2010.06.23 19:10:52.702,1.3596,1.3599,6.00,1.00
2010.06.23 19:10:53.030,1.3596,1.3599,5.20,1.00
2010.06.23 19:10:53.840,1.35965,1.3599,1.00,1.00
2010.06.23 19:10:54.096,1.35965,1.35995,1.00,1.60
2010.06.23 19:10:55.194,1.35965,1.35995,1.60,1.60
2010.06.23 19:10:55.510,1.3597,1.35995,4.00,1.00
2010.06.23 19:10:55.829,1.3597,1.36,4.80,1.00
2010.06.23 19:10:57.271,1.3597,1.36,4.00,1.00
2010.06.23 19:10:58.970,1.35965,1.36,1.60,1.60
2010.06.23 19:10:59.308,1.3597,1.36,1.00,1.60
2010.06.23 19:11:00.052,1.3597,1.36,3.20,1.60
2010.06.23 19:11:03.256,1.3596,1.35995,12.00,1.60
2010.06.23 19:11:04.660,1.35965,1.36,12.80,1.60
2010.06.23 19:11:04.962,1.3597,1.36,1.00,1.60
2010.06.23 19:11:06.056,1.35965,1.35995,2.40,1.00
2010.06.23 19:11:06.352,1.3597,1.35995,1.00,1.00
2010.06.23 19:11:07.255,1.35965,1.35995,1.00,1.60
2010.06.23 19:11:07.607,1.35965,1.35995,1.00,4.00
2010.06.23 19:11:08.501,1.35965,1.35995,1.00,1.60
2010.06.23 19:11:09.697,1.35965,1.35995,12.00,1.00
2010.06.23 19:11:10.002,1.3597,1.35995,2.40,1.00
2010.06.23 19:11:10.828,1.3597,1.36,4.80,1.00
2010.06.23 19:11:11.103,1.3597,1.36,4.80,1.60
2010.06.23 19:11:14.564,1.3597,1.36,8.00,1.60
2010.06.23 19:11:14.662,1.3597,1.36,4.80,1.00
2010.06.23 19:11:15.341,1.35975,1.36,1.00,1.00
2010.06.23 19:11:15.450,1.3597,1.36005,4.80,4.00
2010.06.23 19:11:15.888,1.3597,1.36005,4.00,4.00
2010.06.23 19:11:16.237,1.3597,1.36,4.80,1.00
2010.06.23 19:11:16.763,1.3597,1.36,4.00,1.00
2010.06.23 19:11:17.018,1.35965,1.36,2.40,1.60
2010.06.23 19:11:17.287,1.3597,1.36,1.00,1.60
2010.06.23 19:11:18.107,1.35975,1.36005,6.80,3.20
2010.06.23 19:11:18.458,1.35975,1.3601,11.60,1.60
2010.06.23 19:11:19.308,1.3598,1.3601,4.00,1.00
2010.06.23 19:11:19.588,1.3598,1.3601,1.00,1.60
2010.06.23 19:11:20.895,1.3598,1.3601,5.60,1.60
2010.06.23 19:11:22.053,1.3598,1.36005,4.80,1.00
2010.06.23 19:11:22.403,1.3598,1.3601,1.60,1.60
2010.06.23 19:11:23.021,1.3598,1.36015,5.60,1.60
2010.06.23 19:11:23.375,1.3598,1.3601,1.60,1.00
2010.06.23 19:11:24.595,1.35985,1.36015,1.00,1.60
2010.06.23 19:11:28.279,1.35985,1.36005,1.00,1.00
2010.06.23 19:11:28.624,1.3598,1.3601,1.60,1.00
2010.06.23 19:11:33.726,1.35985,1.36015,1.00,1.60
2010.06.23 19:11:33.877,1.3598,1.3601,12.00,1.00
2010.06.23 19:11:45.845,1.3598,1.3601,15.20,1.00
2010.06.23 19:11:46.106,1.35985,1.3601,1.00,1.00
2010.06.23 19:11:46.236,1.35985,1.36015,1.00,1.60
2010.06.23 19:11:46.547,1.35985,1.36015,1.60,1.00
2010.06.23 19:11:59.304,1.35985,1.3602,1.60,4.80
2010.06.23 19:11:59.394,1.35995,1.36025,1.00,1.00
2010.06.23 19:12:02.551,1.35995,1.36025,1.60,1.00
2010.06.23 19:12:05.627,1.35995,1.36025,1.00,1.00
2010.06.23 19:12:07.174,1.35995,1.36025,1.60,1.00
2010.06.23 19:12:13.550,1.36,1.3603,1.00,4.80
2010.06.23 19:12:14.100,1.36,1.3603,1.00,4.00
2010.06.23 19:12:14.325,1.36005,1.3604,16.80,4.50
2010.06.23 19:12:14.548,1.36005,1.3604,16.80,4.00
2010.06.23 19:12:14.769,1.3601,1.3604,1.60,4.00
2010.06.23 19:12:23.462,1.36005,1.36035,4.80,1.00
2010.06.23 19:12:23.714,1.36005,1.36035,2.40,1.00
2010.06.23 19:12:26.613,1.36005,1.36035,2.40,1.60
2010.06.23 19:12:26.777,1.36005,1.36035,3.20,1.60
2010.06.23 19:12:32.835,1.35995,1.36025,3.20,1.00
2010.06.23 19:12:37.198,1.35995,1.36025,3.20,1.60
2010.06.23 19:12:37.437,1.35995,1.36025,2.40,1.60
2010.06.23 19:12:39.886,1.35995,1.36025,1.60,1.60
2010.06.23 19:12:40.820,1.35995,1.3602,1.60,1.00
2010.06.23 19:12:41.144,1.35995,1.36025,1.60,1.60
2010.06.23 19:12:44.403,1.36,1.3603,1.00,1.60
2010.06.23 19:12:45.549,1.36005,1.3603,1.60,1.60
2010.06.23 19:12:48.101,1.36005,1.3603,1.60,1.00
2010.06.23 19:12:53.510,1.3601,1.36035,3.20,1.60
2010.06.23 19:12:54.331,1.36015,1.3604,1.60,4.80
2010.06.23 19:12:55.262,1.36015,1.36035,1.60,1.00
2010.06.23 19:12:56.171,1.36015,1.36035,1.60,1.60
2010.06.23 19:12:59.219,1.36005,1.3603,1.60,1.00
2010.06.23 19:12:59.875,1.36005,1.3603,1.60,1.60
2010.06.23 19:13:02.200,1.36005,1.36035,2.40,1.60
2010.06.23 19:13:08.716,1.36005,1.36035,2.40,2.40
2010.06.23 19:13:08.869,1.36015,1.36035,2.40,1.00
2010.06.23 19:13:09.020,1.36015,1.36035,8.00,1.00
2010.06.23 19:13:09.570,1.36015,1.36035,1.60,1.00
2010.06.23 19:13:10.382,1.36015,1.36035,1.60,1.60
2010.06.23 19:13:10.965,1.36015,1.3603,1.60,1.00
2010.06.23 19:13:11.266,1.36005,1.36035,2.40,1.60
2010.06.23 19:13:11.552,1.36005,1.36035,2.40,2.40
2010.06.23 19:13:12.421,1.36005,1.36035,2.40,4.80
2010.06.23 19:13:12.759,1.36005,1.36035,3.20,4.80
2010.06.23 19:13:14.338,1.36005,1.36035,3.20,4.00
2010.06.23 19:13:18.239,1.36005,1.36035,3.20,1.00
2010.06.23 19:13:21.706,1.36015,1.36035,1.60,2.40
2010.06.23 19:13:22.512,1.36015,1.3604,1.60,3.20
2010.06.23 19:13:22.648,1.36015,1.3604,1.60,1.00
2010.06.23 19:13:25.587,1.36015,1.3604,1.60,1.60
2010.06.23 19:13:25.758,1.36015,1.36035,1.60,2.40
2010.06.23 19:13:26.588,1.36015,1.36035,1.60,1.60
2010.06.23 19:13:26.866,1.36005,1.36035,1.60,1.60
2010.06.23 19:13:29.995,1.36005,1.36035,1.60,2.40
2010.06.23 19:13:31.155,1.36005,1.36035,1.60,4.00
2010.06.23 19:13:32.878,1.36005,1.36035,1.60,4.90
2010.06.23 19:13:33.839,1.36,1.36035,2.40,4.90
2010.06.23 19:13:35.302,1.36,1.36025,1.00,2.40
2010.06.23 19:13:38.683,1.36,1.3603,1.00,1.00
2010.06.23 19:13:46.035,1.36,1.3603,1.00,1.60
2010.06.23 19:13:51.982,1.36,1.3603,1.00,1.00
2010.06.23 19:13:52.861,1.36,1.3603,1.60,1.00
2010.06.23 19:13:54.169,1.3601,1.36035,2.40,2.40
2010.06.23 19:13:54.418,1.36005,1.36035,3.20,4.00
2010.06.23 19:13:54.974,1.36005,1.36035,3.20,1.60
2010.06.23 19:13:55.135,1.36005,1.36035,1.60,1.60
2010.06.23 19:13:58.407,1.36005,1.36035,1.60,4.80
2010.06.23 19:14:00.986,1.3601,1.36035,2.40,1.60
2010.06.23 19:14:01.158,1.36005,1.3604,1.60,4.80
2010.06.23 19:14:03.182,1.36005,1.36035,1.60,1.00
2010.06.23 19:14:03.389,1.36005,1.36035,1.60,1.60
2010.06.23 19:14:04.975,1.36,1.36035,9.60,1.60
2010.06.23 19:14:05.148,1.36005,1.36035,1.60,1.60
2010.06.23 19:14:06.216,1.36005,1.3603,1.60,1.00
2010.06.23 19:14:08.015,1.36005,1.36035,2.40,11.20
2010.06.23 19:14:08.318,1.36005,1.36035,2.40,11.30
2010.06.23 19:14:09.219,1.36005,1.3603,1.60,1.00
2010.06.23 19:14:13.264,1.36005,1.36035,2.40,1.60
2010.06.23 19:14:13.488,1.36005,1.36035,3.20,1.60
2010.06.23 19:14:14.138,1.36005,1.36035,3.20,1.00
2010.06.23 19:14:15.442,1.36015,1.36035,1.60,1.00
2010.06.23 19:14:18.358,1.36015,1.3604,1.60,3.20
2010.06.23 19:14:19.293,1.36025,1.36045,1.60,1.60
2010.06.23 19:14:21.335,1.36025,1.3605,1.60,4.00
2010.06.23 19:14:23.598,1.36025,1.36045,1.60,4.00
2010.06.23 19:14:25.498,1.3602,1.36045,2.40,4.00
2010.06.23 19:14:26.665,1.3602,1.36045,2.40,3.20
2010.06.23 19:14:28.168,1.3602,1.36045,2.40,4.00
2010.06.23 19:14:31.954,1.3602,1.36045,2.40,4.80
2010.06.23 19:14:32.095,1.3602,1.36045,2.40,1.60
2010.06.23 19:14:32.238,1.36015,1.36045,11.20,1.60
2010.06.23 19:14:32.372,1.36015,1.3604,8.80,1.00
2010.06.23 19:14:33.248,1.3602,1.36045,4.00,1.60
2010.06.23 19:14:33.595,1.3602,1.36045,2.40,1.60
2010.06.23 19:14:36.180,1.3602,1.36045,6.40,1.60
2010.06.23 19:14:36.489,1.3602,1.36045,6.40,1.00
2010.06.23 19:14:42.487,1.3602,1.36045,7.20,1.00
2010.06.23 19:14:42.851,1.3602,1.3605,3.20,4.80
2010.06.23 19:14:43.573,1.3602,1.36045,1.00,1.00
2010.06.23 19:14:43.869,1.36015,1.36045,1.60,1.00
2010.06.23 19:14:44.171,1.36015,1.36045,1.00,1.00
2010.06.23 19:14:44.732,1.36015,1.36045,1.00,4.80
2010.06.23 19:14:45.005,1.36005,1.36035,4.80,1.00
2010.06.23 19:14:46.333,1.36005,1.36035,10.40,1.00
2010.06.23 19:14:46.635,1.36005,1.36035,11.20,1.00
2010.06.23 19:14:47.439,1.36005,1.3604,12.00,1.60
2010.06.23 19:14:47.774,1.3601,1.3604,12.00,1.00
2010.06.23 19:14:49.616,1.3601,1.3604,9.60,1.00
2010.06.23 19:14:49.762,1.3601,1.3604,1.60,1.00
2010.06.23 19:14:49.843,1.3601,1.3604,1.00,1.00
2010.06.23 19:14:49.917,1.3601,1.3604,1.00,1.60
2010.06.23 19:14:50.577,1.36005,1.3604,8.80,1.60
2010.06.23 19:14:50.658,1.36005,1.36035,5.60,1.00
2010.06.23 19:14:51.009,1.36005,1.3603,1.00,1.00
2010.06.23 19:14:51.880,1.36,1.3603,1.60,1.00
2010.06.23 19:14:53.074,1.36005,1.36035,10.40,1.00
2010.06.23 19:14:53.381,1.36005,1.36035,9.60,1.00
2010.06.23 19:14:53.937,1.36005,1.36035,5.60,1.00
2010.06.23 19:14:54.253,1.36005,1.36035,1.00,1.60
2010.06.23 19:14:56.058,1.36,1.3603,8.00,1.00
2010.06.23 19:14:56.330,1.36,1.3603,1.60,1.00
2010.06.23 19:14:59.369,1.36,1.3603,1.00,1.00
2010.06.23 19:15:02.409,1.36,1.3603,1.00,1.60
2010.06.23 19:15:06.338,1.36,1.3602,1.00,1.00
2010.06.23 19:15:06.438,1.35995,1.3602,14.40,1.00
2010.06.23 19:15:06.541,1.35995,1.3602,6.40,1.00
2010.06.23 19:15:07.127,1.35995,1.3602,4.00,1.60
2010.06.23 19:15:07.446,1.35985,1.3602,11.60,1.60
2010.06.23 19:15:08.378,1.35985,1.3602,11.60,5.60
2010.06.23 19:15:09.050,1.35985,1.36015,4.00,1.60
2010.06.23 19:15:09.413,1.35985,1.36015,1.00,1.60
2010.06.23 19:15:09.589,1.35985,1.3601,1.00,2.40
2010.06.23 19:15:10.231,1.35985,1.36015,1.60,1.00
2010.06.23 19:15:10.320,1.35985,1.3602,5.60,4.80
2010.06.23 19:15:10.659,1.3599,1.3602,1.60,4.80
2010.06.23 19:15:12.149,1.3599,1.3602,2.40,4.00
2010.06.23 19:15:12.429,1.3599,1.3602,2.40,3.20
2010.06.23 19:15:13.303,1.35995,1.3602,1.60,3.20
2010.06.23 19:15:16.928,1.35995,1.3602,1.00,3.20
2010.06.23 19:15:17.855,1.3599,1.3602,1.60,3.20
2010.06.23 19:15:18.203,1.3599,1.3602,1.60,4.00
2010.06.23 19:15:18.411,1.35995,1.3602,1.00,3.20
2010.06.23 19:15:26.537,1.35995,1.3602,1.00,2.40
2010.06.23 19:15:26.993,1.35995,1.3602,1.60,2.40
2010.06.23 19:15:28.144,1.36,1.3603,1.00,4.80
2010.06.23 19:15:28.378,1.36,1.3603,1.00,5.60
2010.06.23 19:15:28.608,1.36,1.3603,1.00,4.80
2010.06.23 19:15:30.259,1.36,1.36025,1.00,1.00
2010.06.23 19:15:31.001,1.36,1.3603,1.00,4.80
2010.06.23 19:15:32.373,1.35995,1.36025,1.60,1.00
2010.06.23 19:15:32.657,1.35995,1.36025,1.60,1.60
2010.06.23 19:15:32.942,1.35995,1.3602,1.00,2.40
2010.06.23 19:15:33.780,1.35995,1.3602,12.00,2.40
2010.06.23 19:15:34.638,1.35995,1.3602,2.40,2.40
2010.06.23 19:15:34.894,1.3599,1.3602,4.90,2.40
2010.06.23 19:15:35.140,1.35995,1.3602,1.60,2.40
2010.06.23 19:15:36.045,1.35995,1.3602,4.80,2.40
2010.06.23 19:15:37.919,1.35995,1.3602,2.40,2.40
2010.06.23 19:15:38.220,1.35995,1.3602,1.00,2.40
2010.06.23 19:15:39.748,1.35995,1.3602,1.60,2.40
2010.06.23 19:15:40.496,1.36,1.3602,1.00,2.40
2010.06.23 19:15:42.454,1.3599,1.3602,4.00,4.00
2010.06.23 19:15:43.029,1.35995,1.3602,2.40,4.80
2010.06.23 19:15:43.374,1.3599,1.3602,1.60,4.80
2010.06.23 19:15:46.400,1.3599,1.3602,1.60,4.00
2010.06.23 19:15:46.761,1.3599,1.3602,1.60,3.20
2010.06.23 19:15:47.488,1.35995,1.3602,1.00,3.20
2010.06.23 19:15:49.211,1.35995,1.3602,3.20,3.20
2010.06.23 19:15:49.557,1.3599,1.3602,2.40,3.20
2010.06.23 19:15:50.435,1.35995,1.3602,3.20,2.40
2010.06.23 19:15:50.606,1.36005,1.36025,1.60,4.00
2010.06.23 19:15:52.050,1.36005,1.36025,4.80,2.40
2010.06.23 19:15:52.277,1.36005,1.36025,6.40,2.40
2010.06.23 19:15:54.069,1.36005,1.36025,4.80,2.40
2010.06.23 19:15:54.358,1.36005,1.36025,6.40,2.40
2010.06.23 19:15:54.954,1.36005,1.36025,5.60,2.40
2010.06.23 19:15:56.641,1.36005,1.3602,1.60,2.40
2010.06.23 19:15:56.883,1.36,1.3602,2.40,2.40
2010.06.23 19:16:03.844,1.35995,1.3602,4.80,2.40
2010.06.23 19:16:04.196,1.35995,1.3602,2.40,2.40
2010.06.23 19:16:05.594,1.36,1.3602,3.20,2.40
2010.06.23 19:16:09.821,1.36,1.3602,2.40,2.40
2010.06.23 19:16:10.633,1.36,1.3602,3.20,2.40
2010.06.23 19:16:12.060,1.36,1.3602,1.00,2.40
2010.06.23 19:16:12.753,1.36,1.3602,1.60,2.40
2010.06.23 19:16:14.381,1.36005,1.3602,1.00,2.40
2010.06.23 19:16:14.640,1.36,1.36025,4.80,4.80
2010.06.23 19:16:14.903,1.36005,1.3602,1.00,2.40
2010.06.23 19:16:15.836,1.36,1.3602,1.60,2.40
2010.06.23 19:16:19.838,1.36,1.3602,4.00,2.40
2010.06.23 19:16:22.979,1.36,1.3602,1.60,3.20
2010.06.23 19:16:23.218,1.36,1.3602,1.60,2.40
2010.06.23 19:16:33.730,1.36,1.36025,4.00,4.80
2010.06.23 19:16:34.075,1.36,1.3602,3.20,2.40
2010.06.23 19:16:34.696,1.36,1.36025,3.20,4.80
2010.06.23 19:16:35.046,1.36,1.36025,4.80,4.00
2010.06.23 19:16:36.181,1.36,1.3602,3.20,2.40
2010.06.23 19:16:36.451,1.36,1.3602,4.00,2.40
2010.06.23 19:16:38.399,1.36,1.3602,1.00,3.20
2010.06.23 19:16:38.619,1.35995,1.3602,1.60,3.20
2010.06.23 19:16:39.365,1.35995,1.3602,4.00,3.20
2010.06.23 19:16:39.710,1.36,1.3602,1.00,2.40
2010.06.23 19:16:40.292,1.36,1.3602,1.00,3.20
2010.06.23 19:16:40.652,1.36,1.3602,1.00,2.40
2010.06.23 19:16:45.941,1.35995,1.3602,4.00,2.40
2010.06.23 19:16:46.038,1.35995,1.3602,1.60,2.40
2010.06.23 19:16:46.143,1.35995,1.3602,1.00,2.40
2010.06.23 19:16:47.246,1.35995,1.3602,4.00,2.40
2010.06.23 19:16:48.598,1.35995,1.3602,4.00,3.20
2010.06.23 19:16:50.567,1.36,1.3602,1.00,2.40
2010.06.23 19:16:50.648,1.36,1.3602,1.60,2.40
2010.06.23 19:16:50.731,1.36,1.3603,9.60,6.00
2010.06.23 19:16:50.809,1.36005,1.3603,1.60,5.20
2010.06.23 19:16:50.890,1.36005,1.3603,1.60,2.80
2010.06.23 19:16:50.970,1.36005,1.3603,4.00,1.00
2010.06.23 19:16:51.878,1.3601,1.3604,2.40,3.20
2010.06.23 19:16:53.468,1.36015,1.3604,1.60,3.20
2010.06.23 19:16:57.344,1.36015,1.3604,4.80,3.20
2010.06.23 19:17:00.937,1.36015,1.3604,4.90,3.20
2010.06.23 19:17:05.195,1.3602,1.3604,2.40,3.20
2010.06.23 19:17:05.298,1.3601,1.3604,8.80,3.20
2010.06.23 19:17:05.931,1.36015,1.3604,1.00,3.20
2010.06.23 19:17:06.269,1.36015,1.3604,1.60,3.20
2010.06.23 19:17:07.438,1.3601,1.3602,1.60,1.60
2010.06.23 19:17:08.008,1.36005,1.3602,2.40,1.60
2010.06.23 19:17:08.801,1.36005,1.3602,1.00,1.60
2010.06.23 19:17:09.777,1.3601,1.3602,2.40,1.60
2010.06.23 19:17:10.149,1.36005,1.3603,1.00,3.20
2010.06.23 19:17:10.492,1.36005,1.3603,2.40,2.40
2010.06.23 19:17:12.246,1.36005,1.3603,2.40,3.20
2010.06.23 19:17:12.422,1.36,1.3603,1.60,4.00
2010.06.23 19:17:13.125,1.36,1.3603,1.00,4.80
2010.06.23 19:17:13.475,1.35995,1.36025,2.40,3.20
2010.06.23 19:17:14.061,1.35995,1.3602,2.40,1.00
2010.06.23 19:17:14.584,1.35995,1.3602,1.60,4.00
2010.06.23 19:17:17.246,1.36,1.3602,1.00,4.00
2010.06.23 19:17:17.475,1.36,1.3602,2.40,1.00
2010.06.23 19:17:18.025,1.36,1.36025,2.40,6.00
2010.06.23 19:17:18.372,1.36,1.36025,4.00,5.60
2010.06.23 19:17:21.018,1.36,1.36025,4.80,5.60
2010.06.23 19:17:22.018,1.36005,1.36025,3.20,1.00
2010.06.23 19:17:22.260,1.36005,1.36025,1.60,1.00
2010.06.23 19:17:23.023,1.36005,1.3603,2.40,4.40
2010.06.23 19:17:23.372,1.36005,1.3603,1.60,4.00
2010.06.23 19:17:24.062,1.36005,1.3603,1.00,4.00
2010.06.23 19:17:24.407,1.36,1.3603,1.60,6.00
2010.06.23 19:17:25.939,1.36,1.3603,1.60,6.10
2010.06.23 19:17:26.278,1.36,1.36025,1.60,2.40
2010.06.23 19:17:26.528,1.36,1.36025,1.00,2.40
2010.06.23 19:17:27.381,1.36,1.3603,1.00,6.10
2010.06.23 19:17:28.988,1.35995,1.3603,2.40,6.10
2010.06.23 19:17:29.758,1.35995,1.3602,9.60,3.20
2010.06.23 19:17:29.959,1.35995,1.3602,1.60,3.20
2010.06.23 19:17:31.084,1.36,1.3602,3.20,1.00
2010.06.23 19:17:31.434,1.36,1.36025,4.80,5.60
2010.06.23 19:17:32.760,1.36,1.3602,1.00,2.40
2010.06.23 19:17:32.999,1.36,1.36025,3.20,8.00
2010.06.23 19:17:33.549,1.36,1.36025,3.20,5.60
2010.06.23 19:17:34.233,1.36005,1.36025,1.00,5.60
2010.06.23 19:17:37.906,1.36,1.36025,3.20,5.60
2010.06.23 19:17:38.765,1.36,1.3602,1.00,2.40
2010.06.23 19:17:41.881,1.35995,1.3602,1.00,4.00
2010.06.23 19:17:42.003,1.35995,1.3602,1.00,4.40
2010.06.23 19:17:42.971,1.3599,1.3602,1.60,4.40
2010.06.23 19:17:43.322,1.3599,1.3602,2.40,4.40
2010.06.23 19:17:45.340,1.3599,1.3602,6.40,4.40
2010.06.23 19:17:45.880,1.3599,1.3602,2.40,4.40
2010.06.23 19:17:47.578,1.3599,1.3602,1.60,6.00
2010.06.23 19:17:48.401,1.3599,1.3602,1.00,6.00
2010.06.23 19:17:50.506,1.35985,1.36015,1.00,1.60
2010.06.23 19:17:50.673,1.3599,1.36015,1.00,4.40
2010.06.23 19:17:50.840,1.3599,1.36015,1.00,4.00
2010.06.23 19:17:51.554,1.35985,1.3601,1.00,1.00
2010.06.23 19:17:51.908,1.3598,1.3601,1.60,4.80
2010.06.23 19:17:52.251,1.3598,1.3601,1.60,5.20
2010.06.23 19:17:53.120,1.3598,1.3601,4.80,3.20
2010.06.23 19:17:53.462,1.3598,1.36015,4.00,6.00
2010.06.23 19:17:53.802,1.35985,1.36015,1.00,5.60
2010.06.23 19:17:54.684,1.35985,1.36015,1.60,1.60
2010.06.23 19:17:57.638,1.35985,1.36015,1.60,4.80
2010.06.23 19:17:57.880,1.35985,1.36015,1.00,5.60
2010.06.23 19:18:00.506,1.35985,1.36015,1.00,4.80
2010.06.23 19:18:00.617,1.35995,1.36015,1.60,4.80
2010.06.23 19:18:06.527,1.35995,1.36015,1.60,5.60
2010.06.23 19:18:07.246,1.3599,1.3601,1.60,2.40
2010.06.23 19:18:13.231,1.3599,1.3601,2.40,2.40
2010.06.23 19:18:13.472,1.3599,1.36015,4.80,4.00
2010.06.23 19:18:14.211,1.3599,1.3601,2.40,2.40
2010.06.23 19:18:16.667,1.3599,1.3601,1.60,2.40
2010.06.23 19:18:21.398,1.35985,1.36005,1.00,1.00
2010.06.23 19:18:21.740,1.3598,1.35995,1.60,2.40
2010.06.23 19:18:22.794,1.3599,1.36,1.60,1.00
2010.06.23 19:18:24.043,1.35985,1.3601,1.60,5.20
2010.06.23 19:18:24.798,1.3598,1.3601,1.60,5.20
2010.06.23 19:18:25.900,1.3598,1.3601,1.00,6.00
2010.06.23 19:18:26.583,1.3598,1.3601,4.00,5.20
2010.06.23 19:18:27.333,1.3598,1.3601,4.00,4.80
2010.06.23 19:18:28.529,1.35985,1.3601,1.00,3.20
2010.06.23 19:18:28.835,1.3599,1.36015,4.80,4.80
2010.06.23 19:18:29.133,1.35995,1.36015,1.00,5.60
2010.06.23 19:18:29.700,1.35995,1.36015,1.60,5.60
2010.06.23 19:18:30.045,1.3599,1.36015,4.80,4.80
2010.06.23 19:18:31.735,1.35995,1.36015,4.40,1.60
2010.06.23 19:18:31.892,1.3599,1.3601,8.80,2.40
2010.06.23 19:18:32.468,1.3599,1.3601,4.80,2.40
2010.06.23 19:18:32.645,1.35995,1.3601,1.60,2.40
2010.06.23 19:18:32.809,1.35995,1.36015,4.00,1.60
2010.06.23 19:18:33.721,1.35995,1.3601,1.00,2.40
2010.06.23 19:18:34.035,1.3599,1.3601,4.80,2.40
2010.06.23 19:18:34.865,1.35995,1.3601,1.00,2.40
2010.06.23 19:18:35.150,1.3599,1.3601,4.80,2.40
2010.06.23 19:18:35.908,1.3599,1.3601,4.00,2.40
2010.06.23 19:18:36.509,1.3599,1.3601,1.60,2.40
2010.06.23 19:18:37.776,1.3599,1.3601,4.00,2.40
2010.06.23 19:18:38.091,1.3599,1.3601,3.20,2.40
2010.06.23 19:18:38.970,1.3599,1.3601,4.00,2.40
2010.06.23 19:18:40.553,1.35995,1.36015,1.00,4.00
2010.06.23 19:18:45.857,1.35995,1.36015,1.00,4.80
2010.06.23 19:18:46.048,1.3599,1.36015,4.80,5.60
2010.06.23 19:18:46.866,1.3599,1.36015,4.80,4.80
2010.06.23 19:18:48.995,1.3599,1.36015,8.80,4.80
2010.06.23 19:18:49.348,1.35995,1.36015,1.60,4.00
2010.06.23 19:18:49.521,1.35995,1.36015,1.00,4.00
2010.06.23 19:18:50.300,1.3599,1.3601,4.00,2.40
2010.06.23 19:18:51.362,1.35985,1.3601,2.40,2.40
2010.06.23 19:18:51.579,1.35985,1.3601,1.60,2.40
2010.06.23 19:18:52.429,1.35985,1.3601,1.70,2.40
2010.06.23 19:18:52.740,1.3599,1.36015,4.00,6.00
2010.06.23 19:18:53.378,1.35995,1.36015,2.40,2.80
2010.06.23 19:18:53.706,1.3599,1.3601,2.40,2.40
2010.06.23 19:18:54.014,1.3599,1.3601,3.20,2.40
2010.06.23 19:18:54.796,1.3599,1.3601,4.80,2.40
2010.06.23 19:18:55.022,1.3599,1.36015,2.40,4.00
2010.06.23 19:18:55.252,1.3599,1.3601,2.40,2.40
2010.06.23 19:18:57.486,1.3597,1.36005,17.20,1.00
2010.06.23 19:18:57.735,1.35975,1.36005,1.60,1.00
2010.06.23 19:18:58.492,1.35975,1.3601,4.80,4.80
2010.06.23 19:18:58.831,1.3598,1.3601,1.00,4.80
2010.06.23 19:18:59.618,1.3598,1.3601,1.00,8.00
2010.06.23 19:18:59.964,1.3598,1.3601,1.00,10.40
2010.06.23 19:19:00.316,1.35975,1.3601,2.40,11.20
2010.06.23 19:19:01.136,1.35975,1.3601,2.40,12.00
2010.06.23 19:19:02.103,1.3598,1.3601,1.00,12.00
2010.06.23 19:19:02.359,1.3598,1.3601,1.00,9.60
2010.06.23 19:19:03.232,1.3598,1.3601,1.60,4.00
2010.06.23 19:19:03.583,1.3598,1.3601,1.00,4.80
2010.06.23 19:19:04.496,1.35975,1.36005,1.60,1.00
2010.06.23 19:19:04.843,1.3598,1.3601,1.00,5.60
2010.06.23 19:19:05.704,1.3598,1.3601,2.40,4.00
2010.06.23 19:19:07.404,1.35985,1.3601,1.00,3.20
2010.06.23 19:19:11.120,1.35985,1.3601,3.20,3.20
2010.06.23 19:19:11.278,1.3599,1.3601,1.00,3.20
2010.06.23 19:19:11.439,1.35985,1.3601,4.00,3.20
2010.06.23 19:19:11.600,1.35985,1.3601,1.00,3.20
2010.06.23 19:19:18.759,1.35985,1.3601,4.00,3.20
2010.06.23 19:19:18.924,1.35985,1.3601,4.80,2.40
2010.06.23 19:19:19.917,1.35985,1.3601,1.00,3.20
2010.06.23 19:19:21.126,1.35985,1.3601,2.40,2.40
2010.06.23 19:19:21.427,1.3599,1.3601,1.00,2.40
2010.06.23 19:19:24.283,1.35995,1.36015,1.60,4.80
2010.06.23 19:19:25.558,1.35995,1.36015,1.60,4.00
2010.06.23 19:19:27.841,1.3599,1.3601,1.60,2.40
2010.06.23 19:19:28.931,1.3599,1.3601,4.80,2.40
2010.06.23 19:19:29.382,1.35995,1.36015,1.60,4.00
2010.06.23 19:19:30.336,1.35995,1.36015,2.40,4.00
2010.06.23 19:19:30.663,1.35995,1.36015,1.60,4.00
2010.06.23 19:19:33.734,1.36,1.36015,1.00,1.60
2010.06.23 19:19:34.062,1.36,1.36015,1.00,2.40
2010.06.23 19:19:34.230,1.35995,1.36015,1.60,4.00
2010.06.23 19:19:40.170,1.36,1.36015,1.60,4.00
2010.06.23 19:19:40.348,1.36,1.3602,1.60,6.00
2010.06.23 19:19:41.522,1.36,1.3602,1.00,6.00
2010.06.23 19:19:41.849,1.35995,1.36015,4.80,2.40
2010.06.23 19:19:43.356,1.35995,1.3602,4.80,6.00
2010.06.23 19:19:44.290,1.35995,1.3602,4.90,6.00
2010.06.23 19:19:45.397,1.35995,1.36015,4.80,2.40
2010.06.23 19:19:47.240,1.35995,1.36015,4.00,2.40
2010.06.23 19:19:47.580,1.35995,1.36015,3.20,2.40
2010.06.23 19:19:50.444,1.35995,1.3602,1.00,3.60
2010.06.23 19:19:50.750,1.35995,1.3602,1.00,2.40
2010.06.23 19:19:52.278,1.35995,1.3602,2.40,2.40
2010.06.23 19:19:57.824,1.36,1.3602,1.60,2.40
2010.06.23 19:19:58.001,1.35995,1.36025,2.40,1.00
2010.06.23 19:19:58.688,1.35995,1.36025,2.40,2.40
2010.06.23 19:19:59.042,1.3598,1.3601,2.80,4.00
2010.06.23 19:19:59.806,1.3598,1.3601,2.40,4.00
2010.06.23 19:20:00.144,1.3598,1.3601,1.60,5.20
2010.06.23 19:20:01.001,1.3598,1.3601,1.60,4.80
2010.06.23 19:20:02.691,1.3598,1.3601,1.60,4.00
2010.06.23 19:20:10.237,1.3598,1.3601,2.40,3.20
2010.06.23 19:20:10.349,1.3598,1.3601,4.80,2.40
2010.06.23 19:20:10.907,1.35985,1.3601,1.00,2.40
2010.06.23 19:20:11.132,1.3599,1.36015,1.00,1.00
2010.06.23 19:20:11.359,1.3599,1.3602,4.80,4.00
2010.06.23 19:20:11.589,1.3599,1.3601,4.00,2.40
2010.06.23 19:20:14.460,1.3599,1.3601,1.60,2.40
2010.06.23 19:20:14.629,1.3599,1.36015,1.60,1.00
2010.06.23 19:20:14.799,1.3599,1.3602,1.60,4.40
2010.06.23 19:20:15.128,1.3599,1.3602,1.60,4.00
2010.06.23 19:20:20.739,1.35985,1.3602,2.40,8.80
2010.06.23 19:20:22.027,1.35985,1.3602,2.40,9.60
2010.06.23 19:20:23.726,1.35985,1.3602,1.60,9.60
2010.06.23 19:20:24.987,1.35985,1.3602,1.60,8.80
2010.06.23 19:20:25.134,1.35985,1.3602,1.60,4.80
2010.06.23 19:20:25.272,1.3599,1.3602,2.40,4.00
2010.06.23 19:20:26.087,1.35995,1.3602,1.60,3.20
2010.06.23 19:20:26.871,1.3599,1.3602,2.40,3.20
2010.06.23 19:20:27.613,1.35995,1.3602,1.60,3.20
2010.06.23 19:20:27.856,1.35995,1.3602,1.60,2.40
2010.06.23 19:20:28.729,1.36,1.36025,1.00,1.00
2010.06.23 19:20:29.074,1.36,1.3602,1.00,2.40
2010.06.23 19:20:30.662,1.36,1.36025,3.20,4.80
2010.06.23 19:20:30.942,1.36,1.3603,2.40,3.20
2010.06.23 19:20:33.813,1.36005,1.36035,1.00,1.60
2010.06.23 19:20:34.053,1.36005,1.36035,1.60,1.00
2010.06.23 19:20:34.815,1.36005,1.3603,1.00,1.00
2010.06.23 19:20:36.329,1.36005,1.3603,1.00,3.20
2010.06.23 19:20:37.154,1.36,1.3603,1.00,4.00
2010.06.23 19:20:37.503,1.35995,1.36025,2.40,1.00
2010.06.23 19:20:38.710,1.3599,1.3602,15.60,2.40
2010.06.23 19:20:39.066,1.3599,1.3602,1.00,4.00
2010.06.23 19:20:40.191,1.3599,1.3602,1.60,4.00
2010.06.23 19:20:40.851,1.3599,1.3602,1.60,3.20
2010.06.23 19:20:40.967,1.3599,1.3602,2.40,3.20
2010.06.23 19:20:41.087,1.35995,1.3602,1.00,3.20
2010.06.23 19:20:41.821,1.35995,1.3602,1.60,3.20
2010.06.23 19:20:44.767,1.35995,1.3602,1.00,3.20
2010.06.23 19:20:44.999,1.3599,1.3602,6.40,3.20
2010.06.23 19:20:45.225,1.3599,1.3602,2.40,4.00
2010.06.23 19:20:46.195,1.3599,1.3602,2.40,3.20
2010.06.23 19:20:46.460,1.3599,1.3602,2.40,4.00
2010.06.23 19:20:47.647,1.36,1.36025,1.60,1.00
2010.06.23 19:20:47.937,1.36005,1.3603,1.00,5.20
2010.06.23 19:20:48.505,1.36005,1.3603,1.00,5.60
2010.06.23 19:20:48.859,1.36005,1.3603,1.00,3.60
2010.06.23 19:20:50.651,1.36005,1.3603,1.60,3.60
2010.06.23 19:20:53.640,1.36005,1.3603,1.70,3.60
2010.06.23 19:20:54.458,1.3601,1.3603,1.00,3.60
2010.06.23 19:20:54.753,1.36015,1.3603,2.40,1.20
2010.06.23 19:20:55.603,1.3601,1.3603,2.40,3.70
2010.06.23 19:20:56.433,1.3601,1.3603,2.40,2.40
2010.06.23 19:20:56.745,1.3601,1.3603,3.20,2.40
2010.06.23 19:20:57.074,1.3601,1.3603,2.40,3.20
2010.06.23 19:20:57.940,1.36,1.3603,4.00,3.20
2010.06.23 19:20:59.520,1.36005,1.3603,1.60,3.20
2010.06.23 19:20:59.863,1.36005,1.3603,2.40,2.40
2010.06.23 19:21:02.809,1.3601,1.3603,1.00,2.40
2010.06.23 19:21:03.385,1.3601,1.3603,1.60,2.40
2010.06.23 19:21:03.731,1.36005,1.3603,1.60,2.40
2010.06.23 19:21:04.072,1.36005,1.3603,1.00,2.40
2010.06.23 19:21:04.920,1.36005,1.36035,1.60,1.60
2010.06.23 19:21:05.266,1.36005,1.3603,1.00,1.00
2010.06.23 19:21:09.974,1.36,1.3603,8.80,1.00
2010.06.23 19:21:12.069,1.36,1.3603,5.60,1.00
2010.06.23 19:21:12.259,1.36,1.3603,1.60,1.00
2010.06.23 19:21:12.448,1.36,1.3603,1.60,1.60
2010.06.23 19:21:12.721,1.36,1.3602,1.00,1.00
2010.06.23 19:21:13.505,1.3599,1.3602,4.00,1.60
2010.06.23 19:21:14.150,1.3599,1.3602,10.40,1.60
2010.06.23 19:21:15.584,1.3599,1.3602,4.00,1.00
2010.06.23 19:21:16.173,1.3599,1.3602,4.00,4.80
2010.06.23 19:21:16.415,1.3599,1.36025,12.80,2.00
2010.06.23 19:21:17.126,1.35995,1.36025,1.60,1.20
2010.06.23 19:21:17.475,1.3599,1.3602,1.60,1.00
2010.06.23 19:21:20.617,1.3599,1.3602,1.60,1.60
2010.06.23 19:21:20.769,1.3599,1.3602,2.40,4.00
2010.06.23 19:21:21.396,1.3599,1.3602,2.40,3.60
2010.06.23 19:21:21.447,1.3599,1.36015,1.00,1.00
2010.06.23 19:21:22.432,1.35985,1.36015,1.00,1.60
2010.06.23 19:21:22.779,1.35985,1.36015,1.00,1.00
2010.06.23 19:21:23.601,1.3598,1.3601,2.40,1.00
2010.06.23 19:21:23.882,1.3598,1.3601,1.60,1.00
2010.06.23 19:21:24.703,1.3598,1.3601,5.60,1.00
2010.06.23 19:21:25.051,1.35985,1.36015,1.00,2.00
2010.06.23 19:21:25.218,1.35985,1.36015,1.60,1.00
2010.06.23 19:21:26.439,1.3599,1.36015,1.00,1.00
2010.06.23 19:21:26.765,1.3599,1.3602,1.60,3.60
2010.06.23 19:21:27.625,1.3599,1.3602,1.60,4.40
2010.06.23 19:21:27.975,1.3599,1.3602,2.40,3.60
2010.06.23 19:21:28.322,1.35995,1.3602,1.00,3.20
2010.06.23 19:21:29.428,1.3599,1.3602,1.60,3.60
2010.06.23 19:21:30.691,1.3599,1.3602,2.40,3.60
2010.06.23 19:21:31.354,1.3599,1.3602,1.60,4.40
2010.06.23 19:21:32.244,1.35985,1.3602,2.40,5.20
2010.06.23 19:21:33.659,1.3599,1.3602,1.00,5.20
2010.06.23 19:21:33.913,1.35985,1.3602,2.40,5.20
2010.06.23 19:21:37.172,1.35995,1.3602,1.00,4.40
2010.06.23 19:21:37.907,1.35995,1.3602,1.00,3.60
2010.06.23 19:21:39.998,1.35995,1.3602,1.00,7.60
2010.06.23 19:21:41.175,1.3599,1.3602,1.60,4.40
2010.06.23 19:21:48.548,1.3599,1.3602,1.60,8.40
2010.06.23 19:21:56.091,1.35995,1.3602,1.00,2.40
2010.06.23 19:21:58.670,1.35995,1.3602,1.00,3.20
2010.06.23 19:21:59.305,1.35995,1.3602,1.00,3.60
2010.06.23 19:21:59.566,1.3599,1.3602,2.40,3.60
2010.06.23 19:22:03.173,1.3599,1.3602,2.40,2.80
2010.06.23 19:22:04.036,1.3599,1.3602,4.00,3.20
2010.06.23 19:22:07.048,1.3599,1.3602,1.60,3.20
2010.06.23 19:22:07.238,1.3599,1.3602,1.60,4.80
2010.06.23 19:22:07.823,1.3599,1.3602,1.60,5.60
2010.06.23 19:22:08.062,1.3599,1.3602,1.60,6.00
2010.06.23 19:22:08.759,1.3599,1.3602,1.60,4.40
2010.06.23 19:22:13.316,1.3599,1.3602,2.40,3.60
2010.06.23 19:22:14.580,1.35995,1.3602,1.60,3.60
2010.06.23 19:22:19.027,1.3599,1.36015,1.60,1.00
2010.06.23 19:22:19.777,1.35985,1.36015,1.60,1.00
2010.06.23 19:22:28.338,1.3599,1.3602,2.40,4.40
2010.06.23 19:22:28.563,1.35995,1.3602,1.60,3.60
2010.06.23 19:22:31.776,1.3599,1.3602,2.40,3.60
2010.06.23 19:22:34.725,1.36,1.36025,1.60,1.00
2010.06.23 19:22:35.085,1.36,1.3603,2.40,3.60
2010.06.23 19:22:40.355,1.36,1.3603,2.40,6.00
2010.06.23 19:22:40.583,1.36,1.3603,2.40,14.00
2010.06.23 19:22:40.813,1.36,1.3603,2.40,14.40
2010.06.23 19:22:41.890,1.36,1.36025,1.60,2.40
2010.06.23 19:22:42.232,1.36,1.36025,1.00,6.40
2010.06.23 19:22:42.967,1.36,1.36025,1.60,4.00
2010.06.23 19:22:43.287,1.36,1.3603,1.00,4.40
2010.06.23 19:22:43.596,1.35995,1.3602,2.40,2.40
2010.06.23 19:22:44.453,1.3599,1.3602,2.40,4.00
2010.06.23 19:22:44.802,1.3599,1.3602,2.40,4.40
2010.06.23 19:22:45.141,1.35995,1.3602,1.00,4.40
2010.06.23 19:22:46.009,1.3599,1.3602,4.00,5.20
2010.06.23 19:22:46.216,1.3599,1.3602,1.00,5.20
2010.06.23 19:22:47.276,1.35985,1.3602,2.40,5.20
2010.06.23 19:22:47.545,1.3599,1.3602,1.60,6.00
2010.06.23 19:22:49.391,1.3599,1.3602,1.60,4.40
2010.06.23 19:22:49.750,1.3599,1.36015,1.60,2.40
2010.06.23 19:22:50.441,1.3599,1.36015,1.00,2.40
2010.06.23 19:22:52.319,1.3599,1.3602,2.40,6.80
2010.06.23 19:22:52.600,1.3599,1.3602,2.40,5.20
2010.06.23 19:22:54.862,1.3599,1.3602,2.40,4.40
2010.06.23 19:22:55.071,1.3599,1.3602,4.80,4.40
2010.06.23 19:22:56.032,1.3599,1.3602,1.60,4.40
2010.06.23 19:22:57.306,1.3599,1.3602,1.00,5.20
2010.06.23 19:22:57.611,1.3599,1.3602,1.00,16.40
2010.06.23 19:23:01.411,1.35985,1.36015,2.40,5.60
2010.06.23 19:23:01.592,1.35985,1.36015,2.40,8.00
2010.06.23 19:23:02.297,1.3599,1.3602,3.20,8.80
2010.06.23 19:23:02.642,1.3599,1.3601,1.60,2.40
2010.06.23 19:23:03.320,1.35985,1.3601,1.60,4.00
2010.06.23 19:23:03.662,1.35985,1.3601,1.60,5.20
2010.06.23 19:23:05.216,1.35985,1.3601,1.60,4.40
2010.06.23 19:23:05.551,1.3598,1.3601,1.60,8.40
2010.06.23 19:23:06.318,1.3598,1.3601,1.60,4.40
2010.06.23 19:23:06.500,1.3598,1.3601,1.60,8.40
2010.06.23 19:23:06.844,1.35985,1.3601,1.00,4.40
2010.06.23 19:23:10.308,1.3598,1.3601,1.00,5.20
2010.06.23 19:23:10.483,1.35975,1.3601,2.40,5.20
2010.06.23 19:23:10.660,1.3598,1.3601,1.60,5.20
2010.06.23 19:23:11.857,1.3598,1.3601,1.60,9.20
2010.06.23 19:23:12.094,1.3598,1.36005,1.60,2.40
2010.06.23 19:23:12.769,1.3598,1.3601,2.40,4.40
2010.06.23 19:23:18.646,1.35985,1.3601,1.60,4.40
2010.06.23 19:23:19.551,1.35985,1.3601,1.00,4.40
2010.06.23 19:23:19.890,1.3598,1.3601,1.00,10.00
2010.06.23 19:23:21.734,1.3599,1.3601,1.00,3.60
2010.06.23 19:23:21.865,1.35985,1.3601,4.80,1.00
2010.06.23 19:23:22.622,1.35985,1.3601,1.00,5.60
2010.06.23 19:23:23.089,1.3598,1.3601,1.60,6.00
2010.06.23 19:23:25.845,1.3598,1.3601,6.40,5.20
2010.06.23 19:23:26.093,1.3598,1.3601,6.40,4.40
2010.06.23 19:23:26.343,1.35985,1.3601,1.60,3.60
2010.06.23 19:23:27.052,1.35985,1.3601,1.60,1.00
2010.06.23 19:23:27.395,1.3599,1.3602,1.60,5.20
2010.06.23 19:23:31.295,1.35995,1.3602,1.60,4.40
2010.06.23 19:23:36.418,1.35995,1.3602,1.60,3.60
2010.06.23 19:23:37.230,1.35995,1.36025,1.60,1.60
2010.06.23 19:23:37.479,1.35995,1.36025,1.60,1.00
2010.06.23 19:23:37.729,1.36005,1.36025,1.00,1.00
2010.06.23 19:23:38.618,1.36,1.3603,1.00,5.20
2010.06.23 19:23:38.961,1.35995,1.36025,8.00,1.00
2010.06.23 19:23:39.913,1.35995,1.36025,2.40,2.40
2010.06.23 19:23:40.253,1.3599,1.3602,13.20,1.00
2010.06.23 19:23:40.828,1.3599,1.3602,6.80,1.00
2010.06.23 19:23:41.137,1.3598,1.36015,1.60,2.40
2010.06.23 19:23:42.283,1.35975,1.36005,4.40,1.00
2010.06.23 19:23:43.158,1.35985,1.3601,1.00,3.20
2010.06.23 19:23:43.509,1.35985,1.36015,1.60,1.60
2010.06.23 19:23:46.898,1.35985,1.36015,1.60,2.00
2010.06.23 19:23:48.751,1.3599,1.36015,1.00,1.00
2010.06.23 19:23:51.596,1.3599,1.36015,2.40,1.00
2010.06.23 19:23:51.802,1.3599,1.3602,2.40,3.60
2010.06.23 19:23:52.660,1.35995,1.36025,1.60,4.40
2010.06.23 19:23:52.953,1.35995,1.36025,1.60,1.20
2010.06.23 19:23:53.540,1.35995,1.3602,1.00,2.40
2010.06.23 19:23:58.187,1.35995,1.3602,1.60,3.20
2010.06.23 19:23:58.374,1.3599,1.3602,2.40,5.20
2010.06.23 19:23:58.550,1.3599,1.3602,2.40,3.60
2010.06.23 19:23:59.222,1.35995,1.3602,1.60,3.60
2010.06.23 19:23:59.564,1.3599,1.3602,1.60,4.00
2010.06.23 19:23:59.915,1.3599,1.3602,1.00,4.80
2010.06.23 19:24:00.909,1.3599,1.3602,1.00,5.20
2010.06.23 19:24:02.806,1.3599,1.3602,1.00,9.20
2010.06.23 19:24:03.267,1.3599,1.3602,1.00,5.20
2010.06.23 19:24:07.528,1.3599,1.3602,1.60,4.40
2010.06.23 19:24:08.515,1.35985,1.3602,1.60,9.20
2010.06.23 19:24:08.859,1.35985,1.36015,1.60,1.00
2010.06.23 19:24:10.253,1.3599,1.3602,1.00,5.20
2010.06.23 19:24:13.013,1.3599,1.36015,1.60,1.20
2010.06.23 19:24:14.390,1.3599,1.3602,1.00,4.40
2010.06.23 19:24:14.729,1.3599,1.3602,1.00,5.20
2010.06.23 19:24:24.744,1.3599,1.3602,1.00,4.80
2010.06.23 19:24:24.898,1.3599,1.3602,1.00,4.00
2010.06.23 19:24:25.061,1.3599,1.3602,4.80,4.00
2010.06.23 19:24:25.220,1.3599,1.3602,4.80,1.00
2010.06.23 19:24:25.529,1.35995,1.36025,1.00,1.60
2010.06.23 19:24:27.012,1.36005,1.36025,1.00,3.20
2010.06.23 19:24:27.697,1.36,1.36025,4.00,4.80
2010.06.23 19:24:27.964,1.36005,1.3603,4.00,4.00
2010.06.23 19:24:29.241,1.36,1.36025,3.60,1.00
2010.06.23 19:24:30.362,1.36,1.36025,2.80,1.00
2010.06.23 19:24:30.664,1.35995,1.36025,11.60,1.00
2010.06.23 19:24:35.087,1.35995,1.36025,11.70,1.00
2010.06.23 19:24:35.609,1.36,1.3603,1.60,1.00
2010.06.23 19:24:39.397,1.36,1.3603,4.00,4.00
2010.06.23 19:24:39.963,1.36,1.3603,3.20,4.00
2010.06.23 19:24:41.448,1.36,1.3603,2.40,4.00
2010.06.23 19:24:41.680,1.35995,1.36025,1.00,1.00
2010.06.23 19:24:41.909,1.3599,1.36025,6.00,1.00
2010.06.23 19:24:42.548,1.3599,1.3602,6.00,1.00
2010.06.23 19:24:43.018,1.35995,1.36025,4.00,1.00
2010.06.23 19:24:43.639,1.35995,1.3603,11.20,5.60
2010.06.23 19:24:43.990,1.35995,1.36025,15.30,1.00
2010.06.23 19:24:44.830,1.35995,1.36025,14.40,1.00
2010.06.23 19:24:45.175,1.36,1.36035,4.80,2.00
2010.06.23 19:24:45.521,1.36005,1.36035,1.00,1.60
2010.06.23 19:24:46.367,1.36005,1.36035,1.60,1.60
2010.06.23 19:24:46.722,1.36005,1.36035,4.00,1.00
2010.06.23 19:24:48.404,1.36005,1.36035,3.20,1.60
2010.06.23 19:24:48.666,1.36005,1.36035,3.20,1.00
2010.06.23 19:24:49.418,1.36005,1.36035,3.20,1.60
2010.06.23 19:24:50.391,1.36,1.3603,11.20,1.00
2010.06.23 19:24:50.450,1.36,1.3603,10.40,1.00
2010.06.23 19:24:50.619,1.36,1.3603,10.40,1.60
2010.06.23 19:24:51.284,1.36,1.3603,8.80,1.60
2010.06.23 19:24:51.340,1.36,1.3603,5.60,1.00
2010.06.23 19:24:51.682,1.36005,1.3603,2.40,1.00
2010.06.23 19:24:54.819,1.36005,1.36035,3.20,1.60
2010.06.23 19:24:56.578,1.36005,1.36025,1.00,2.40
2010.06.23 19:24:56.920,1.36,1.36025,3.20,5.60
2010.06.23 19:24:57.109,1.36,1.36025,2.40,5.60
2010.06.23 19:24:59.868,1.36,1.3602,2.40,1.00
2010.06.23 19:25:01.225,1.36,1.36025,2.40,4.00
2010.06.23 19:25:01.490,1.36,1.36025,4.00,4.00
2010.06.23 19:25:01.759,1.36,1.36025,4.80,4.00
2010.06.23 19:25:02.928,1.36005,1.36025,1.00,4.00
2010.06.23 19:25:03.270,1.36005,1.36025,3.20,1.60
2010.06.23 19:25:09.578,1.36005,1.36025,2.40,1.60
2010.06.23 19:25:10.412,1.36,1.36025,4.80,4.00
2010.06.23 19:25:11.288,1.36,1.36025,3.20,4.00
2010.06.23 19:25:11.380,1.36,1.36025,2.40,4.00
2010.06.23 19:25:12.247,1.36,1.36025,2.40,4.80
2010.06.23 19:25:17.613,1.36,1.36025,4.00,4.00
2010.06.23 19:25:19.771,1.36,1.36025,2.40,4.80
2010.06.23 19:25:20.109,1.36,1.36025,3.20,4.00
2010.06.23 19:25:20.450,1.36,1.36025,2.40,10.40
2010.06.23 19:25:21.013,1.36,1.36025,2.40,11.20
2010.06.23 19:25:21.356,1.35995,1.36015,1.00,4.00
2010.06.23 19:25:21.704,1.35995,1.3602,4.80,2.00
2010.06.23 19:25:21.981,1.35995,1.36025,4.80,4.80
2010.06.23 19:25:22.792,1.36,1.36025,3.20,4.00
2010.06.23 19:25:27.529,1.36,1.36025,3.20,4.80
2010.06.23 19:25:27.701,1.35995,1.36025,4.80,7.20
2010.06.23 19:25:28.338,1.35995,1.36025,4.80,11.20
2010.06.23 19:25:29.037,1.35995,1.36025,4.80,9.60
2010.06.23 19:25:29.381,1.35995,1.36025,4.80,5.60
2010.06.23 19:25:37.476,1.35995,1.36025,6.40,4.00
2010.06.23 19:25:37.593,1.36,1.36025,3.20,4.00
2010.06.23 19:25:38.550,1.36,1.36025,4.80,4.00
2010.06.23 19:25:38.893,1.36,1.36025,3.20,4.00
2010.06.23 19:25:39.960,1.36,1.36025,2.40,4.80
2010.06.23 19:25:40.829,1.36,1.36025,3.20,4.80
2010.06.23 19:25:41.672,1.36,1.36025,3.20,4.00
2010.06.23 19:25:42.009,1.36,1.36025,2.40,4.80
2010.06.23 19:25:42.351,1.35995,1.36025,4.00,6.40
2010.06.23 19:25:42.943,1.35995,1.36025,3.20,7.20
2010.06.23 19:25:43.143,1.35995,1.36025,4.00,11.20
2010.06.23 19:25:43.482,1.35995,1.36025,4.80,5.60
2010.06.23 19:25:45.230,1.35995,1.36025,4.80,4.80
2010.06.23 19:25:47.969,1.35995,1.36025,4.80,4.00
2010.06.23 19:25:48.117,1.36,1.36025,2.40,4.00
2010.06.23 19:25:48.217,1.36,1.36025,3.20,4.00
2010.06.23 19:25:48.267,1.36,1.36025,4.00,4.00
2010.06.23 19:25:49.191,1.36,1.36025,4.80,4.00
2010.06.23 19:25:56.609,1.36,1.36025,4.00,4.00
2010.06.23 19:25:56.612,1.36,1.36025,4.80,4.00
2010.06.23 19:26:01.272,1.36,1.36025,2.40,4.80
2010.06.23 19:26:01.415,1.35995,1.36025,4.80,6.40
2010.06.23 19:26:01.598,1.35995,1.36025,4.80,5.60
2010.06.23 19:26:01.788,1.35995,1.36025,4.80,4.80
2010.06.23 19:26:26.237,1.35995,1.36025,4.80,5.60
2010.06.23 19:26:27.148,1.36,1.36025,2.40,5.60
2010.06.23 19:26:27.239,1.36,1.36025,4.00,4.00
2010.06.23 19:26:27.329,1.36,1.36025,4.80,4.00
2010.06.23 19:26:35.108,1.36,1.36025,4.00,4.80
2010.06.23 19:26:35.278,1.36,1.36025,4.00,4.00
2010.06.23 19:26:35.608,1.36,1.36025,4.80,4.00
2010.06.23 19:26:45.185,1.36005,1.3603,2.40,7.60
2010.06.23 19:26:45.412,1.36005,1.3603,3.20,6.80
2010.06.23 19:26:45.750,1.36005,1.3603,4.00,6.80
2010.06.23 19:26:46.645,1.36005,1.3603,3.20,6.80
2010.06.23 19:26:46.987,1.36015,1.3603,2.40,2.00
2010.06.23 19:26:47.836,1.36015,1.36035,2.40,1.00
2010.06.23 19:26:48.188,1.3601,1.36035,2.40,3.20
2010.06.23 19:26:48.539,1.3601,1.36035,2.40,6.40
2010.06.23 19:26:49.299,1.36005,1.3603,2.40,1.00
2010.06.23 19:26:51.842,1.36005,1.36035,2.40,1.60
2010.06.23 19:26:53.570,1.36005,1.36035,3.20,1.60
2010.06.23 19:26:53.929,1.36005,1.36035,7.20,1.60
2010.06.23 19:26:54.582,1.36005,1.36035,3.20,1.60
2010.06.23 19:26:57.469,1.36015,1.36045,4.00,6.00
2010.06.23 19:26:57.600,1.36015,1.36045,4.00,5.60
2010.06.23 19:26:58.996,1.36015,1.36045,4.00,6.40
2010.06.23 19:26:59.755,1.36015,1.36045,3.20,6.40
2010.06.23 19:27:03.149,1.36015,1.36045,4.00,6.40
2010.06.23 19:27:03.408,1.36015,1.3604,2.40,1.00
2010.06.23 19:27:09.209,1.3602,1.36045,2.40,5.60
2010.06.23 19:27:10.430,1.3602,1.3604,2.40,1.00
2010.06.23 19:27:10.722,1.36015,1.3604,2.40,1.00
2010.06.23 19:27:11.517,1.3602,1.3604,2.40,1.60
2010.06.23 19:27:11.948,1.36015,1.36035,2.40,1.60
2010.06.23 19:27:12.276,1.36015,1.36035,2.40,2.40
2010.06.23 19:27:12.602,1.36015,1.36035,2.40,3.20
2010.06.23 19:27:13.770,1.36015,1.36035,2.40,1.60
2010.06.23 19:27:15.722,1.36015,1.36035,4.00,1.60
2010.06.23 19:27:18.952,1.36015,1.36035,3.20,1.60
2010.06.23 19:27:19.174,1.36015,1.36035,2.40,2.40
2010.06.23 19:27:19.700,1.36015,1.36035,2.40,1.60
2010.06.23 19:27:31.044,1.36015,1.36035,4.00,1.60
2010.06.23 19:27:31.472,1.36015,1.3604,4.80,6.00
2010.06.23 19:27:32.331,1.3602,1.3604,4.80,1.00
2010.06.23 19:27:32.579,1.3602,1.36045,4.80,4.00
2010.06.23 19:27:32.822,1.3602,1.36045,4.80,2.40
2010.06.23 19:27:33.066,1.36025,1.3605,4.80,6.80
2010.06.23 19:27:33.944,1.36025,1.3605,4.80,6.00
2010.06.23 19:27:34.863,1.36025,1.36045,4.80,1.60
2010.06.23 19:27:36.128,1.36025,1.3605,4.80,6.00
2010.06.23 19:27:39.000,1.36025,1.36045,4.80,1.60
2010.06.23 19:27:40.023,1.36025,1.3605,4.80,6.00
2010.06.23 19:27:44.147,1.36025,1.36045,4.80,1.60
2010.06.23 19:27:44.518,1.36025,1.3605,4.80,6.00
2010.06.23 19:27:45.828,1.36025,1.36045,4.80,1.60
2010.06.23 19:27:47.207,1.36025,1.36045,6.40,1.60
2010.06.23 19:27:47.557,1.36025,1.36045,6.50,1.60
2010.06.23 19:27:47.901,1.36025,1.36045,7.30,1.60
2010.06.23 19:27:48.827,1.36035,1.36045,2.40,1.60
2010.06.23 19:27:49.102,1.36035,1.36065,6.40,4.00
2010.06.23 19:27:55.818,1.3604,1.3606,4.80,2.40
2010.06.23 19:27:59.289,1.36045,1.36065,4.00,4.00
2010.06.23 19:27:59.557,1.3604,1.3606,6.40,2.40
2010.06.23 19:28:00.365,1.3604,1.3606,4.80,2.40
2010.06.23 19:28:03.282,1.36045,1.36065,1.00,4.00
2010.06.23 19:28:04.842,1.3604,1.36065,4.90,1.60
2010.06.23 19:28:05.894,1.3604,1.3607,15.20,5.20
2010.06.23 19:28:06.245,1.3604,1.3607,8.90,6.00
2010.06.23 19:28:07.780,1.3604,1.3607,8.10,6.00
2010.06.23 19:28:08.289,1.36045,1.36065,5.20,2.40
2010.06.23 19:28:08.460,1.36045,1.36065,3.20,2.40
2010.06.23 19:28:10.920,1.36045,1.36065,4.00,2.40
2010.06.23 19:28:18.118,1.36035,1.3606,7.30,2.40
2010.06.23 19:28:18.240,1.36035,1.3606,6.50,2.40
2010.06.23 19:28:19.574,1.36035,1.3606,15.30,2.40
2010.06.23 19:28:19.886,1.36035,1.3606,8.80,2.40
2010.06.23 19:28:20.715,1.36045,1.36065,2.40,2.40
2010.06.23 19:28:21.750,1.36045,1.36065,4.00,2.40
2010.06.23 19:28:25.144,1.36045,1.36065,3.20,2.40
2010.06.23 19:28:25.343,1.3604,1.3606,9.20,2.40
2010.06.23 19:28:25.541,1.36035,1.3606,12.90,2.40
2010.06.23 19:28:25.743,1.36035,1.3606,12.90,2.40
2010.06.23 19:28:26.128,1.36035,1.3606,8.10,2.40
2010.06.23 19:28:27.324,1.3603,1.36055,6.80,2.40
2010.06.23 19:28:27.509,1.3603,1.36055,5.20,2.40
2010.06.23 19:28:28.411,1.3603,1.36055,4.40,3.20
2010.06.23 19:28:28.661,1.36025,1.3605,4.80,3.20
2010.06.23 19:28:28.901,1.36025,1.3605,4.00,3.20
2010.06.23 19:28:30.475,1.3603,1.3605,2.40,2.40
2010.06.23 19:28:31.292,1.36025,1.3605,4.00,3.20
2010.06.23 19:28:31.553,1.36025,1.3605,4.80,2.40
2010.06.23 19:28:34.726,1.36025,1.3605,1.00,3.20
2010.06.23 19:28:35.071,1.3602,1.3605,1.60,4.40
2010.06.23 19:28:36.262,1.36015,1.3605,2.40,5.20
2010.06.23 19:28:37.013,1.36015,1.3605,6.40,5.20
2010.06.23 19:28:37.194,1.36015,1.3605,11.20,4.40
2010.06.23 19:28:37.882,1.3602,1.3605,5.20,2.80
2010.06.23 19:28:38.720,1.36025,1.3605,1.00,4.00
2010.06.23 19:28:39.020,1.3602,1.3605,1.00,4.80
2010.06.23 19:28:39.303,1.3603,1.3605,2.40,1.60
2010.06.23 19:28:39.473,1.3603,1.3605,2.40,5.60
2010.06.23 19:28:39.641,1.36025,1.3605,1.00,3.20
2010.06.23 19:28:40.267,1.3602,1.3605,2.80,3.20
2010.06.23 19:28:40.447,1.3602,1.3605,1.60,4.40
2010.06.23 19:28:40.744,1.3602,1.3605,1.00,5.20
2010.06.23 19:28:43.637,1.36025,1.3605,4.00,5.20
2010.06.23 19:28:43.920,1.3602,1.3605,11.60,2.80
2010.06.23 19:28:44.164,1.36015,1.3605,15.20,3.20
2010.06.23 19:28:44.412,1.36015,1.3605,15.20,3.20
2010.06.23 19:28:44.891,1.36015,1.3605,15.20,3.20
2010.06.23 19:28:45.754,1.36015,1.3605,16.40,2.40
2010.06.23 19:28:46.104,1.3602,1.3605,14.40,2.40
2010.06.23 19:28:47.462,1.3602,1.3605,15.20,2.40
2010.06.23 19:28:47.715,1.3603,1.3605,1.00,2.40
2010.06.23 19:28:48.729,1.3603,1.36055,1.00,2.00
2010.06.23 19:28:49.077,1.36025,1.3606,15.20,4.40
2010.06.23 19:28:49.930,1.36025,1.3606,15.20,3.60
2010.06.23 19:28:50.922,1.36025,1.3606,15.30,3.60
2010.06.23 19:28:51.620,1.36025,1.3606,15.20,5.20
2010.06.23 19:28:52.848,1.3602,1.3606,16.10,5.20
2010.06.23 19:28:54.006,1.3602,1.3605,4.00,3.20
2010.06.23 19:28:54.252,1.36015,1.3605,11.30,3.20
2010.06.23 19:28:55.349,1.36015,1.3605,11.30,3.20
2010.06.23 19:28:56.549,1.36015,1.3605,14.50,2.40
2010.06.23 19:28:57.333,1.36025,1.3606,2.40,5.20
2010.06.23 19:28:59.286,1.36025,1.36055,1.60,1.00
2010.06.23 19:29:00.706,1.3602,1.3606,16.90,5.20
2010.06.23 19:29:00.990,1.3602,1.3606,16.10,5.20
2010.06.23 19:29:01.699,1.36025,1.36055,1.60,1.00
2010.06.23 19:29:10.915,1.36025,1.36055,1.00,1.00
2010.06.23 19:29:11.247,1.36025,1.36055,1.00,1.60
2010.06.23 19:29:14.093,1.36025,1.3605,1.00,2.40
2010.06.23 19:29:14.418,1.3602,1.3605,4.80,3.20
2010.06.23 19:29:14.511,1.36015,1.3605,13.70,3.20
2010.06.23 19:29:18.865,1.36025,1.3605,2.40,2.40
2010.06.23 19:29:22.018,1.3603,1.3606,1.60,7.60
2010.06.23 19:29:22.695,1.36025,1.3606,2.40,4.40
2010.06.23 19:29:28.044,1.3603,1.3606,1.60,3.20
2010.06.23 19:29:28.733,1.36025,1.3606,2.40,4.00
2010.06.23 19:29:29.616,1.36025,1.3606,6.40,4.40
2010.06.23 19:29:31.259,1.36025,1.3606,2.40,9.20
2010.06.23 19:29:31.488,1.36025,1.3606,6.40,5.20
2010.06.23 19:29:31.938,1.36025,1.3606,6.40,4.40
2010.06.23 19:29:33.844,1.3603,1.3606,1.00,4.40
2010.06.23 19:29:34.739,1.36025,1.3606,2.40,5.20
2010.06.23 19:29:36.932,1.3603,1.3606,1.60,4.40
2010.06.23 19:29:37.106,1.36035,1.3606,1.00,3.20
2010.06.23 19:29:39.580,1.36035,1.3606,1.60,3.20
2010.06.23 19:29:39.883,1.36035,1.3606,1.00,3.20
2010.06.23 19:29:57.828,1.3603,1.3606,4.80,3.20
2010.06.23 19:29:58.177,1.3603,1.3606,15.20,3.20
2010.06.23 19:29:58.525,1.36025,1.3606,15.20,4.00
2010.06.23 19:29:59.350,1.3603,1.3606,4.00,3.20
2010.06.23 19:30:01.898,1.3603,1.3606,2.40,3.20
2010.06.23 19:30:02.128,1.3603,1.36055,3.20,1.00
2010.06.23 19:30:02.995,1.3603,1.3605,1.00,2.40
2010.06.23 19:30:03.845,1.3602,1.3605,4.80,2.40
2010.06.23 19:30:07.980,1.36025,1.3605,1.60,2.40
2010.06.23 19:30:08.139,1.36025,1.3605,1.00,2.40
2010.06.23 19:30:08.448,1.36025,1.36055,2.40,4.80
2010.06.23 19:30:08.609,1.3602,1.36055,5.60,1.00
2010.06.23 19:30:10.610,1.3602,1.36055,4.80,1.60
2010.06.23 19:30:10.802,1.3602,1.3605,4.80,2.40
2010.06.23 19:30:12.648,1.3603,1.3605,1.00,2.40
2010.06.23 19:30:17.051,1.36025,1.3605,2.40,2.40
2010.06.23 19:30:17.724,1.36025,1.36055,4.80,4.80
2010.06.23 19:30:18.057,1.36025,1.3606,2.40,3.20
2010.06.23 19:30:18.899,1.36025,1.3605,2.40,2.40
2010.06.23 19:30:19.245,1.36025,1.3605,2.40,2.40
2010.06.23 19:30:21.612,1.3603,1.3605,1.60,2.40
2010.06.23 19:30:22.212,1.3603,1.36055,4.80,4.80
2010.06.23 19:30:22.395,1.3603,1.3606,8.80,3.60
2010.06.23 19:30:22.919,1.3603,1.3606,8.80,3.20
2010.06.23 19:30:23.746,1.36035,1.3606,4.80,3.20
2010.06.23 19:30:24.092,1.36035,1.3606,4.80,3.20
2010.06.23 19:30:26.120,1.36035,1.3606,4.80,3.20
2010.06.23 19:30:28.410,1.36035,1.3606,4.90,3.20
2010.06.23 19:30:29.429,1.36035,1.3606,4.00,3.20
2010.06.23 19:30:29.590,1.36035,1.3606,1.60,3.20
2010.06.23 19:30:29.752,1.3603,1.3606,2.40,3.20
2010.06.23 19:30:30.865,1.3603,1.3605,2.40,2.40
2010.06.23 19:30:31.184,1.36025,1.3605,8.80,2.40
2010.06.23 19:30:31.965,1.3603,1.3605,1.00,2.40
2010.06.23 19:30:33.920,1.3603,1.36055,1.60,1.00
2010.06.23 19:30:34.261,1.3603,1.3606,2.40,3.60
2010.06.23 19:30:35.151,1.3603,1.3606,2.40,3.20
2010.06.23 19:30:37.251,1.3603,1.3606,2.50,3.20
2010.06.23 19:30:39.468,1.3603,1.3606,2.40,3.20
2010.06.23 19:30:41.086,1.3604,1.36065,4.00,6.00
2010.06.23 19:30:41.204,1.36035,1.36065,8.80,6.00
2010.06.23 19:30:41.756,1.36035,1.36065,8.80,5.20
2010.06.23 19:30:42.088,1.3604,1.36065,4.80,4.80
2010.06.23 19:30:52.452,1.36045,1.36065,1.60,4.80
2010.06.23 19:30:59.549,1.36045,1.36065,1.00,4.80
2010.06.23 19:31:00.459,1.3604,1.3606,1.60,2.40
2010.06.23 19:31:08.418,1.3603,1.3605,1.60,2.40
2010.06.23 19:31:12.214,1.36025,1.3605,4.80,2.40
2010.06.23 19:31:12.558,1.36025,1.3605,4.80,2.40
2010.06.23 19:31:14.071,1.36035,1.3606,1.00,3.60
2010.06.23 19:31:14.731,1.3603,1.3606,2.40,2.80
2010.06.23 19:31:15.410,1.3603,1.3606,2.40,2.40
2010.06.23 19:31:18.493,1.36035,1.3606,1.60,2.40
2010.06.23 19:31:20.703,1.3603,1.3606,2.40,3.20
2010.06.23 19:31:28.628,1.36035,1.3606,1.00,2.40
2010.06.23 19:31:28.768,1.3603,1.3606,4.80,2.40
2010.06.23 19:31:29.329,1.3603,1.3606,11.20,2.40
2010.06.23 19:31:31.468,1.3603,1.36055,7.20,2.40
2010.06.23 19:31:31.531,1.3603,1.36055,7.20,4.00
2010.06.23 19:31:31.738,1.3603,1.36055,4.80,4.00
2010.06.23 19:31:31.797,1.3603,1.36055,4.80,2.40
2010.06.23 19:31:32.109,1.36035,1.3606,3.20,2.80
2010.06.23 19:31:32.168,1.36035,1.3606,4.00,2.80
2010.06.23 19:31:33.027,1.36035,1.3606,1.60,2.80
2010.06.23 19:31:33.324,1.36025,1.3606,4.80,4.40
2010.06.23 19:31:35.049,1.36025,1.3606,2.40,8.40
2010.06.23 19:31:35.260,1.36025,1.36055,1.60,1.00
2010.06.23 19:31:35.965,1.3602,1.3605,4.90,2.40
2010.06.23 19:31:36.112,1.36015,1.3605,11.70,2.40
2010.06.23 19:31:36.258,1.36015,1.3605,11.30,3.20
2010.06.23 19:31:39.971,1.3602,1.36045,3.20,1.00
2010.06.23 19:31:40.225,1.3602,1.36045,2.40,1.00
2010.06.23 19:31:42.138,1.3602,1.36045,3.20,1.00
2010.06.23 19:31:42.281,1.3602,1.3605,3.20,4.00
2010.06.23 19:31:42.985,1.3602,1.36055,16.00,1.00
2010.06.23 19:31:45.083,1.3602,1.3605,11.30,2.40
2010.06.23 19:31:50.597,1.36035,1.36055,2.40,1.00
2010.06.23 19:31:50.876,1.3603,1.3606,11.20,3.60
2010.06.23 19:31:51.085,1.3603,1.3606,8.80,4.40
2010.06.23 19:31:52.019,1.36025,1.3606,9.30,4.40
2010.06.23 19:31:52.362,1.36025,1.3606,10.90,4.40
2010.06.23 19:31:53.233,1.36025,1.3606,10.50,4.00
2010.06.23 19:31:53.508,1.3602,1.36055,14.20,1.00
2010.06.23 19:31:54.806,1.36025,1.36055,10.40,1.00
2010.06.23 19:31:55.156,1.3602,1.36055,16.10,1.60
2010.06.23 19:31:55.362,1.36025,1.36055,2.40,1.00
2010.06.23 19:31:57.296,1.36025,1.36055,8.80,1.00
2010.06.23 19:31:57.499,1.36025,1.36055,12.90,1.00
2010.06.23 19:32:01.797,1.36025,1.3605,3.20,2.40
2010.06.23 19:32:02.020,1.3602,1.3605,15.30,2.40
2010.06.23 19:32:02.360,1.36025,1.3605,4.80,2.40
2010.06.23 19:32:03.248,1.3603,1.3605,2.40,2.40
2010.06.23 19:32:03.379,1.3603,1.3606,8.80,5.20
2010.06.23 19:32:03.501,1.3603,1.3606,8.80,4.40
2010.06.23 19:32:04.236,1.3603,1.3605,1.60,2.40
2010.06.23 19:32:05.497,1.3603,1.3606,4.00,5.10
2010.06.23 19:32:05.740,1.3603,1.3606,1.60,4.00
2010.06.23 19:32:06.486,1.3603,1.3606,1.00,4.00
2010.06.23 19:32:08.505,1.36025,1.3606,2.40,4.00
2010.06.23 19:32:08.606,1.3602,1.36055,16.00,1.00
2010.06.23 19:32:10.251,1.3602,1.36055,16.10,1.00
2010.06.23 19:32:10.936,1.36015,1.3605,7.20,3.20
2010.06.23 19:32:11.499,1.3602,1.3605,8.00,2.40
2010.06.23 19:32:17.114,1.36025,1.36055,7.20,1.00
2010.06.23 19:32:18.588,1.3602,1.36055,15.60,1.60
2010.06.23 19:32:18.829,1.3602,1.3605,12.80,2.40
2010.06.23 19:32:21.121,1.36025,1.36045,2.40,1.60
2010.06.23 19:32:21.192,1.3602,1.36045,7.20,1.60
2010.06.23 19:32:21.752,1.3602,1.36045,3.20,1.60
2010.06.23 19:32:21.837,1.3602,1.36045,2.40,1.00
2010.06.23 19:32:24.249,1.3602,1.3605,4.00,3.20
2010.06.23 19:32:24.409,1.36015,1.3605,11.70,2.40
2010.06.23 19:32:25.034,1.3602,1.3605,3.20,3.20
2010.06.23 19:32:25.384,1.36015,1.3605,17.60,3.20
2010.06.23 19:32:25.729,1.36015,1.3605,25.20,1.00
2010.06.23 19:32:26.070,1.3602,1.3605,9.60,1.00
2010.06.23 19:32:27.551,1.3602,1.3605,5.60,1.00
2010.06.23 19:32:27.670,1.3602,1.3605,4.80,1.00
2010.06.23 19:32:28.297,1.3602,1.36045,4.80,1.00
2010.06.23 19:32:28.615,1.36015,1.36045,11.20,1.00
2010.06.23 19:32:30.461,1.3602,1.3605,8.80,4.00
2010.06.23 19:32:31.301,1.3602,1.3605,8.80,4.00
2010.06.23 19:32:31.665,1.3602,1.36045,2.40,1.00
2010.06.23 19:32:34.537,1.3602,1.36045,3.20,1.00
2010.06.23 19:32:34.777,1.3602,1.3605,3.20,1.00
2010.06.23 19:32:41.482,1.3602,1.36055,15.20,2.00
2010.06.23 19:32:41.759,1.36015,1.3605,25.70,1.00
2010.06.23 19:32:43.045,1.3602,1.36055,16.00,1.00
2010.06.23 19:32:43.289,1.3602,1.3606,16.00,5.20
2010.06.23 19:32:43.539,1.3602,1.3606,16.40,4.40
2010.06.23 19:32:45.547,1.36025,1.3606,9.20,4.40
2010.06.23 19:32:49.008,1.36025,1.3606,11.60,4.40
2010.06.23 19:32:49.089,1.36025,1.3606,15.60,4.40
2010.06.23 19:32:50.234,1.36025,1.3606,9.20,4.40
2010.06.23 19:32:51.528,1.36025,1.3606,9.20,5.20
2010.06.23 19:32:54.639,1.36025,1.36055,4.00,1.00
2010.06.23 19:32:54.777,1.36015,1.36055,25.30,1.00
2010.06.23 19:32:55.361,1.3602,1.36055,16.40,1.00
2010.06.23 19:32:55.418,1.3602,1.36055,16.40,1.00
2010.06.23 19:32:55.478,1.3602,1.36055,16.40,1.00
2010.06.23 19:33:01.669,1.36025,1.36055,8.80,1.00
2010.06.23 19:33:02.930,1.3602,1.36055,16.40,1.00
2010.06.23 19:33:03.170,1.3602,1.36055,16.40,1.00
2010.06.23 19:33:04.664,1.36025,1.3605,1.00,1.00
2010.06.23 19:33:05.410,1.3602,1.3605,5.60,1.00
2010.06.23 19:33:07.557,1.3602,1.3605,4.00,1.00
2010.06.23 19:33:07.633,1.3602,1.3605,14.40,1.00
2010.06.23 19:33:08.619,1.3602,1.3605,5.60,3.20
2010.06.23 19:33:08.962,1.3602,1.3605,3.20,3.20
2010.06.23 19:33:13.739,1.3602,1.3605,4.00,2.40
2010.06.23 19:33:14.385,1.36025,1.3605,1.00,2.40
2010.06.23 19:33:15.072,1.3602,1.36055,5.60,1.20
2010.06.23 19:33:15.412,1.3602,1.36055,5.60,1.00
2010.06.23 19:33:16.396,1.3602,1.3606,6.00,15.60
2010.06.23 19:33:16.612,1.3602,1.3606,5.60,15.60
2010.06.23 19:33:17.378,1.3602,1.3605,6.00,1.00
2010.06.23 19:33:17.723,1.36025,1.3605,1.00,1.00
2010.06.23 19:33:18.486,1.36025,1.36055,1.00,1.60
2010.06.23 19:33:18.744,1.36025,1.36055,1.00,1.00
2010.06.23 19:33:23.432,1.36025,1.36055,1.60,1.00
2010.06.23 19:33:23.798,1.36025,1.36055,4.80,1.00
2010.06.23 19:33:24.477,1.3603,1.36055,1.00,1.00
2010.06.23 19:33:24.771,1.3603,1.3606,1.60,4.40
2010.06.23 19:33:26.434,1.3603,1.3606,1.60,4.00
2010.06.23 19:33:26.684,1.3603,1.3606,1.60,4.40
2010.06.23 19:33:28.963,1.36035,1.3606,4.00,2.40
2010.06.23 19:33:30.000,1.36035,1.3606,4.80,2.40
2010.06.23 19:33:31.432,1.36035,1.3606,4.90,2.40
2010.06.23 19:33:36.210,1.36035,1.3606,2.40,2.40
2010.06.23 19:33:36.562,1.3603,1.3606,4.80,3.20
2010.06.23 19:33:36.988,1.3603,1.3606,5.20,3.20
2010.06.23 19:33:38.051,1.3603,1.3606,5.30,3.20
2010.06.23 19:33:38.592,1.36035,1.3606,2.40,2.40
2010.06.23 19:33:39.738,1.3603,1.3606,4.80,3.20
2010.06.23 19:33:40.029,1.3603,1.3606,4.90,3.20
2010.06.23 19:33:40.329,1.3603,1.3606,4.80,3.20
2010.06.23 19:33:40.629,1.36035,1.3606,2.40,3.20
2010.06.23 19:33:41.665,1.36035,1.3606,3.20,3.20
2010.06.23 19:33:41.851,1.36035,1.3606,3.20,2.40
2010.06.23 19:33:42.039,1.36035,1.3606,2.40,3.20
2010.06.23 19:33:48.108,1.36035,1.3606,3.20,2.40
2010.06.23 19:33:50.087,1.36035,1.3606,3.30,2.40
2010.06.23 19:33:50.820,1.36035,1.3606,3.20,2.40
2010.06.23 19:33:52.239,1.36035,1.3606,3.20,2.40
2010.06.23 19:33:52.823,1.3604,1.3606,2.40,2.40
2010.06.23 19:33:56.432,1.36045,1.36065,2.40,4.80
2010.06.23 19:33:59.999,1.36045,1.36065,2.40,4.00
2010.06.23 19:34:00.540,1.36045,1.36065,3.30,4.00
2010.06.23 19:34:01.322,1.3605,1.3607,2.40,3.20
2010.06.23 19:34:02.408,1.3605,1.36065,2.40,1.00
2010.06.23 19:34:02.600,1.3604,1.36065,2.80,1.00
2010.06.23 19:34:03.298,1.3604,1.36065,2.40,1.00
2010.06.23 19:34:06.595,1.3604,1.3607,4.00,3.20
2010.06.23 19:34:07.672,1.3604,1.3607,3.20,3.20
2010.06.23 19:34:07.954,1.3604,1.3607,3.20,4.00
2010.06.23 19:34:08.499,1.3604,1.36065,3.20,1.00
2010.06.23 19:34:09.241,1.3603,1.3606,17.20,1.00
2010.06.23 19:34:09.555,1.3603,1.3606,2.40,3.20
2010.06.23 19:34:10.993,1.3603,1.3606,3.20,3.20
2010.06.23 19:34:11.340,1.36035,1.3606,2.40,3.20
2010.06.23 19:34:11.681,1.36035,1.3606,2.40,2.40
2010.06.23 19:34:12.895,1.36035,1.36065,6.40,1.20
2010.06.23 19:34:13.157,1.36035,1.36065,6.40,1.00
2010.06.23 19:34:14.294,1.36035,1.36065,4.00,1.60
2010.06.23 19:34:14.430,1.3603,1.3606,5.60,1.00
2010.06.23 19:34:15.797,1.3603,1.3606,16.00,1.00
2010.06.23 19:34:16.141,1.3603,1.3606,16.10,1.00
2010.06.23 19:34:16.777,1.36035,1.36065,1.00,1.00
2010.06.23 19:34:18.323,1.36035,1.3606,1.00,1.00
2010.06.23 19:34:18.461,1.3603,1.3606,12.00,1.00
2010.06.23 19:34:19.115,1.3603,1.3606,3.20,1.00
2010.06.23 19:34:21.202,1.3603,1.36055,3.20,1.00
2010.06.23 19:34:21.538,1.3603,1.36055,2.40,1.00
2010.06.23 19:34:25.651,1.3603,1.3606,3.20,3.20
2010.06.23 19:34:25.999,1.3603,1.3606,7.20,1.60
2010.06.23 19:34:26.799,1.3603,1.36055,2.40,1.60
2010.06.23 19:34:40.953,1.3603,1.36055,4.00,1.00
2010.06.23 19:34:41.163,1.3603,1.36065,4.00,1.60
2010.06.23 19:34:41.369,1.3603,1.3606,4.00,1.00
2010.06.23 19:34:41.578,1.3603,1.3606,4.00,1.60
2010.06.23 19:34:45.769,1.3603,1.3606,4.80,1.00
2010.06.23 19:34:45.972,1.3603,1.3606,4.00,1.00
2010.06.23 19:34:46.073,1.3603,1.3606,3.20,3.20
2010.06.23 19:34:46.933,1.3603,1.36055,2.40,1.00
2010.06.23 19:34:51.945,1.3603,1.3606,3.20,1.00
2010.06.23 19:34:59.028,1.3603,1.3606,3.20,3.20
2010.06.23 19:34:59.147,1.3603,1.36055,3.20,1.00
2010.06.23 19:35:02.938,1.3603,1.36055,2.40,1.00
2010.06.23 19:35:10.479,1.36025,1.36055,2.40,1.60
2010.06.23 19:35:10.999,1.36025,1.36055,12.80,1.60
2010.06.23 19:35:13.052,1.36025,1.36055,13.60,1.60
2010.06.23 19:35:13.389,1.3603,1.36055,2.40,1.00
2010.06.23 19:35:20.691,1.36035,1.36055,2.40,1.00
2010.06.23 19:35:21.041,1.36035,1.3606,2.40,4.00
2010.06.23 19:35:24.219,1.3604,1.3606,2.40,1.60
2010.06.23 19:35:24.541,1.3604,1.36065,2.40,1.00
2010.06.23 19:35:29.074,1.3603,1.3606,5.80,1.00
2010.06.23 19:35:29.656,1.3603,1.3606,5.20,1.00
2010.06.23 19:35:29.861,1.3603,1.3606,3.20,1.00
2010.06.23 19:35:41.526,1.3603,1.3606,14.40,1.00
2010.06.23 19:35:41.750,1.3603,1.3606,16.00,1.00
2010.06.23 19:35:43.190,1.3603,1.3606,4.00,1.00
2010.06.23 19:35:45.271,1.3603,1.3606,16.00,1.00
2010.06.23 19:35:46.888,1.3603,1.3606,16.10,1.00
2010.06.23 19:35:51.349,1.3603,1.3606,16.00,1.00
2010.06.23 19:35:51.907,1.3603,1.36065,15.20,1.60
2010.06.23 19:35:52.026,1.3603,1.3606,3.20,1.00
2010.06.23 19:35:54.601,1.3603,1.36055,2.40,1.00
2010.06.23 19:36:03.219,1.3603,1.3606,4.00,4.00
2010.06.23 19:36:03.557,1.3603,1.3606,4.00,1.00
2010.06.23 19:36:08.972,1.3603,1.3606,3.20,1.00
2010.06.23 19:36:09.606,1.36025,1.36055,2.40,1.60
2010.06.23 19:36:12.455,1.36025,1.3605,2.40,1.00
2010.06.23 19:36:12.599,1.3602,1.3605,10.40,3.20
2010.06.23 19:36:12.670,1.3602,1.3605,2.40,3.20
2010.06.23 19:36:12.738,1.3602,1.3605,2.40,4.00
2010.06.23 19:36:14.489,1.36025,1.3605,2.40,4.00
2010.06.23 19:36:17.001,1.3602,1.3605,4.80,3.20
2010.06.23 19:36:17.641,1.3602,1.3605,2.40,3.20
2010.06.23 19:36:17.793,1.3602,1.3605,3.20,4.00
2010.06.23 19:36:18.126,1.36025,1.3605,2.40,3.20
2010.06.23 19:36:18.986,1.3602,1.36045,2.40,1.00
2010.06.23 19:36:20.111,1.3602,1.3605,2.40,4.00
2010.06.23 19:36:20.375,1.3602,1.3605,2.40,3.20
2010.06.23 19:36:21.176,1.3602,1.3605,3.20,1.00
2010.06.23 19:36:22.616,1.3602,1.3605,3.20,1.60
2010.06.23 19:36:22.894,1.3602,1.36045,2.40,1.00
2010.06.23 19:36:28.084,1.36025,1.36055,8.80,2.80
2010.06.23 19:36:28.213,1.3603,1.3606,1.60,4.40
2010.06.23 19:36:28.334,1.3603,1.3606,4.80,3.60
2010.06.23 19:36:29.068,1.36035,1.3606,1.00,1.00
2010.06.23 19:36:29.387,1.36035,1.36065,1.00,1.60
2010.06.23 19:36:30.005,1.3603,1.3606,5.60,1.00
2010.06.23 19:36:30.789,1.3603,1.3606,4.00,1.60
2010.06.23 19:36:31.139,1.3602,1.36055,14.40,1.00
2010.06.23 19:36:31.313,1.3602,1.36055,10.10,1.00
2010.06.23 19:36:31.983,1.3602,1.3605,5.60,1.00
2010.06.23 19:36:33.404,1.3603,1.36055,2.40,1.00
2010.06.23 19:36:34.148,1.3603,1.36065,9.60,2.80
2010.06.23 19:36:34.491,1.3603,1.36065,11.20,2.80
2010.06.23 19:36:34.831,1.3603,1.36065,4.00,2.80
2010.06.23 19:36:35.756,1.3603,1.3606,4.80,1.60
2010.06.23 19:36:35.995,1.3603,1.36065,8.80,2.80
2010.06.23 19:36:36.231,1.36035,1.36065,1.00,2.80
2010.06.23 19:36:37.081,1.36035,1.36065,1.00,1.60
2010.06.23 19:36:37.651,1.3603,1.3606,2.40,1.00
2010.06.23 19:36:37.939,1.36025,1.3606,9.60,1.00
2010.06.23 19:36:38.260,1.36025,1.3606,9.60,1.60
2010.06.23 19:36:40.218,1.36025,1.36055,8.00,1.00
2010.06.23 19:36:40.425,1.36025,1.36055,7.20,1.00
2010.06.23 19:36:40.629,1.36025,1.3606,8.80,5.20
2010.06.23 19:36:40.830,1.3603,1.3606,2.40,4.40
2010.06.23 19:36:45.990,1.3603,1.3606,7.20,1.20
2010.06.23 19:36:46.111,1.3603,1.3606,9.60,1.00
2010.06.23 19:36:46.414,1.36035,1.36065,7.20,2.80
2010.06.23 19:36:47.335,1.36035,1.36065,9.60,1.60
2010.06.23 19:36:47.781,1.3604,1.3607,1.60,5.20
2010.06.23 19:36:48.531,1.36035,1.36065,10.40,1.00
2010.06.23 19:36:48.870,1.36035,1.36065,1.60,1.00
2010.06.23 19:36:50.036,1.3603,1.36065,5.60,1.60
2010.06.23 19:36:50.614,1.36035,1.36065,1.60,9.60
2010.06.23 19:36:50.904,1.3603,1.3606,4.80,1.00
2010.06.23 19:36:51.192,1.3603,1.3606,3.20,1.00
2010.06.23 19:36:52.068,1.36025,1.3606,1.60,1.60
2010.06.23 19:36:52.261,1.36025,1.36055,1.60,1.00
2010.06.23 19:36:52.449,1.36025,1.3606,2.40,1.60
2010.06.23 19:36:52.638,1.3603,1.3606,1.00,1.60
2010.06.23 19:36:56.437,1.36035,1.36065,1.00,2.00
2010.06.23 19:36:59.863,1.3603,1.36065,5.60,2.00
2010.06.23 19:37:00.001,1.3603,1.36065,12.00,2.00
2010.06.23 19:37:00.260,1.36035,1.36065,1.00,2.00
2010.06.23 19:37:00.918,1.36035,1.36065,1.00,1.60
2010.06.23 19:37:01.266,1.36035,1.36065,2.40,1.20
2010.06.23 19:37:02.978,1.3604,1.36065,1.00,1.00
2010.06.23 19:37:03.776,1.36035,1.36065,1.00,1.20
2010.06.23 19:37:04.341,1.36035,1.36065,1.00,1.60
2010.06.23 19:37:05.615,1.36035,1.36055,2.40,1.00
2010.06.23 19:37:05.754,1.36035,1.3606,2.40,14.80
2010.06.23 19:37:05.893,1.3603,1.3606,1.00,4.40
2010.06.23 19:37:06.576,1.36035,1.36065,1.00,1.20
2010.06.23 19:37:06.926,1.36035,1.36065,2.40,1.00
2010.06.23 19:37:07.502,1.36035,1.36065,2.40,1.00
2010.06.23 19:37:07.849,1.3604,1.36065,1.00,1.00
2010.06.23 19:37:09.269,1.3604,1.36065,1.60,1.00
2010.06.23 19:37:09.484,1.3604,1.36065,3.20,1.00
2010.06.23 19:37:10.155,1.3604,1.36065,5.60,1.00
2010.06.23 19:37:10.505,1.3604,1.36065,4.80,1.00
2010.06.23 19:37:11.954,1.3604,1.36065,3.20,1.00
2010.06.23 19:37:13.630,1.3604,1.36065,4.80,1.00
2010.06.23 19:37:15.172,1.3604,1.36065,2.40,1.00
2010.06.23 19:37:16.341,1.3604,1.36065,4.80,1.00
2010.06.23 19:37:19.947,1.3604,1.36065,2.40,1.00
2010.06.23 19:37:20.297,1.3604,1.36065,1.00,1.00
2010.06.23 19:37:21.104,1.3604,1.36065,2.40,1.00
2010.06.23 19:37:24.271,1.3604,1.36065,5.60,1.00
2010.06.23 19:37:24.508,1.3604,1.36065,8.00,1.00
2010.06.23 19:37:25.055,1.3604,1.36065,4.00,1.00
2010.06.23 19:37:25.371,1.36045,1.36065,1.00,1.00
2010.06.23 19:37:26.892,1.3604,1.36065,4.00,1.20
2010.06.23 19:37:27.469,1.3604,1.36065,3.20,1.20
2010.06.23 19:37:27.572,1.3603,1.3606,1.60,4.40
2010.06.23 19:37:27.663,1.3603,1.3606,1.00,12.40
2010.06.23 19:37:28.220,1.36025,1.3606,1.60,12.40
2010.06.23 19:37:28.324,1.36025,1.36055,1.00,1.60
2010.06.23 19:37:28.859,1.36025,1.36055,1.60,1.00
2010.06.23 19:37:31.999,1.3603,1.3606,3.20,1.60
2010.06.23 19:37:32.195,1.36035,1.3606,7.20,1.00
2010.06.23 19:37:32.901,1.3604,1.3606,1.00,1.00
2010.06.23 19:37:34.121,1.36035,1.3606,1.60,1.00
2010.06.23 19:37:36.587,1.36035,1.3606,7.20,1.00
2010.06.23 19:37:36.782,1.36035,1.3606,1.60,1.00
2010.06.23 19:37:36.974,1.3604,1.3606,1.00,1.00
2010.06.23 19:37:37.698,1.3604,1.3606,4.00,1.00
2010.06.23 19:37:38.034,1.3603,1.3606,4.00,1.20
2010.06.23 19:37:38.848,1.36035,1.3606,1.00,1.00
2010.06.23 19:37:39.169,1.36035,1.3606,1.00,1.00
2010.06.23 19:37:41.370,1.3603,1.3606,2.40,1.00
2010.06.23 19:37:44.487,1.36035,1.3606,1.00,1.00
2010.06.23 19:37:50.358,1.3603,1.3606,1.00,1.20
2010.06.23 19:37:54.157,1.3603,1.3606,1.00,2.00
2010.06.23 19:37:55.803,1.3603,1.3606,1.00,1.20
2010.06.23 19:37:56.142,1.3603,1.3606,5.60,1.20
2010.06.23 19:37:56.481,1.36035,1.3606,1.00,1.00
2010.06.23 19:38:07.276,1.36035,1.3606,1.00,1.20
2010.06.23 19:38:07.432,1.36035,1.3606,4.00,1.00
2010.06.23 19:38:07.589,1.36035,1.3606,4.00,2.80
2010.06.23 19:38:08.515,1.36035,1.3606,4.80,2.80
2010.06.23 19:38:09.201,1.3604,1.3606,1.00,2.80
2010.06.23 19:38:09.739,1.3604,1.3606,3.20,1.00
2010.06.23 19:38:10.159,1.3604,1.3606,4.00,1.00
2010.06.23 19:38:10.371,1.3604,1.3606,4.80,1.00
2010.06.23 19:38:10.903,1.36045,1.3606,1.00,1.00
2010.06.23 19:38:11.459,1.3604,1.3606,3.20,1.00
2010.06.23 19:38:11.650,1.3604,1.3606,2.40,1.00
2010.06.23 19:38:12.195,1.36035,1.3606,6.40,1.00
2010.06.23 19:38:12.523,1.36035,1.3606,2.40,1.00
2010.06.23 19:38:13.175,1.3604,1.3606,1.60,1.00
2010.06.23 19:38:17.929,1.36045,1.3606,1.00,1.00
2010.06.23 19:38:18.752,1.36045,1.3606,1.00,1.00
2010.06.23 19:38:38.478,1.36045,1.3606,1.60,1.00
2010.06.23 19:38:43.712,1.3604,1.3606,2.40,1.00
2010.06.23 19:38:44.282,1.36045,1.3606,1.00,1.00
2010.06.23 19:38:44.609,1.36045,1.3606,1.60,1.00
2010.06.23 19:38:48.673,1.36045,1.3606,1.00,1.00
2010.06.23 19:38:56.062,1.3604,1.3606,1.60,1.00
2010.06.23 19:38:56.261,1.3604,1.3606,1.00,1.00
2010.06.23 19:39:03.530,1.3604,1.3606,1.60,1.00
2010.06.23 19:39:04.232,1.3604,1.3606,2.40,1.00
2010.06.23 19:39:05.359,1.3604,1.3606,2.50,1.00
2010.06.23 19:39:16.477,1.36045,1.3606,1.00,1.00
2010.06.23 19:39:18.707,1.3604,1.3606,1.00,1.00
2010.06.23 19:39:18.995,1.36045,1.3606,1.00,1.00
2010.06.23 19:39:19.282,1.3604,1.3606,4.00,1.00
2010.06.23 19:39:28.558,1.36045,1.3606,1.00,1.00
2010.06.23 19:39:30.869,1.36045,1.3606,1.60,1.00
2010.06.23 19:39:34.873,1.36045,1.3606,1.00,1.00
2010.06.23 19:39:35.494,1.3604,1.3606,1.00,2.70
2010.06.23 19:39:36.255,1.36035,1.3606,4.00,3.50
2010.06.23 19:39:36.872,1.3604,1.3606,2.40,3.50
2010.06.23 19:39:37.769,1.3604,1.3606,2.40,1.00
2010.06.23 19:39:43.882,1.3605,1.3606,2.40,1.00
2010.06.23 19:39:44.755,1.3604,1.3606,3.20,1.00
2010.06.23 19:39:45.359,1.3604,1.3607,3.20,4.40
2010.06.23 19:39:48.432,1.3604,1.3607,4.00,4.40
2010.06.23 19:39:48.770,1.3604,1.3607,4.00,3.60
2010.06.23 19:39:49.020,1.3604,1.3607,4.80,3.60
2010.06.23 19:39:49.169,1.36045,1.3607,1.00,3.60
2010.06.23 19:39:49.323,1.3605,1.3607,2.40,1.00
2010.06.23 19:39:50.132,1.3605,1.36075,2.40,1.20
2010.06.23 19:39:50.331,1.3605,1.36075,2.40,1.00
2010.06.23 19:39:51.251,1.3605,1.3607,2.40,2.40
2010.06.23 19:39:52.022,1.3605,1.3607,2.40,3.20
2010.06.23 19:39:56.921,1.3605,1.36075,2.40,1.60
2010.06.23 19:40:01.170,1.3605,1.36075,2.40,1.00
2010.06.23 19:40:01.806,1.3605,1.3607,2.40,2.40
2010.06.23 19:40:01.857,1.36045,1.3607,4.00,4.00
2010.06.23 19:40:06.054,1.3605,1.3607,2.40,4.00
2010.06.23 19:40:06.892,1.3605,1.3607,2.40,1.60
2010.06.23 19:40:07.470,1.3605,1.3607,2.40,1.00
2010.06.23 19:40:07.714,1.3605,1.36075,2.40,1.60
2010.06.23 19:40:12.153,1.36045,1.3607,4.80,3.20
2010.06.23 19:40:12.336,1.3605,1.36075,2.40,1.60
2010.06.23 19:40:17.219,1.36045,1.3607,4.80,4.00
2010.06.23 19:40:19.938,1.36045,1.3607,4.00,4.00
2010.06.23 19:40:28.960,1.36045,1.36065,1.60,4.00
2010.06.23 19:40:29.302,1.36045,1.36065,2.40,3.20
2010.06.23 19:40:30.163,1.3605,1.3607,2.40,4.00
2010.06.23 19:40:30.411,1.36055,1.3607,1.60,4.00
2010.06.23 19:40:32.787,1.36045,1.36065,1.60,2.40
2010.06.23 19:40:33.291,1.3605,1.3607,2.40,4.00
2010.06.23 19:40:36.105,1.3605,1.3607,2.40,1.00
2010.06.23 19:40:36.952,1.3605,1.3607,2.40,3.20
2010.06.23 19:40:44.882,1.3605,1.3607,2.40,4.00
2010.06.23 19:40:45.893,1.3604,1.3606,1.00,1.00
2010.06.23 19:40:46.233,1.36025,1.3606,10.40,4.00
2010.06.23 19:40:46.927,1.3603,1.36055,2.40,1.00
2010.06.23 19:40:47.193,1.3603,1.36055,2.40,1.60
2010.06.23 19:40:48.683,1.3603,1.36055,2.40,1.00
2010.06.23 19:40:49.120,1.3603,1.3606,4.00,4.00
2010.06.23 19:40:49.342,1.3603,1.3606,4.00,3.20
2010.06.23 19:40:49.560,1.3603,1.3606,3.20,3.20
2010.06.23 19:40:50.472,1.3603,1.3606,3.20,4.00
2010.06.23 19:40:55.660,1.3603,1.3606,4.80,2.00
2010.06.23 19:40:55.799,1.3603,1.3606,4.80,1.20
2010.06.23 19:40:56.563,1.3603,1.3606,4.80,1.00
2010.06.23 19:41:00.637,1.36035,1.36065,1.60,1.00
2010.06.23 19:41:00.856,1.36035,1.36065,2.40,1.00
2010.06.23 19:41:03.895,1.36035,1.36065,1.60,1.60
2010.06.23 19:41:27.929,1.36035,1.36065,2.40,1.00
2010.06.23 19:41:27.998,1.36035,1.3607,2.40,5.20
2010.06.23 19:41:32.190,1.36035,1.36065,1.60,1.00
2010.06.23 19:41:38.340,1.36035,1.36065,1.00,1.60
2010.06.23 19:41:41.059,1.3603,1.36065,12.00,1.60
2010.06.23 19:41:41.290,1.3603,1.36065,5.60,1.60
2010.06.23 19:41:41.513,1.36025,1.3606,9.60,1.60
2010.06.23 19:41:41.730,1.36025,1.3606,2.40,1.60
2010.06.23 19:41:42.485,1.3603,1.3606,1.00,1.60
2010.06.23 19:41:42.835,1.3603,1.3606,4.80,1.60
2010.06.23 19:41:44.292,1.36035,1.36065,1.60,1.20
2010.06.23 19:41:44.495,1.3604,1.3607,1.00,5.20
2010.06.23 19:41:44.690,1.3604,1.3607,1.00,11.60
2010.06.23 19:41:44.891,1.36035,1.36065,1.00,1.00
2010.06.23 19:41:45.755,1.36035,1.36065,1.00,1.60
2010.06.23 19:41:46.898,1.3603,1.36065,5.60,1.60
2010.06.23 19:41:47.674,1.3603,1.36065,2.40,1.60
2010.06.23 19:41:47.909,1.3603,1.36065,1.60,2.00
2010.06.23 19:41:48.371,1.3603,1.3606,1.60,1.00
2010.06.23 19:41:49.480,1.3603,1.3606,4.00,1.00
2010.06.23 19:41:50.185,1.3603,1.3606,15.20,1.00
2010.06.23 19:41:51.681,1.3603,1.3606,16.00,1.00
2010.06.23 19:41:52.272,1.3603,1.3606,12.00,1.00
2010.06.23 19:41:52.406,1.3603,1.3606,3.20,1.60
2010.06.23 19:41:54.690,1.3602,1.36055,16.10,1.00
2010.06.23 19:41:55.011,1.3602,1.36055,16.10,1.60
2010.06.23 19:42:00.220,1.3602,1.36055,16.00,1.60
2010.06.23 19:42:01.006,1.3602,1.36055,15.30,1.60
2010.06.23 19:42:01.353,1.36025,1.36055,4.00,1.60
2010.06.23 19:42:02.553,1.3602,1.3605,17.10,1.00
2010.06.23 19:42:02.899,1.36025,1.36055,1.00,1.60
2010.06.23 19:42:03.039,1.36025,1.3605,1.00,1.00
2010.06.23 19:42:03.179,1.3602,1.3605,16.40,1.00
2010.06.23 19:42:04.742,1.36025,1.36055,1.60,1.00
2010.06.23 19:42:07.778,1.36025,1.36055,6.40,1.00
2010.06.23 19:42:07.982,1.36025,1.36055,8.80,1.00
2010.06.23 19:42:08.060,1.3603,1.36055,2.40,1.00
2010.06.23 19:42:09.272,1.3603,1.3606,1.00,5.20
2010.06.23 19:42:10.194,1.36025,1.3606,3.10,5.20
2010.06.23 19:42:11.916,1.36025,1.3606,9.50,5.20
2010.06.23 19:42:12.125,1.36025,1.3606,8.80,5.20
2010.06.23 19:42:13.708,1.36025,1.3606,2.40,5.20
2010.06.23 19:42:14.350,1.36025,1.36055,1.60,1.00
2010.06.23 19:42:14.510,1.36025,1.36055,1.00,1.60
2010.06.23 19:42:16.061,1.36025,1.36055,2.40,1.00
2010.06.23 19:42:19.774,1.36025,1.36055,1.00,1.60
2010.06.23 19:42:20.969,1.36025,1.36055,1.60,1.60
2010.06.23 19:42:21.656,1.3603,1.36055,2.40,1.60
2010.06.23 19:42:29.829,1.3603,1.36055,2.40,1.00
2010.06.23 19:42:29.970,1.3603,1.3606,2.40,4.00
2010.06.23 19:42:30.792,1.3603,1.3606,4.00,3.20
2010.06.23 19:42:30.987,1.36035,1.36065,1.00,1.60
2010.06.23 19:42:31.611,1.3604,1.36065,2.40,1.60
2010.06.23 19:42:32.231,1.3604,1.36065,2.40,1.00
2010.06.23 19:42:32.994,1.3604,1.3607,2.40,4.40
2010.06.23 19:42:34.279,1.3604,1.3607,4.00,4.40
2010.06.23 19:42:35.071,1.3604,1.3607,3.20,1.60
2010.06.23 19:42:35.325,1.36035,1.36065,7.60,1.60
2010.06.23 19:42:36.196,1.3603,1.3606,4.00,4.80
2010.06.23 19:42:36.531,1.3603,1.3606,3.20,4.40
2010.06.23 19:42:36.950,1.3603,1.3606,3.20,4.00
2010.06.23 19:42:38.292,1.3603,1.3606,1.00,4.80
2010.06.23 19:42:38.565,1.36025,1.3606,8.00,6.00
2010.06.23 19:42:38.861,1.36025,1.3605,4.00,1.00
2010.06.23 19:42:39.011,1.3602,1.3605,4.80,1.00
2010.06.23 19:42:39.159,1.3602,1.3605,4.80,1.60
2010.06.23 19:42:41.789,1.3602,1.3605,16.00,1.00
2010.06.23 19:42:43.110,1.3602,1.3605,5.60,1.00
2010.06.23 19:42:43.292,1.3602,1.3605,4.80,1.60
2010.06.23 19:42:43.473,1.3602,1.3605,3.20,1.60
2010.06.23 19:42:44.365,1.3602,1.3605,2.40,1.60
2010.06.23 19:42:44.715,1.3602,1.36045,2.40,1.60
2010.06.23 19:42:47.280,1.3602,1.36045,2.40,1.00
2010.06.23 19:42:50.089,1.3602,1.36045,2.40,3.20
2010.06.23 19:42:50.652,1.3602,1.36045,2.40,4.00
2010.06.23 19:42:53.830,1.3602,1.36045,2.40,1.60
2010.06.23 19:42:53.926,1.3603,1.3605,1.00,4.00
2010.06.23 19:42:54.138,1.3603,1.36055,2.40,4.40
2010.06.23 19:42:54.840,1.3603,1.3606,2.40,4.00
2010.06.23 19:42:55.050,1.3603,1.36055,2.40,1.00
2010.06.23 19:42:55.394,1.3603,1.36055,2.40,4.00
2010.06.23 19:42:56.776,1.3603,1.36055,2.40,1.60
2010.06.23 19:43:00.200,1.36025,1.36055,1.00,1.00
2010.06.23 19:43:01.234,1.3603,1.3605,2.40,3.20
2010.06.23 19:43:01.584,1.3603,1.3606,2.40,4.40
2010.06.23 19:43:02.141,1.3603,1.3606,2.40,4.00
2010.06.23 19:43:02.406,1.3603,1.3606,3.20,4.00
2010.06.23 19:43:03.562,1.3603,1.3606,2.40,4.00
2010.06.23 19:43:03.902,1.3603,1.36055,2.40,1.00
2010.06.23 19:43:04.953,1.3603,1.36055,2.40,1.60
2010.06.23 19:43:08.200,1.36025,1.36055,1.00,1.60
2010.06.23 19:43:16.028,1.36025,1.36055,1.60,1.60
2010.06.23 19:43:16.110,1.3603,1.36055,2.40,1.60
2010.06.23 19:43:21.514,1.36025,1.3605,2.40,1.00
2010.06.23 19:43:21.865,1.3602,1.36055,4.80,1.60
2010.06.23 19:43:22.481,1.3602,1.3605,4.80,1.00
2010.06.23 19:43:24.259,1.3602,1.36055,4.80,1.60
2010.06.23 19:43:24.500,1.3602,1.36055,7.20,1.60
2010.06.23 19:43:24.752,1.36025,1.36055,1.00,1.60
2010.06.23 19:43:25.000,1.36025,1.36055,1.00,1.00
2010.06.23 19:43:26.666,1.3603,1.3606,2.40,2.80
2010.06.23 19:43:26.944,1.3603,1.36065,4.00,10.80
2010.06.23 19:43:27.483,1.36025,1.3606,16.40,1.60
2010.06.23 19:43:27.737,1.36025,1.36055,1.00,1.00
2010.06.23 19:43:27.980,1.3602,1.36055,11.60,1.60
2010.06.23 19:43:28.230,1.3602,1.3605,11.60,1.00
2010.06.23 19:43:28.481,1.3602,1.3605,11.20,1.00
2010.06.23 19:43:29.247,1.3602,1.3605,3.20,11.20
2010.06.23 19:43:29.541,1.3602,1.36045,2.40,1.60
2010.06.23 19:43:33.034,1.3602,1.36045,2.40,4.00
2010.06.23 19:43:33.212,1.3602,1.36045,2.40,1.60
2010.06.23 19:43:34.247,1.3603,1.36055,2.40,1.20
2010.06.23 19:43:35.135,1.3603,1.36055,2.40,1.00
2010.06.23 19:43:39.760,1.36025,1.36055,1.60,1.60
2010.06.23 19:43:39.930,1.3602,1.3605,5.20,1.00
2010.06.23 19:43:40.100,1.3602,1.36055,15.60,1.60
2010.06.23 19:43:40.832,1.3602,1.36055,16.00,1.60
2010.06.23 19:43:41.029,1.3602,1.36055,16.10,1.60
2010.06.23 19:43:43.441,1.3602,1.36055,8.00,1.60
2010.06.23 19:43:43.703,1.3602,1.3605,4.00,1.00
2010.06.23 19:43:43.910,1.3602,1.3605,3.20,1.00
2010.06.23 19:43:44.119,1.3602,1.3605,3.20,1.60
2010.06.23 19:43:48.986,1.3602,1.3605,5.60,1.60
2010.06.23 19:43:49.279,1.3602,1.3605,9.60,1.60
2010.06.23 19:43:53.092,1.3603,1.3605,2.40,1.60
2010.06.23 19:43:53.203,1.3603,1.36055,2.40,1.00
2010.06.23 19:43:53.422,1.3603,1.3606,2.40,5.20
2010.06.23 19:43:54.072,1.3603,1.3606,2.40,4.00
2010.06.23 19:43:58.929,1.3603,1.3606,2.40,4.80
2010.06.23 19:43:59.209,1.3603,1.3606,2.40,5.20
2010.06.23 19:44:13.935,1.3603,1.36055,2.40,1.00
2010.06.23 19:44:14.180,1.3602,1.3605,11.60,1.00
2010.06.23 19:44:14.411,1.3602,1.3605,8.00,1.60
2010.06.23 19:44:14.640,1.3602,1.3605,10.40,1.60
2010.06.23 19:44:15.797,1.36025,1.3605,11.20,1.00
2010.06.23 19:44:15.990,1.36025,1.3605,10.40,1.00
2010.06.23 19:44:16.370,1.36025,1.3605,6.40,1.00
2010.06.23 19:44:17.902,1.3603,1.36055,2.40,1.60
2010.06.23 19:44:19.325,1.3603,1.3606,4.00,1.60
2010.06.23 19:44:19.675,1.3603,1.36055,2.40,1.00
2010.06.23 19:44:20.533,1.3602,1.36045,3.20,1.00
2010.06.23 19:44:24.928,1.3602,1.3605,3.20,1.60
2010.06.23 19:44:25.225,1.3602,1.3605,9.60,1.00
2010.06.23 19:44:26.023,1.3602,1.3605,3.20,1.00
2010.06.23 19:44:32.696,1.3602,1.3605,3.20,1.20
2010.06.23 19:44:33.042,1.3602,1.36045,3.20,1.00
2010.06.23 19:44:42.073,1.3603,1.3605,2.40,4.00
2010.06.23 19:44:44.456,1.3603,1.3605,2.40,3.20
2010.06.23 19:44:45.867,1.3602,1.3605,5.20,1.60
2010.06.23 19:44:46.155,1.3602,1.3605,3.60,1.60
2010.06.23 19:44:46.443,1.3602,1.3605,6.00,1.60
2010.06.23 19:44:47.248,1.3602,1.3605,14.00,1.60
2010.06.23 19:44:47.499,1.3602,1.3605,3.60,1.60
2010.06.23 19:44:48.638,1.3602,1.3605,13.60,1.60
2010.06.23 19:44:48.960,1.3602,1.3605,14.40,1.60
2010.06.23 19:44:49.296,1.36025,1.36055,2.40,1.60
2010.06.23 19:44:50.084,1.3602,1.3605,11.20,1.60
2010.06.23 19:44:50.434,1.3602,1.3605,13.60,1.60
2010.06.23 19:44:51.556,1.3602,1.3605,5.60,1.60
2010.06.23 19:44:51.785,1.3602,1.3605,3.20,1.60
2010.06.23 19:44:52.823,1.3602,1.3605,3.20,4.00
2010.06.23 19:44:53.163,1.3602,1.3605,3.20,1.60
2010.06.23 19:44:58.706,1.3602,1.36045,3.20,1.00
2010.06.23 19:44:59.605,1.3602,1.3605,3.20,1.60
2010.06.23 19:45:00.997,1.3602,1.3605,3.60,1.60
2010.06.23 19:45:03.450,1.3603,1.36055,2.40,1.60
2010.06.23 19:45:06.972,1.3602,1.3605,5.60,3.20
2010.06.23 19:45:07.277,1.3602,1.3605,4.00,1.60
2010.06.23 19:45:07.879,1.3602,1.3605,3.60,1.60
2010.06.23 19:45:16.060,1.36025,1.3605,1.00,1.60
2010.06.23 19:45:16.263,1.3603,1.36055,2.40,1.60
2010.06.23 19:45:23.869,1.3603,1.36055,2.40,1.00
2010.06.23 19:45:24.041,1.3603,1.36055,3.20,1.00
2010.06.23 19:45:24.210,1.3603,1.3606,4.00,3.20
2010.06.23 19:45:24.379,1.3603,1.3606,4.00,2.40
2010.06.23 19:45:25.489,1.3603,1.3606,4.00,3.20
2010.06.23 19:45:27.239,1.3603,1.3606,3.20,3.20
2010.06.23 19:45:27.473,1.3604,1.36065,2.40,6.40
2010.06.23 19:45:27.703,1.3604,1.36065,2.40,1.60
2010.06.23 19:45:31.524,1.3603,1.36065,13.20,1.60
2010.06.23 19:45:31.741,1.3603,1.36055,1.00,1.00
2010.06.23 19:45:32.180,1.36025,1.36055,2.00,1.00
2010.06.23 19:45:33.238,1.36025,1.36055,1.20,1.00
2010.06.23 19:45:36.381,1.36025,1.36055,1.00,1.00
2010.06.23 19:45:36.605,1.36025,1.36055,1.00,1.60
2010.06.23 19:45:36.895,1.36025,1.3605,1.00,1.00
2010.06.23 19:45:40.426,1.36025,1.3605,1.20,1.60
2010.06.23 19:45:40.607,1.3603,1.36055,2.40,1.60
2010.06.23 19:45:48.109,1.3603,1.36055,2.40,4.00
2010.06.23 19:45:48.260,1.3603,1.36055,2.40,8.00
2010.06.23 19:45:49.359,1.36025,1.36055,3.60,8.00
2010.06.23 19:45:50.066,1.3603,1.36055,2.40,8.00
2010.06.23 19:45:50.377,1.3603,1.36055,2.40,7.20
2010.06.23 19:45:51.418,1.3603,1.36055,2.40,1.60
2010.06.23 19:45:52.934,1.3603,1.36055,2.40,5.60
2010.06.23 19:45:53.273,1.3603,1.36055,2.40,1.60
2010.06.23 19:45:55.660,1.36025,1.36055,6.00,1.60
2010.06.23 19:45:55.921,1.3603,1.36055,2.40,1.60
2010.06.23 19:45:56.183,1.3603,1.36055,2.40,1.00
2010.06.23 19:46:01.160,1.3603,1.36055,3.20,1.00
2010.06.23 19:46:01.381,1.3603,1.3606,3.60,7.20
2010.06.23 19:46:01.959,1.3603,1.3606,3.60,4.80
2010.06.23 19:46:02.225,1.3603,1.3606,1.00,1.60
2010.06.23 19:46:03.303,1.3603,1.36055,1.00,1.00
2010.06.23 19:46:06.020,1.3603,1.36055,1.00,3.20
2010.06.23 19:46:06.131,1.3603,1.36055,1.00,7.20
2010.06.23 19:46:06.471,1.3603,1.36055,1.00,8.00
2010.06.23 19:46:19.385,1.3603,1.36055,1.20,4.80
2010.06.23 19:46:19.554,1.3603,1.3606,3.60,4.00
2010.06.23 19:46:19.727,1.3603,1.3606,5.20,1.60
2010.06.23 19:46:20.438,1.3603,1.3606,5.20,1.00
2010.06.23 19:46:21.122,1.3603,1.3606,4.40,1.00
2010.06.23 19:46:23.043,1.3603,1.3606,5.20,1.00
2010.06.23 19:46:23.721,1.3603,1.3606,4.40,4.00
2010.06.23 19:46:25.766,1.3603,1.3606,5.20,1.00
2010.06.23 19:46:26.322,1.3603,1.36065,6.00,6.00
2010.06.23 19:46:27.261,1.3603,1.3606,6.00,1.00
2010.06.23 19:46:27.500,1.3603,1.3606,5.20,1.00
2010.06.23 19:46:27.739,1.3603,1.36065,5.20,5.60
2010.06.23 19:46:27.979,1.3603,1.36065,6.00,5.60
2010.06.23 19:46:29.560,1.36035,1.36065,1.00,9.60
2010.06.23 19:46:29.902,1.3604,1.3606,2.40,4.00
2010.06.23 19:46:30.842,1.3604,1.3606,2.40,1.00
2010.06.23 19:46:31.037,1.3604,1.36065,2.40,1.60
2010.06.23 19:46:31.229,1.3604,1.3607,2.40,5.20
2010.06.23 19:46:31.935,1.3604,1.3607,2.40,4.00
2010.06.23 19:46:32.269,1.3604,1.3607,3.20,4.00
2010.06.23 19:46:33.497,1.3604,1.36065,2.40,1.00
2010.06.23 19:46:35.632,1.36045,1.36065,2.40,3.20
2010.06.23 19:46:35.772,1.36045,1.36065,2.40,2.40
2010.06.23 19:46:38.167,1.36045,1.3607,1.60,1.20
2010.06.23 19:46:38.499,1.3604,1.3607,9.20,1.00
2010.06.23 19:46:38.824,1.3604,1.3607,3.60,1.00
2010.06.23 19:46:39.891,1.3604,1.3607,3.20,1.00
2010.06.23 19:46:40.231,1.3604,1.3607,2.40,1.00
2010.06.23 19:46:40.576,1.3604,1.36065,2.40,1.00
2010.06.23 19:46:41.485,1.3604,1.36065,2.40,1.60
2010.06.23 19:46:46.810,1.3604,1.3606,2.40,2.40
2010.06.23 19:46:47.379,1.3604,1.3606,2.40,3.20
2010.06.23 19:46:47.598,1.3604,1.3606,2.40,4.00
2010.06.23 19:46:51.386,1.3604,1.3606,2.40,1.60
2010.06.23 19:46:51.624,1.3604,1.3606,2.40,2.40
2010.06.23 19:46:53.523,1.3604,1.3606,2.40,4.00
2010.06.23 19:46:53.880,1.3604,1.3606,2.40,4.80
2010.06.23 19:47:05.672,1.36035,1.36055,2.80,4.80
2010.06.23 19:47:05.874,1.3604,1.3606,2.40,4.00
2010.06.23 19:47:06.748,1.3604,1.3606,2.40,3.20
2010.06.23 19:47:07.098,1.36045,1.36065,2.40,2.40
2010.06.23 19:47:09.116,1.36045,1.36065,2.40,3.20
2010.06.23 19:47:10.342,1.3604,1.3606,3.20,2.40
2010.06.23 19:47:10.970,1.3604,1.3606,2.80,2.40
2010.06.23 19:47:12.515,1.3604,1.3606,2.80,3.20
2010.06.23 19:47:13.232,1.3604,1.3606,2.80,2.40
2010.06.23 19:47:13.971,1.3604,1.36065,3.60,1.60
2010.06.23 19:47:14.294,1.3604,1.36065,3.60,1.00
2010.06.23 19:47:14.732,1.3604,1.3607,4.00,1.60
2010.06.23 19:47:15.499,1.3604,1.36055,1.00,2.40
2010.06.23 19:47:15.960,1.3604,1.36055,1.00,4.00
2010.06.23 19:47:19.959,1.3604,1.36055,1.00,3.20
2010.06.23 19:47:20.329,1.3604,1.36055,1.00,4.00
2010.06.23 19:47:32.293,1.3604,1.3605,1.00,1.60
2010.06.23 19:47:45.852,1.36035,1.3604,2.90,1.60
2010.06.23 19:47:45.990,1.3602,1.3604,2.80,1.60
2010.06.23 19:47:46.122,1.3602,1.3604,2.40,1.60
2010.06.23 19:47:49.386,1.36025,1.3604,2.40,1.60
2010.06.23 19:47:52.170,1.3602,1.3604,3.40,1.60
2010.06.23 19:47:54.341,1.3603,1.36045,2.40,1.60
2010.06.23 19:47:56.450,1.3603,1.3604,2.40,1.60
2010.06.23 19:47:56.630,1.3602,1.3604,2.80,1.60
2010.06.23 19:47:57.279,1.3602,1.3604,2.40,1.60
2010.06.23 19:47:59.290,1.3602,1.36035,2.40,1.60
2010.06.23 19:48:06.530,1.3602,1.3604,2.40,1.60
2010.06.23 19:48:09.500,1.3602,1.36035,2.40,1.60
2010.06.23 19:48:11.773,1.3602,1.3604,2.40,2.40
2010.06.23 19:48:12.714,1.3602,1.3604,2.40,1.60
2010.06.23 19:48:31.488,1.36025,1.3604,2.40,1.60
2010.06.23 19:48:32.523,1.3602,1.3604,2.40,1.60
2010.06.23 19:48:37.548,1.3602,1.36045,2.40,1.00
2010.06.23 19:48:49.203,1.3602,1.3604,2.40,2.40
2010.06.23 19:48:49.329,1.3602,1.3604,3.20,2.40
2010.06.23 19:48:49.519,1.3602,1.3604,2.40,2.40
2010.06.23 19:48:54.383,1.36035,1.3604,1.00,2.40
2010.06.23 19:48:54.683,1.36035,1.3605,1.60,1.20
2010.06.23 19:48:55.220,1.36035,1.3605,1.60,1.00
2010.06.23 19:48:55.566,1.36025,1.3605,1.00,2.40
2010.06.23 19:48:57.920,1.36025,1.3605,3.20,2.40
2010.06.23 19:48:58.871,1.36025,1.3605,1.00,2.40
2010.06.23 19:49:00.063,1.3603,1.3605,1.00,2.40
2010.06.23 19:49:00.376,1.36025,1.3605,1.60,2.40
2010.06.23 19:49:01.262,1.3603,1.36055,4.80,4.00
2010.06.23 19:49:01.604,1.3603,1.36055,5.60,4.00
2010.06.23 19:49:01.942,1.36035,1.36055,1.00,4.00
2010.06.23 19:49:02.790,1.3603,1.36055,4.00,4.00
2010.06.23 19:49:04.113,1.3603,1.36055,3.20,4.00
2010.06.23 19:49:04.909,1.3603,1.36045,3.20,1.60
2010.06.23 19:49:09.327,1.3603,1.3604,2.40,1.60
2010.06.23 19:49:09.939,1.36025,1.3604,7.20,1.60
2010.06.23 19:49:10.191,1.3603,1.3604,1.00,1.60
2010.06.23 19:49:14.190,1.3603,1.3604,3.20,1.60
2010.06.23 19:49:14.420,1.3603,1.36045,3.20,1.60
2010.06.23 19:49:20.239,1.3603,1.36045,4.00,1.60
2010.06.23 19:49:21.659,1.3603,1.36045,3.20,1.60
2010.06.23 19:49:23.701,1.3603,1.36045,4.00,1.60
2010.06.23 19:49:23.770,1.3603,1.36045,4.80,1.60
2010.06.23 19:49:35.223,1.36035,1.36045,1.00,1.60
2010.06.23 19:49:35.474,1.36035,1.36045,1.60,1.60
2010.06.23 19:49:37.004,1.3603,1.36045,4.80,1.60
2010.06.23 19:49:40.429,1.36035,1.36045,2.40,1.60
2010.06.23 19:49:40.640,1.36035,1.3605,2.40,1.60
2010.06.23 19:49:40.750,1.36035,1.3605,3.20,1.60
2010.06.23 19:49:41.201,1.36035,1.3605,4.00,1.60
2010.06.23 19:49:42.051,1.36035,1.3605,4.80,1.60
2010.06.23 19:49:44.896,1.3604,1.3605,1.60,1.60
2010.06.23 19:49:46.391,1.36045,1.3606,1.00,6.80
2010.06.23 19:49:47.321,1.36045,1.3606,1.60,1.60
2010.06.23 19:49:49.470,1.3604,1.3606,5.20,1.60
2010.06.23 19:49:50.057,1.3604,1.3606,4.40,1.60
2010.06.23 19:49:50.411,1.3604,1.36055,1.00,1.60
2010.06.23 19:49:59.470,1.3604,1.36055,5.60,1.60
2010.06.23 19:49:59.560,1.3604,1.36055,6.40,1.60
2010.06.23 19:49:59.650,1.3604,1.36065,9.60,1.60
2010.06.23 19:49:59.982,1.36045,1.36065,1.60,1.60
2010.06.23 19:50:13.620,1.36045,1.36075,1.60,1.00
2010.06.23 19:50:18.962,1.36045,1.3608,12.00,5.20
2010.06.23 19:50:19.184,1.36045,1.3608,5.60,5.20
2010.06.23 19:50:19.402,1.36045,1.3608,12.00,5.20
2010.06.23 19:50:20.151,1.3605,1.3608,1.00,4.80
2010.06.23 19:50:20.491,1.3605,1.3608,1.60,4.00
2010.06.23 19:50:20.833,1.36055,1.3608,1.00,2.40
2010.06.23 19:50:21.821,1.3605,1.3608,4.00,3.20
2010.06.23 19:50:23.470,1.3605,1.3608,1.60,4.00
2010.06.23 19:50:24.430,1.3606,1.3608,2.40,1.60
2010.06.23 19:50:24.691,1.3605,1.3608,6.40,4.00
2010.06.23 19:50:24.953,1.3605,1.3608,2.00,4.00
2010.06.23 19:50:25.593,1.3605,1.3608,1.60,4.00
2010.06.23 19:50:26.912,1.3605,1.3608,1.00,4.80
2010.06.23 19:50:27.784,1.36045,1.36075,1.60,1.00
2010.06.23 19:50:30.619,1.3605,1.3608,5.60,4.80
2010.06.23 19:50:30.705,1.3605,1.3608,6.40,4.00
2010.06.23 19:50:32.827,1.36045,1.3608,2.40,4.80
2010.06.23 19:50:33.014,1.36045,1.36075,2.40,1.60
2010.06.23 19:50:33.204,1.36045,1.3607,2.40,2.40
2010.06.23 19:50:33.968,1.36045,1.3607,1.60,2.40
2010.06.23 19:50:35.668,1.36045,1.3606,1.60,1.60
2010.06.23 19:50:36.273,1.36045,1.36065,1.00,1.60
2010.06.23 19:50:38.685,1.3604,1.3606,2.40,1.60
2010.06.23 19:50:40.473,1.3604,1.3606,3.20,1.60
2010.06.23 19:50:44.310,1.3604,1.36065,3.20,1.60
2010.06.23 19:50:44.560,1.3604,1.3606,4.00,1.60
2010.06.23 19:50:44.750,1.3604,1.3606,4.80,1.60
2010.06.23 19:50:48.260,1.3604,1.36065,5.60,1.60
2010.06.23 19:50:48.480,1.36045,1.36065,1.00,1.60
2010.06.23 19:50:49.200,1.36045,1.36065,4.80,1.60
2010.06.23 19:50:49.769,1.36045,1.36065,11.20,1.60
2010.06.23 19:50:50.048,1.3605,1.36065,1.00,1.60
2010.06.23 19:50:52.903,1.36045,1.36065,1.60,1.60
2010.06.23 19:50:53.690,1.36045,1.36065,1.00,1.60
2010.06.23 19:50:53.963,1.3604,1.36065,4.80,1.60
2010.06.23 19:50:55.849,1.36045,1.36065,1.00,1.60
2010.06.23 19:50:56.848,1.3605,1.36065,1.00,1.60
2010.06.23 19:50:57.540,1.3605,1.3607,5.60,1.60
2010.06.23 19:50:57.884,1.3605,1.3607,8.00,1.60
2010.06.23 19:50:58.414,1.36055,1.3607,1.00,1.60
2010.06.23 19:50:58.723,1.3605,1.3607,4.80,1.60
2010.06.23 19:50:58.864,1.3605,1.3607,4.00,1.60
2010.06.23 19:50:59.820,1.36055,1.36075,2.80,1.60
2010.06.23 19:51:00.164,1.36055,1.3607,1.60,1.60
2010.06.23 19:51:02.259,1.36055,1.3608,1.60,2.40
2010.06.23 19:51:04.094,1.36055,1.3608,1.00,3.20
2010.06.23 19:51:04.221,1.3605,1.3608,8.00,3.20
2010.06.23 19:51:04.352,1.3605,1.3608,7.20,3.20
2010.06.23 19:51:04.480,1.3605,1.3608,3.20,3.20
2010.06.23 19:51:04.730,1.3605,1.3608,3.20,4.00
2010.06.23 19:51:05.277,1.3605,1.3608,3.20,4.80
2010.06.23 19:51:05.630,1.36045,1.36075,1.60,1.00
2010.06.23 19:51:21.340,1.36045,1.3607,1.00,1.00
2010.06.23 19:51:21.467,1.3605,1.36075,2.40,3.20
2010.06.23 19:51:22.117,1.3604,1.3607,13.60,4.80
2010.06.23 19:51:22.235,1.3604,1.3607,3.20,4.80
2010.06.23 19:51:24.089,1.3604,1.3607,3.20,1.60
2010.06.23 19:51:24.261,1.3604,1.3607,3.20,1.00
2010.06.23 19:51:25.644,1.3604,1.3607,15.20,1.00
2010.06.23 19:51:26.251,1.3604,1.3607,12.00,1.60
2010.06.23 19:51:26.834,1.3604,1.3607,4.00,1.60
2010.06.23 19:51:28.189,1.3604,1.3607,4.00,1.00
2010.06.23 19:51:28.411,1.3604,1.3607,12.80,1.00
2010.06.23 19:51:29.160,1.3604,1.3607,15.20,1.00
2010.06.23 19:51:43.275,1.3604,1.3607,14.40,1.00
2010.06.23 19:51:43.427,1.36035,1.36065,2.00,1.00
2010.06.23 19:51:43.565,1.36035,1.3606,1.00,1.00
2010.06.23 19:51:44.225,1.3603,1.3606,14.00,1.00
2010.06.23 19:51:44.366,1.3603,1.3606,15.20,1.00
2010.06.23 19:51:47.123,1.36035,1.3606,4.80,1.00
2010.06.23 19:51:47.843,1.3604,1.36065,3.20,1.00
2010.06.23 19:51:48.094,1.3604,1.3607,3.20,4.80
2010.06.23 19:51:48.597,1.36035,1.36065,4.00,1.60
2010.06.23 19:51:48.852,1.3603,1.36065,16.00,1.60
2010.06.23 19:51:53.210,1.3603,1.3606,15.20,1.00
2010.06.23 19:51:57.290,1.3603,1.3606,14.40,1.00
2010.06.23 19:51:57.390,1.3603,1.3606,6.40,1.60
2010.06.23 19:51:57.489,1.3603,1.3606,4.00,1.60
2010.06.23 19:51:59.361,1.3603,1.3606,14.40,1.60
2010.06.23 19:52:00.492,1.3603,1.3606,11.20,1.60
2010.06.23 19:52:03.275,1.3603,1.36055,11.20,1.00
2010.06.23 19:52:03.321,1.3603,1.36055,10.40,1.00
2010.06.23 19:52:04.001,1.3603,1.36055,6.40,1.00
2010.06.23 19:52:04.051,1.36025,1.36055,1.60,1.00
2010.06.23 19:52:04.130,1.36025,1.36055,1.00,1.00
2010.06.23 19:52:04.472,1.3602,1.3605,10.00,1.00
2010.06.23 19:52:05.883,1.3602,1.36055,10.00,1.60
2010.06.23 19:52:06.048,1.36025,1.36055,1.00,1.00
2010.06.23 19:52:06.211,1.36025,1.36055,1.00,1.60
2010.06.23 19:52:08.074,1.3604,1.36055,2.40,1.60
2010.06.23 19:52:08.210,1.3604,1.36065,2.40,4.40
2010.06.23 19:52:08.482,1.3604,1.36065,2.40,4.80
2010.06.23 19:52:08.753,1.3603,1.3606,4.40,1.00
2010.06.23 19:52:09.370,1.3603,1.36055,2.80,1.00
2010.06.23 19:52:09.587,1.36025,1.36055,1.00,1.00
2010.06.23 19:52:09.794,1.36025,1.3605,1.00,1.00
2010.06.23 19:52:10.917,1.36035,1.36065,4.00,2.00
2010.06.23 19:52:11.909,1.36035,1.36065,4.00,1.60
2010.06.23 19:52:15.741,1.36035,1.36065,4.80,1.60
2010.06.23 19:52:16.093,1.36035,1.36065,4.00,1.60
2010.06.23 19:52:16.191,1.3603,1.36065,15.20,1.60
2010.06.23 19:52:17.557,1.3603,1.3606,14.40,1.60
2010.06.23 19:52:20.528,1.3603,1.3606,15.20,1.60
2010.06.23 19:52:21.613,1.3603,1.36065,15.20,1.60
2010.06.23 19:52:29.364,1.3603,1.3606,8.00,1.00
2010.06.23 19:52:29.706,1.3603,1.3606,2.40,4.00
2010.06.23 19:52:30.603,1.3603,1.36055,2.40,1.00
2010.06.23 19:52:33.936,1.3603,1.36055,7.20,1.00
2010.06.23 19:52:34.655,1.3603,1.3606,3.20,1.00
2010.06.23 19:52:37.422,1.36025,1.36055,13.60,1.00
2010.06.23 19:52:37.637,1.36025,1.36055,11.20,1.00
2010.06.23 19:52:48.763,1.36025,1.36055,8.80,1.00
2010.06.23 19:52:49.379,1.36025,1.36055,1.00,1.00
2010.06.23 19:52:56.656,1.3602,1.36055,15.60,1.60
2010.06.23 19:52:57.283,1.3602,1.36055,15.20,1.60
2010.06.23 19:52:57.510,1.3602,1.3605,7.20,1.00
2010.06.23 19:52:57.958,1.3602,1.3605,13.60,1.00
2010.06.23 19:52:58.523,1.3602,1.3605,12.00,1.00
2010.06.23 19:52:58.748,1.3602,1.3605,14.40,1.00
2010.06.23 19:53:01.446,1.36025,1.3605,4.00,1.00
2010.06.23 19:53:05.297,1.3602,1.36045,6.40,1.00
2010.06.23 19:53:05.414,1.3602,1.36045,2.40,1.00
2010.06.23 19:53:06.275,1.3602,1.36045,2.40,1.60
2010.06.23 19:53:14.701,1.3602,1.3604,2.40,4.00
2010.06.23 19:53:15.124,1.3602,1.3604,2.40,2.40
2010.06.23 19:53:15.264,1.36025,1.3604,2.40,1.60
2010.06.23 19:53:15.830,1.3602,1.3604,2.40,4.00
2010.06.23 19:53:17.223,1.36025,1.3604,2.40,1.00
2010.06.23 19:53:17.502,1.3603,1.3605,2.40,2.00
2010.06.23 19:53:18.300,1.3602,1.36045,3.60,1.60
2010.06.23 19:53:18.446,1.3602,1.36045,2.40,1.60
2010.06.23 19:53:18.865,1.3603,1.36045,2.40,1.00
2010.06.23 19:53:19.003,1.3602,1.36045,10.40,1.00
2010.06.23 19:53:19.142,1.3602,1.36045,2.40,1.60
2010.06.23 19:53:19.994,1.3603,1.36045,2.40,1.60
2010.06.23 19:53:20.350,1.3602,1.3605,14.40,1.00
2010.06.23 19:53:20.547,1.3602,1.3605,7.20,1.60
2010.06.23 19:53:20.743,1.3602,1.3605,11.20,1.60
2010.06.23 19:53:21.427,1.3602,1.3605,13.60,1.60
2010.06.23 19:53:21.783,1.36025,1.3605,4.00,1.60
2010.06.23 19:53:22.464,1.36025,1.3605,4.80,1.00
2010.06.23 19:53:23.100,1.36025,1.3605,7.20,1.00
2010.06.23 19:53:23.397,1.3602,1.3605,7.20,1.00
2010.06.23 19:53:23.681,1.3602,1.3605,3.20,1.00
2010.06.23 19:53:24.551,1.3603,1.3605,1.00,1.00
2010.06.23 19:53:24.898,1.3604,1.36065,2.40,3.20
2010.06.23 19:53:25.716,1.3603,1.3606,3.60,4.00
2010.06.23 19:53:25.928,1.3602,1.3605,4.40,1.60
2010.06.23 19:53:26.275,1.3602,1.3605,3.20,1.60
2010.06.23 19:53:27.123,1.3602,1.3605,3.20,2.00
2010.06.23 19:53:27.462,1.3602,1.3605,7.20,2.00
2010.06.23 19:53:29.861,1.3602,1.3605,7.20,1.60
2010.06.23 19:53:30.771,1.3602,1.3605,7.20,2.00
2010.06.23 19:53:33.289,1.3602,1.3605,7.20,2.40
2010.06.23 19:53:33.440,1.3602,1.36045,2.40,1.60
2010.06.23 19:53:33.723,1.3602,1.36045,2.40,2.00
2010.06.23 19:53:33.867,1.36025,1.3605,4.00,2.80
2010.06.23 19:53:34.126,1.36035,1.3605,2.40,1.00
2010.06.23 19:53:34.665,1.36035,1.3605,3.20,1.00
2010.06.23 19:53:34.927,1.3603,1.3606,2.40,4.00
2010.06.23 19:53:35.193,1.3603,1.36055,2.40,1.60
2010.06.23 19:53:38.521,1.3603,1.3605,2.40,1.00
2010.06.23 19:53:40.027,1.36045,1.36065,4.80,1.00
2010.06.23 19:53:40.110,1.36045,1.36065,10.40,1.00
2010.06.23 19:53:40.150,1.36045,1.36065,11.20,1.00
2010.06.23 19:53:40.230,1.3605,1.36065,1.00,1.00
2010.06.23 19:53:41.140,1.3605,1.3607,1.00,3.20
2010.06.23 19:53:41.489,1.36055,1.36075,2.40,1.00
2010.06.23 19:53:41.839,1.3606,1.3608,3.20,2.80
2010.06.23 19:53:42.421,1.3606,1.3608,3.20,2.40
2010.06.23 19:53:42.904,1.3606,1.3608,1.60,2.40
2010.06.23 19:53:43.643,1.3605,1.3607,2.40,2.40
2010.06.23 19:53:44.722,1.36055,1.36075,1.60,1.00
2010.06.23 19:53:44.910,1.36055,1.3608,1.60,8.40
2010.06.23 19:53:45.102,1.36055,1.3608,1.60,4.40
2010.06.23 19:53:45.826,1.36055,1.3608,1.60,5.90
2010.06.23 19:53:46.700,1.36055,1.3608,1.60,5.20
2010.06.23 19:53:48.161,1.36055,1.3607,1.60,1.00
2010.06.23 19:53:48.245,1.36045,1.36065,6.40,1.00
2010.06.23 19:53:48.328,1.36045,1.36065,4.00,1.00
2010.06.23 19:53:50.076,1.36055,1.36075,1.60,2.00
2010.06.23 19:53:50.401,1.36055,1.36075,1.60,1.60
2010.06.23 19:53:51.321,1.36055,1.36075,1.60,1.00
2010.06.23 19:53:59.391,1.36055,1.36075,1.60,1.20
2010.06.23 19:54:00.200,1.36055,1.3607,1.60,1.20
2010.06.23 19:54:00.411,1.36045,1.3606,1.60,1.00
2010.06.23 19:54:00.663,1.36045,1.3606,1.60,1.20
2010.06.23 19:54:01.476,1.3602,1.36055,4.50,1.00
2010.06.23 19:54:01.982,1.3602,1.36055,3.70,1.00
2010.06.23 19:54:02.235,1.3602,1.36055,11.70,1.00
2010.06.23 19:54:02.482,1.3602,1.36055,14.90,1.00
2010.06.23 19:54:02.931,1.3602,1.36055,15.70,1.00
2010.06.23 19:54:03.588,1.36025,1.36055,10.40,1.00
2010.06.23 19:54:03.778,1.36035,1.36065,1.00,6.00
2010.06.23 19:54:03.963,1.3603,1.3606,3.20,1.00
2010.06.23 19:54:04.144,1.36025,1.3606,2.00,8.40
2010.06.23 19:54:04.323,1.36025,1.36055,1.00,2.00
2010.06.23 19:54:04.681,1.3602,1.36055,4.10,2.00
2010.06.23 19:54:05.675,1.3603,1.3606,3.20,4.60
2010.06.23 19:54:05.887,1.3603,1.3606,2.80,5.20
2010.06.23 19:54:06.093,1.3602,1.36055,3.70,1.00
2010.06.23 19:54:06.300,1.3602,1.36055,3.70,1.60
2010.06.23 19:54:06.510,1.3602,1.36055,3.70,2.00
2010.06.23 19:54:06.921,1.3602,1.36055,3.30,2.00
2010.06.23 19:54:07.453,1.36025,1.36055,4.00,2.00
2010.06.23 19:54:07.810,1.36045,1.3606,6.40,1.00
2010.06.23 19:54:07.863,1.3605,1.3606,2.40,1.00
2010.06.23 19:54:07.912,1.3605,1.3606,3.20,1.00
2010.06.23 19:54:07.961,1.3605,1.36065,3.20,2.00
2010.06.23 19:54:08.012,1.3605,1.36065,3.20,1.60
2010.06.23 19:54:08.062,1.3605,1.36065,1.00,1.60
2010.06.23 19:54:08.112,1.3605,1.3607,1.00,4.40
2010.06.23 19:54:08.161,1.3605,1.3607,1.60,4.40
2010.06.23 19:54:08.213,1.36055,1.3607,2.40,2.00
2010.06.23 19:54:08.261,1.36055,1.3607,2.40,1.00
2010.06.23 19:54:08.310,1.36055,1.3607,3.20,1.00
2010.06.23 19:54:09.164,1.36055,1.3608,3.20,3.20
2010.06.23 19:54:10.183,1.36055,1.3608,2.40,4.00
2010.06.23 19:54:11.222,1.36055,1.3608,4.00,3.20
2010.06.23 19:54:11.937,1.3606,1.3608,1.00,3.20
2010.06.23 19:54:13.009,1.36055,1.3608,4.00,3.20
2010.06.23 19:54:13.263,1.36055,1.3608,3.20,3.20
2010.06.23 19:54:13.502,1.3605,1.3608,4.00,4.00
2010.06.23 19:54:14.274,1.3605,1.3608,1.00,4.80
2010.06.23 19:54:14.832,1.3605,1.3608,1.00,5.20
2010.06.23 19:54:15.113,1.36045,1.36075,4.80,1.00
2010.06.23 19:54:15.678,1.36045,1.36075,4.00,1.00
2010.06.23 19:54:15.977,1.3605,1.3608,1.00,4.80
2010.06.23 19:54:16.272,1.3605,1.3608,2.40,4.00
2010.06.23 19:54:16.861,1.36055,1.3608,1.60,3.20
2010.06.23 19:54:18.043,1.36055,1.3608,1.00,12.40
2010.06.23 19:54:18.647,1.36055,1.3608,1.60,3.60
2010.06.23 19:54:18.714,1.36055,1.3608,1.60,3.20
2010.06.23 19:54:23.422,1.36055,1.3608,4.80,3.20
2010.06.23 19:54:23.615,1.36055,1.3608,4.80,2.40
2010.06.23 19:54:23.811,1.3606,1.3608,1.00,2.40
2010.06.23 19:54:24.381,1.3606,1.3608,1.60,2.40
2010.06.23 19:54:26.527,1.3606,1.3608,1.00,2.40
2010.06.23 19:54:27.340,1.36055,1.3608,2.40,2.40
2010.06.23 19:54:27.623,1.36055,1.3608,1.60,2.40
2010.06.23 19:54:28.833,1.3606,1.3608,1.00,2.40
2010.06.23 19:54:30.461,1.36055,1.3608,2.40,2.40
2010.06.23 19:54:30.778,1.3606,1.3607,1.00,2.40
2010.06.23 19:54:31.091,1.3606,1.3608,1.00,2.40
2010.06.23 19:54:32.320,1.3606,1.3608,2.40,2.40
2010.06.23 19:54:32.601,1.3606,1.3608,3.20,2.40
2010.06.23 19:54:32.884,1.36065,1.3609,1.60,4.80
2010.06.23 19:54:33.496,1.36075,1.3609,1.60,1.60
2010.06.23 19:54:33.747,1.36075,1.36095,1.60,1.00
2010.06.23 19:54:35.526,1.36075,1.36095,1.60,2.80
2010.06.23 19:54:35.685,1.3607,1.36095,1.60,2.80
2010.06.23 19:54:35.851,1.3607,1.36085,1.60,2.40
2010.06.23 19:54:36.541,1.3606,1.3608,4.00,2.40
2010.06.23 19:54:37.561,1.3606,1.36085,6.40,2.40
2010.06.23 19:54:38.158,1.36065,1.36085,1.00,4.00
2010.06.23 19:54:38.503,1.36065,1.3609,1.00,1.20
2010.06.23 19:54:38.848,1.3606,1.3609,10.40,3.20
2010.06.23 19:54:39.645,1.36065,1.3609,1.00,3.20
2010.06.23 19:54:50.857,1.36065,1.3609,2.40,2.40
2010.06.23 19:54:51.119,1.3607,1.361,1.60,4.80
2010.06.23 19:54:52.338,1.3607,1.361,1.60,4.40
2010.06.23 19:54:52.687,1.3607,1.361,1.60,5.20
2010.06.23 19:54:53.380,1.3607,1.36095,1.00,1.00
2010.06.23 19:54:53.641,1.3607,1.361,1.00,11.20
2010.06.23 19:54:54.416,1.3607,1.36095,1.00,1.00
2010.06.23 19:54:54.600,1.3607,1.361,2.40,4.40
2010.06.23 19:54:54.954,1.3608,1.361,2.40,4.40
2010.06.23 19:54:55.132,1.3608,1.361,2.40,2.80
2010.06.23 19:54:55.480,1.3608,1.361,2.40,2.40
2010.06.23 19:55:00.039,1.3607,1.36095,2.40,5.20
2010.06.23 19:55:00.779,1.3607,1.36095,3.20,5.20
2010.06.23 19:55:00.971,1.3607,1.36095,2.40,5.20
2010.06.23 19:55:02.357,1.3607,1.36095,3.20,5.20
2010.06.23 19:55:06.222,1.3607,1.36095,2.40,1.00
2010.06.23 19:55:07.318,1.3607,1.36095,2.40,4.80
2010.06.23 19:55:07.502,1.3607,1.36095,3.20,5.20
2010.06.23 19:55:09.411,1.3607,1.3609,1.00,2.40
2010.06.23 19:55:09.721,1.36065,1.3609,1.60,2.40
2010.06.23 19:55:14.419,1.3607,1.3609,1.00,2.40
2010.06.23 19:55:14.604,1.3607,1.36095,3.20,1.00
2010.06.23 19:55:14.970,1.3607,1.361,3.20,5.30
2010.06.23 19:55:18.294,1.3607,1.361,4.00,4.40
2010.06.23 19:55:20.012,1.3608,1.361,2.40,4.40
2010.06.23 19:55:21.330,1.3608,1.361,2.40,3.60
2010.06.23 19:55:21.525,1.3608,1.361,2.40,2.80
2010.06.23 19:55:21.722,1.3608,1.361,2.40,2.40
2010.06.23 19:55:23.457,1.3608,1.361,2.40,3.20
2010.06.23 19:55:23.503,1.3608,1.361,2.40,2.80
2010.06.23 19:55:23.689,1.3608,1.361,2.40,2.40
2010.06.23 19:55:24.869,1.3607,1.361,4.00,4.40
2010.06.23 19:55:25.196,1.3607,1.361,4.00,5.20
2010.06.23 19:55:25.842,1.3607,1.361,4.00,5.60
2010.06.23 19:55:27.719,1.3607,1.361,4.00,5.70
2010.06.23 19:55:29.079,1.3607,1.361,4.00,5.60
2010.06.23 19:55:31.232,1.3608,1.361,2.40,4.40
2010.06.23 19:55:31.453,1.3608,1.361,2.40,2.80
2010.06.23 19:55:31.672,1.3608,1.361,2.40,2.40
2010.06.23 19:55:36.793,1.36075,1.36095,2.40,1.60
2010.06.23 19:55:39.036,1.3607,1.36095,2.40,6.40
2010.06.23 19:55:39.182,1.3607,1.36095,2.40,6.80
2010.06.23 19:55:40.171,1.3607,1.36095,3.20,6.80
2010.06.23 19:55:40.518,1.3607,1.36095,4.00,4.80
2010.06.23 19:55:41.194,1.3607,1.36095,4.00,4.00
2010.06.23 19:55:42.033,1.3607,1.361,4.00,5.20
2010.06.23 19:55:42.364,1.3607,1.36095,4.00,1.00
2010.06.23 19:55:42.586,1.3607,1.36095,3.20,3.20
2010.06.23 19:55:42.814,1.3607,1.36095,3.20,4.80
2010.06.23 19:55:46.780,1.36075,1.36095,2.40,2.40
2010.06.23 19:55:47.341,1.36075,1.36095,2.40,1.60
2010.06.23 19:55:49.480,1.3608,1.36095,2.40,1.60
2010.06.23 19:55:49.836,1.3608,1.361,2.40,1.00
2010.06.23 19:55:50.184,1.3608,1.36105,2.40,10.80
2010.06.23 19:55:50.522,1.3608,1.36105,2.40,11.60
2010.06.23 19:55:50.803,1.3608,1.36105,2.40,12.40
2010.06.23 19:55:55.144,1.3608,1.361,2.40,1.00
2010.06.23 19:55:55.853,1.3607,1.36095,3.60,2.40
2010.06.23 19:55:56.158,1.3607,1.36095,3.20,4.80
2010.06.23 19:55:57.010,1.3607,1.36095,2.40,5.60
2010.06.23 19:55:57.357,1.3607,1.36095,2.40,6.00
2010.06.23 19:55:58.030,1.3607,1.3609,2.40,1.00
2010.06.23 19:55:58.366,1.36065,1.3609,4.80,4.80
2010.06.23 19:55:59.227,1.3607,1.3609,2.40,2.80
2010.06.23 19:55:59.555,1.3607,1.3609,2.40,2.40
2010.06.23 19:56:00.002,1.3607,1.36095,2.40,2.00
2010.06.23 19:56:00.224,1.3607,1.361,3.20,5.20
2010.06.23 19:56:01.198,1.3607,1.36095,2.40,1.60
2010.06.23 19:56:01.454,1.3607,1.36095,2.40,4.80
2010.06.23 19:56:02.354,1.3607,1.36095,2.40,6.80
2010.06.23 19:56:06.520,1.3606,1.3608,8.10,2.40
2010.06.23 19:56:06.722,1.3606,1.3608,4.10,2.40
2010.06.23 19:56:06.932,1.3606,1.3608,4.00,2.40
2010.06.23 19:56:07.140,1.3606,1.3608,4.10,2.40
2010.06.23 19:56:09.110,1.36065,1.36085,2.40,4.00
2010.06.23 19:56:13.192,1.36065,1.36085,2.40,4.80
2010.06.23 19:56:15.632,1.3606,1.3608,2.40,2.40
2010.06.23 19:56:15.884,1.36055,1.36075,4.00,2.40
2010.06.23 19:56:16.668,1.36055,1.36075,2.40,4.00
2010.06.23 19:56:17.212,1.36055,1.36075,2.40,4.80
2010.06.23 19:56:18.625,1.36055,1.36075,2.40,4.00
2010.06.23 19:56:19.050,1.3605,1.3607,2.40,3.20
2010.06.23 19:56:19.237,1.3605,1.36065,2.40,1.00
2010.06.23 19:56:19.958,1.3604,1.3606,2.40,4.00
2010.06.23 19:56:20.304,1.3604,1.3606,2.40,3.20
2010.06.23 19:56:21.483,1.3604,1.36065,2.40,5.60
2010.06.23 19:56:21.756,1.3604,1.36065,2.40,4.80
2010.06.23 19:56:23.793,1.3604,1.3606,2.40,2.40
2010.06.23 19:56:27.173,1.3604,1.3606,2.40,3.20
2010.06.23 19:56:28.469,1.3604,1.3606,2.40,4.00
2010.06.23 19:56:31.024,1.36035,1.3606,4.00,4.40
2010.06.23 19:56:31.125,1.36035,1.3606,3.20,2.80
2010.06.23 19:56:31.812,1.36035,1.3606,3.20,2.40
2010.06.23 19:56:34.830,1.36035,1.3606,1.00,2.40
2010.06.23 19:56:35.044,1.3603,1.3606,15.20,3.20
2010.06.23 19:56:35.735,1.36035,1.3606,2.40,3.20
2010.06.23 19:56:36.391,1.36035,1.3606,2.40,4.00
2010.06.23 19:56:36.725,1.36035,1.36055,4.80,2.40
2010.06.23 19:56:38.260,1.3604,1.3606,2.40,3.60
2010.06.23 19:56:38.416,1.3604,1.3606,2.40,2.40
2010.06.23 19:56:40.600,1.36035,1.3606,4.00,2.40
2010.06.23 19:56:41.021,1.3604,1.36065,2.40,7.60
2010.06.23 19:56:41.262,1.3604,1.36065,2.40,6.80
2010.06.23 19:56:41.931,1.3604,1.36065,2.40,6.00
2010.06.23 19:56:42.181,1.3604,1.36065,2.40,5.20
2010.06.23 19:56:42.681,1.36045,1.36065,1.00,4.40
2010.06.23 19:56:42.933,1.36045,1.36065,1.00,1.00
2010.06.23 19:56:43.184,1.36055,1.36065,2.40,1.00
2010.06.23 19:56:43.293,1.36055,1.36075,2.40,1.00
2010.06.23 19:56:44.396,1.36055,1.36075,2.40,1.60
2010.06.23 19:56:44.644,1.36055,1.36075,3.20,1.60
2010.06.23 19:56:46.464,1.36055,1.3608,3.20,4.40
2010.06.23 19:56:46.696,1.3606,1.36085,3.20,1.20
2010.06.23 19:56:46.923,1.3606,1.36085,3.20,1.00
2010.06.23 19:56:47.152,1.3606,1.36085,2.40,1.00
2010.06.23 19:56:47.380,1.3606,1.36085,2.40,1.00
2010.06.23 19:56:48.363,1.36055,1.36085,1.00,1.60
2010.06.23 19:56:52.660,1.3606,1.36085,2.40,1.00
2010.06.23 19:56:53.838,1.3606,1.3609,2.40,5.20
2010.06.23 19:56:54.089,1.3606,1.3609,6.40,5.20
2010.06.23 19:56:54.334,1.36055,1.36085,4.90,1.00
2010.06.23 19:56:54.896,1.36055,1.36085,4.10,1.00
2010.06.23 19:56:55.262,1.36055,1.3608,2.40,2.40
2010.06.23 19:56:56.649,1.3606,1.3608,1.60,2.40
2010.06.23 19:56:56.858,1.3606,1.3608,2.40,2.40
2010.06.23 19:56:57.067,1.3606,1.3608,1.00,2.40
2010.06.23 19:57:00.315,1.3606,1.3609,6.40,4.40
2010.06.23 19:57:00.720,1.3606,1.3609,8.00,4.40
2010.06.23 19:57:09.890,1.3606,1.3609,8.80,4.40
2010.06.23 19:57:10.001,1.3606,1.3609,11.20,4.40
2010.06.23 19:57:10.112,1.3606,1.3609,14.50,3.60
2010.06.23 19:57:10.707,1.3606,1.3609,13.70,3.60
2010.06.23 19:57:10.827,1.3606,1.36085,2.40,1.00
2010.06.23 19:57:15.649,1.3606,1.36085,2.50,1.00
2010.06.23 19:57:20.800,1.3606,1.36085,2.40,1.00
2010.06.23 19:57:20.932,1.3606,1.36085,2.50,1.00
2010.06.23 19:57:22.805,1.3606,1.36085,2.40,1.00
2010.06.23 19:57:22.911,1.3606,1.36085,10.40,1.00
2010.06.23 19:57:23.021,1.3607,1.3609,2.40,3.60
2010.06.23 19:57:23.619,1.36075,1.36095,2.40,1.20
2010.06.23 19:57:23.690,1.3608,1.36095,2.40,1.00
2010.06.23 19:57:23.763,1.36075,1.36095,2.40,1.00
2010.06.23 19:57:23.831,1.36075,1.36095,2.40,1.60
2010.06.23 19:57:24.045,1.36075,1.36095,2.40,2.00
2010.06.23 19:57:24.373,1.36075,1.36095,2.40,3.60
2010.06.23 19:57:28.090,1.36075,1.36095,2.40,2.80
2010.06.23 19:57:28.579,1.36075,1.36095,2.40,2.40
2010.06.23 19:57:29.690,1.36075,1.36095,2.40,3.20
2010.06.23 19:57:30.354,1.36075,1.3609,2.40,1.00
2010.06.23 19:57:30.476,1.3606,1.3608,2.40,3.20
2010.06.23 19:57:30.698,1.3606,1.3608,2.40,1.00
2010.06.23 19:57:30.993,1.36055,1.36075,4.00,2.40
2010.06.23 19:57:31.550,1.36055,1.36075,4.10,2.40
2010.06.23 19:57:31.859,1.3606,1.3609,2.50,5.20
2010.06.23 19:57:32.131,1.3606,1.36085,2.50,1.00
2010.06.23 19:57:32.412,1.3606,1.36085,2.40,1.00
2010.06.23 19:57:33.226,1.36055,1.36075,4.80,3.20
2010.06.23 19:57:33.419,1.3606,1.3608,2.40,3.60
2010.06.23 19:57:34.298,1.3606,1.3608,2.40,3.20
2010.06.23 19:57:40.794,1.3606,1.36085,2.40,2.00
2010.06.23 19:57:41.520,1.3606,1.3608,2.40,3.20
2010.06.23 19:57:42.704,1.3605,1.3608,13.70,3.20
2010.06.23 19:57:43.346,1.36055,1.3608,2.40,3.20
2010.06.23 19:57:43.463,1.36055,1.3608,6.40,3.20
2010.06.23 19:57:45.001,1.36055,1.3608,6.50,3.20
2010.06.23 19:57:46.027,1.36055,1.3608,6.50,2.40
2010.06.23 19:57:46.251,1.36065,1.3609,2.40,5.20
2010.06.23 19:57:49.281,1.3606,1.3609,5.70,5.20
2010.06.23 19:57:49.868,1.3606,1.3609,12.90,5.20
2010.06.23 19:57:50.195,1.3606,1.3609,2.50,5.20
2010.06.23 19:57:50.682,1.3606,1.3609,4.10,4.40
2010.06.23 19:57:50.841,1.3606,1.3609,4.90,4.40
2010.06.23 19:57:51.160,1.3606,1.3609,4.90,4.00
2010.06.23 19:57:52.960,1.36065,1.3609,1.00,4.00
2010.06.23 19:57:56.562,1.36065,1.3609,1.00,3.20
2010.06.23 19:57:56.815,1.36075,1.361,1.00,3.30
2010.06.23 19:57:57.574,1.3607,1.36095,2.40,1.00
2010.06.23 19:57:58.771,1.3607,1.361,3.20,4.40
2010.06.23 19:57:59.575,1.3607,1.361,3.30,4.40
2010.06.23 19:58:00.682,1.3607,1.36095,3.20,1.00
2010.06.23 19:58:00.811,1.3607,1.36095,3.20,3.20
2010.06.23 19:58:01.565,1.3607,1.36095,3.20,4.80
2010.06.23 19:58:01.899,1.3607,1.36095,2.40,6.00
2010.06.23 19:58:02.240,1.3607,1.36095,2.40,6.80
2010.06.23 19:58:02.575,1.36065,1.3609,1.00,2.40
2010.06.23 19:58:03.762,1.36065,1.3609,1.00,2.40
2010.06.23 19:58:04.092,1.36065,1.3609,1.60,2.40
2010.06.23 19:58:04.262,1.3607,1.3609,2.40,2.40
2010.06.23 19:58:05.541,1.3607,1.3609,2.50,2.40
2010.06.23 19:58:07.735,1.3607,1.3609,2.40,2.40
2010.06.23 19:58:09.864,1.36065,1.3609,1.00,2.40
2010.06.23 19:58:10.610,1.36065,1.3609,1.00,2.40
2010.06.23 19:58:11.964,1.3607,1.3609,2.40,2.40
2010.06.23 19:58:15.141,1.3607,1.3609,2.50,2.40
2010.06.23 19:58:17.655,1.36075,1.36095,2.40,3.20
2010.06.23 19:58:18.703,1.36065,1.3609,3.70,1.00
2010.06.23 19:58:19.357,1.36065,1.36085,2.40,4.00
2010.06.23 19:58:19.517,1.3606,1.3608,1.00,4.80
2010.06.23 19:58:19.675,1.36055,1.3608,1.00,5.20
2010.06.23 19:58:19.832,1.36055,1.3608,1.00,6.00
2010.06.23 19:58:20.579,1.36055,1.3608,1.00,5.20
2010.06.23 19:58:20.917,1.3605,1.3608,4.10,4.40
2010.06.23 19:58:23.133,1.3605,1.3608,4.90,4.40
2010.06.23 19:58:24.341,1.3605,1.3608,4.10,4.40
2010.06.23 19:58:25.611,1.36055,1.3608,3.20,3.60
2010.06.23 19:58:25.756,1.36055,1.3608,4.00,3.60
2010.06.23 19:58:26.033,1.36055,1.3608,4.00,2.80
2010.06.23 19:58:26.301,1.36055,1.3608,4.80,2.80
2010.06.23 19:58:27.155,1.36055,1.3608,4.90,2.40
2010.06.23 19:58:29.901,1.36055,1.3608,4.80,2.40
2010.06.23 19:58:30.190,1.36055,1.3608,1.00,2.40
2010.06.23 19:58:32.880,1.3605,1.3608,4.10,3.20
2010.06.23 19:58:33.691,1.3605,1.3608,8.90,3.20
2010.06.23 19:58:33.801,1.36055,1.3608,8.80,3.20
2010.06.23 19:58:33.910,1.36055,1.3608,9.60,2.40
2010.06.23 19:58:34.130,1.36055,1.3608,9.70,2.40
2010.06.23 19:58:35.062,1.36055,1.3608,3.30,2.40
2010.06.23 19:58:37.502,1.3606,1.3608,1.00,2.40
2010.06.23 19:58:38.404,1.36055,1.3608,3.20,3.20
2010.06.23 19:58:38.573,1.36055,1.3608,2.40,4.00
2010.06.23 19:58:39.270,1.36055,1.36075,2.40,1.60
2010.06.23 19:58:40.157,1.3605,1.3607,3.20,2.40
2010.06.23 19:58:40.999,1.3605,1.3607,2.40,2.40
2010.06.23 19:58:45.565,1.3605,1.3607,6.40,2.40
2010.06.23 19:58:46.308,1.3605,1.3607,3.20,2.40
2010.06.23 19:58:49.573,1.3605,1.3607,3.30,2.40
2010.06.23 19:58:49.731,1.3605,1.3608,3.30,4.40
2010.06.23 19:58:49.890,1.3605,1.3608,3.30,3.60
2010.06.23 19:58:50.200,1.3605,1.3608,3.30,3.20
2010.06.23 19:58:51.214,1.3605,1.36075,2.40,1.60
2010.06.23 19:58:51.559,1.3605,1.3607,2.40,2.40
2010.06.23 19:58:52.042,1.3605,1.3607,2.40,3.20
2010.06.23 19:58:55.342,1.3605,1.3607,2.40,2.40
2010.06.23 19:58:55.752,1.36055,1.36075,2.40,2.40
2010.06.23 19:58:55.962,1.3605,1.3608,13.60,3.60
2010.06.23 19:58:56.879,1.3605,1.3608,10.50,2.80
2010.06.23 19:58:58.370,1.36055,1.3608,1.60,2.80
2010.06.23 19:58:58.944,1.36055,1.3608,1.60,2.40
2010.06.23 19:59:00.313,1.36055,1.3608,1.00,2.40
2010.06.23 19:59:00.513,1.3605,1.3608,10.50,2.40
2010.06.23 19:59:01.219,1.3605,1.3608,9.70,3.60
2010.06.23 19:59:01.430,1.3605,1.3607,2.50,2.40
2010.06.23 19:59:01.695,1.3605,1.3608,8.10,4.40
2010.06.23 19:59:01.951,1.3605,1.3608,10.50,4.40
2010.06.23 19:59:02.701,1.3605,1.3608,10.50,4.00
2010.06.23 19:59:04.570,1.36055,1.3608,1.00,4.00
2010.06.23 19:59:10.719,1.3605,1.3608,10.50,4.00
2010.06.23 19:59:10.862,1.36055,1.3608,1.60,2.40
2010.06.23 19:59:11.013,1.3606,1.3608,2.40,2.40
2010.06.23 19:59:13.371,1.3606,1.3608,3.20,2.40
2010.06.23 19:59:14.210,1.36065,1.36085,2.40,1.60
2010.06.23 19:59:14.911,1.36065,1.36085,2.50,1.60
2010.06.23 19:59:15.061,1.36065,1.36085,2.50,2.40
2010.06.23 19:59:15.930,1.36065,1.36085,1.00,4.80
2010.06.23 19:59:18.052,1.36065,1.36085,2.40,1.60
2010.06.23 19:59:18.586,1.36065,1.36085,2.50,1.60
2010.06.23 19:59:20.251,1.36065,1.36085,2.40,1.60
2010.06.23 19:59:21.248,1.36055,1.3608,3.20,4.40
2010.06.23 19:59:21.471,1.36055,1.3608,4.80,4.40
2010.06.23 19:59:21.698,1.36055,1.3608,3.20,4.40
2010.06.23 19:59:24.662,1.36055,1.3608,4.00,4.40
2010.06.23 19:59:24.784,1.36055,1.3608,3.20,4.40
2010.06.23 19:59:26.193,1.36055,1.36075,2.40,1.60
2010.06.23 19:59:27.113,1.36055,1.3608,6.40,6.00
2010.06.23 19:59:27.364,1.3605,1.3608,12.50,2.00
2010.06.23 19:59:27.616,1.3606,1.3608,2.40,2.80
2010.06.23 19:59:28.276,1.36055,1.3608,2.40,4.40
2010.06.23 19:59:28.620,1.36055,1.3608,2.40,5.20
2010.06.23 19:59:31.302,1.36055,1.3608,2.40,4.40
2010.06.23 19:59:31.548,1.36055,1.3608,2.40,5.20
2010.06.23 19:59:39.126,1.3606,1.36075,2.40,1.60
2010.06.23 19:59:39.362,1.36055,1.3608,2.40,6.00
2010.06.23 19:59:39.483,1.36055,1.3608,2.40,4.40
2010.06.23 19:59:39.602,1.36055,1.36075,2.40,1.60
2010.06.23 19:59:42.946,1.36055,1.36075,2.40,2.40
2010.06.23 19:59:44.487,1.3605,1.3607,2.40,2.40
2010.06.23 19:59:45.411,1.3605,1.3607,2.40,4.00
2010.06.23 19:59:45.612,1.3605,1.3607,2.40,3.20
2010.06.23 19:59:45.817,1.36055,1.36065,2.40,1.00
2010.06.23 19:59:46.403,1.36055,1.3607,2.40,1.00
2010.06.23 19:59:46.748,1.3604,1.3606,2.40,2.40
2010.06.23 19:59:47.611,1.3604,1.3607,3.20,4.40
2010.06.23 19:59:47.959,1.3604,1.3607,8.00,3.60
2010.06.23 19:59:48.308,1.3604,1.3607,4.80,2.40
2010.06.23 19:59:48.654,1.3604,1.3607,8.10,2.40
2010.06.23 19:59:49.202,1.3604,1.3607,8.10,3.20
2010.06.23 19:59:49.498,1.3604,1.3607,3.20,4.00
2010.06.23 19:59:49.785,1.3604,1.36065,1.00,1.00
2010.06.23 19:59:50.082,1.36035,1.36065,1.70,1.00
2010.06.23 19:59:53.041,1.36035,1.36065,1.70,1.60
2010.06.23 19:59:54.412,1.36035,1.36065,1.70,2.40
2010.06.23 19:59:54.510,1.36035,1.36065,1.60,2.40
2010.06.23 19:59:54.600,1.36035,1.36065,2.40,2.40
2010.06.23 19:59:55.202,1.3604,1.36065,2.40,2.40
2010.06.23 19:59:56.702,1.3604,1.36065,2.40,1.60
2010.06.23 19:59:57.036,1.3604,1.36065,2.40,1.00
2010.06.23 19:59:57.372,1.3605,1.36065,2.40,1.00
2010.06.23 19:59:57.707,1.3605,1.3607,2.40,4.40
2010.06.23 19:59:57.983,1.3604,1.3607,12.80,3.60
2010.06.23 19:59:58.616,1.36045,1.3607,2.40,3.20
2010.06.23 19:59:58.896,1.36045,1.3607,1.00,4.00
2010.06.23 19:59:59.261,1.3604,1.3607,4.00,4.40
2010.06.23 19:59:59.622,1.3604,1.3607,8.00,4.40
2010.06.23 19:59:59.800,1.3604,1.3607,8.10,4.40
