2017.06.09 16:00:00.155,1.08535,1.08543,1.00,1.50
2017.06.09 16:00:00.691,1.08535,1.08543,1.00,1.50
2017.06.09 16:00:01.265,1.08536,1.08543,1.00,1.00
2017.06.09 16:00:01.816,1.08536,1.08544,1.00,1.87
2017.06.09 16:00:02.349,1.08536,1.08544,1.00,2.62
2017.06.09 16:00:03.573,1.08536,1.08544,1.00,2.62
2017.06.09 16:00:10.673,1.08536,1.08544,1.00,2.25
2017.06.09 16:00:12.014,1.08536,1.08544,1.00,2.25
2017.06.09 16:00:12.535,1.08537,1.08544,1.00,2.25
2017.06.09 16:00:14.757,1.0854,1.08545,1.00,1.50
2017.06.09 16:00:14.808,1.08541,1.08546,1.00,1.00
2017.06.09 16:00:14.961,1.08541,1.0855,1.00,2.10
2017.06.09 16:00:15.470,1.08542,1.0855,1.00,3.60
2017.06.09 16:00:15.878,1.08543,1.08551,1.00,1.00
2017.06.09 16:00:16.836,1.08543,1.08552,1.12,1.30
2017.06.09 16:00:20.162,1.08544,1.08553,1.00,5.47
2017.06.09 16:00:26.864,1.08545,1.08553,1.00,1.37
2017.06.09 16:00:29.973,1.08544,1.08553,1.00,1.50
2017.06.09 16:00:41.056,1.08544,1.08553,1.00,1.30
2017.06.09 16:00:47.399,1.08544,1.08554,1.37,2.85
2017.06.09 16:00:48.258,1.08544,1.08554,1.50,2.10
2017.06.09 16:01:03.999,1.08546,1.08555,1.00,1.50
2017.06.09 16:01:04.050,1.08548,1.08556,1.00,1.12
2017.06.09 16:01:04.307,1.08549,1.08559,1.12,2.25
2017.06.09 16:01:04.454,1.08549,1.08559,1.75,2.25
2017.06.09 16:01:04.957,1.08549,1.08559,1.75,1.12
2017.06.09 16:01:07.810,1.08548,1.08558,2.25,1.00
2017.06.09 16:01:08.322,1.08549,1.08559,1.50,1.00
2017.06.09 16:01:12.924,1.08548,1.08558,1.87,1.00
2017.06.09 16:01:16.937,1.08548,1.08557,1.12,1.00
2017.06.09 16:01:17.273,1.08546,1.08556,1.87,1.00
2017.06.09 16:01:21.018,1.08547,1.08557,1.50,1.12
2017.06.09 16:01:26.087,1.08546,1.08556,1.75,1.00
2017.06.09 16:01:26.189,1.08545,1.08554,4.12,1.00
2017.06.09 16:01:26.342,1.08546,1.08556,1.75,1.00
2017.06.09 16:01:26.548,1.08548,1.08558,1.12,1.72
2017.06.09 16:01:27.117,1.08548,1.08558,1.50,1.72
2017.06.09 16:01:31.420,1.08548,1.08558,1.50,1.00
2017.06.09 16:01:39.865,1.08549,1.08559,1.50,1.12
2017.06.09 16:01:40.400,1.08549,1.08559,1.75,1.12
2017.06.09 16:01:44.866,1.0855,1.0856,1.50,2.40
2017.06.09 16:01:44.917,1.08549,1.08558,1.12,1.00
2017.06.09 16:01:45.435,1.08549,1.08557,1.12,1.00
2017.06.09 16:01:46.355,1.0855,1.08557,1.00,1.00
2017.06.09 16:01:55.757,1.08548,1.08557,1.12,1.00
2017.06.09 16:02:02.008,1.0855,1.08557,1.00,1.00
2017.06.09 16:02:03.496,1.08547,1.08556,2.25,1.00
2017.06.09 16:02:21.745,1.08548,1.08557,1.12,1.00
2017.06.09 16:02:27.198,1.08549,1.08557,1.12,1.00
2017.06.09 16:02:47.240,1.08548,1.08557,1.50,1.00
2017.06.09 16:02:48.320,1.08548,1.08556,1.12,1.00
2017.06.09 16:03:20.558,1.08547,1.08557,1.75,1.00
2017.06.09 16:03:31.650,1.08547,1.08556,1.75,1.00
2017.06.09 16:03:32.182,1.08547,1.08557,3.00,1.00
2017.06.09 16:03:35.355,1.08548,1.08558,1.87,1.12
2017.06.09 16:03:35.704,1.0855,1.08559,1.75,1.00
2017.06.09 16:03:36.547,1.08549,1.08559,3.60,1.00
2017.06.09 16:03:37.059,1.08549,1.08558,3.60,1.00
2017.06.09 16:03:44.873,1.08549,1.08557,1.75,1.00
2017.06.09 16:03:45.377,1.08549,1.08557,1.50,1.00
2017.06.09 16:03:47.397,1.08549,1.08558,1.37,1.00
2017.06.09 16:04:03.330,1.08549,1.08557,1.37,1.00
2017.06.09 16:04:05.230,1.08548,1.08558,2.62,1.50
2017.06.09 16:04:05.757,1.08548,1.08558,3.37,1.00
2017.06.09 16:04:11.081,1.0855,1.08559,1.50,1.00
2017.06.09 16:04:11.408,1.08548,1.08556,1.37,1.00
2017.06.09 16:04:13.565,1.08548,1.08555,2.25,1.00
2017.06.09 16:04:14.078,1.08547,1.08555,1.50,1.00
2017.06.09 16:04:14.597,1.08548,1.08556,1.50,1.00
2017.06.09 16:04:16.283,1.08548,1.08556,1.87,1.00
2017.06.09 16:04:17.608,1.08547,1.08556,2.25,1.00
2017.06.09 16:04:18.153,1.08547,1.08557,2.25,1.00
2017.06.09 16:04:25.633,1.08549,1.08558,1.50,1.00
2017.06.09 16:04:26.022,1.08549,1.08559,3.37,1.12
2017.06.09 16:04:33.814,1.0855,1.0856,3.00,1.10
2017.06.09 16:04:34.344,1.0855,1.08559,1.12,1.00
2017.06.09 16:04:50.330,1.08551,1.08559,1.00,1.00
2017.06.09 16:04:50.854,1.08549,1.08558,1.12,1.00
2017.06.09 16:04:52.965,1.08549,1.08559,2.25,1.00
2017.06.09 16:04:53.299,1.08547,1.08556,1.75,1.00
2017.06.09 16:04:53.554,1.08547,1.08556,1.75,1.00
2017.06.09 16:04:59.941,1.08547,1.08557,1.75,1.00
2017.06.09 16:05:00.455,1.08547,1.08556,1.50,1.00
2017.06.09 16:05:05.954,1.08547,1.08556,2.62,1.00
2017.06.09 16:05:07.503,1.08547,1.08555,2.25,1.00
2017.06.09 16:05:13.234,1.08547,1.08556,1.87,1.00
2017.06.09 16:05:13.286,1.08549,1.08559,1.50,3.00
2017.06.09 16:05:13.689,1.0855,1.08559,1.87,1.00
2017.06.09 16:05:14.008,1.08547,1.08556,1.12,1.50
2017.06.09 16:05:14.519,1.08546,1.08555,6.00,1.00
2017.06.09 16:05:15.571,1.08547,1.08556,1.12,1.00
2017.06.09 16:05:17.062,1.08548,1.08557,1.75,1.00
2017.06.09 16:05:18.802,1.08549,1.08556,1.37,1.00
2017.06.09 16:05:19.210,1.08548,1.08556,1.12,1.00
2017.06.09 16:05:27.237,1.08547,1.08556,1.12,1.00
2017.06.09 16:05:27.765,1.08547,1.08555,1.00,1.00
2017.06.09 16:05:27.969,1.08547,1.08557,1.50,1.00
2017.06.09 16:05:28.475,1.08547,1.08557,2.62,1.00
2017.06.09 16:05:53.211,1.08547,1.08556,1.50,1.00
2017.06.09 16:05:53.720,1.08547,1.08557,1.12,1.00
2017.06.09 16:06:00.603,1.08547,1.08557,3.97,1.00
2017.06.09 16:06:08.104,1.08548,1.08558,2.85,1.00
2017.06.09 16:06:08.308,1.08548,1.08558,2.47,1.00
2017.06.09 16:06:08.997,1.08549,1.08559,1.00,1.00
2017.06.09 16:06:09.657,1.08549,1.08559,1.87,1.00
2017.06.09 16:06:14.883,1.08549,1.08559,1.12,1.00
2017.06.09 16:06:22.010,1.08549,1.08558,1.12,1.00
2017.06.09 16:06:34.879,1.08549,1.08559,1.12,1.00
2017.06.09 16:06:35.532,1.08549,1.08558,1.12,1.00
2017.06.09 16:06:38.095,1.08551,1.08558,1.00,1.00
2017.06.09 16:06:47.433,1.08551,1.08557,1.00,1.00
2017.06.09 16:07:03.344,1.08551,1.08558,1.00,1.00
2017.06.09 16:07:03.855,1.08551,1.08559,1.00,1.00
2017.06.09 16:07:10.723,1.08553,1.08559,1.00,1.00
2017.06.09 16:07:11.233,1.08553,1.0856,1.00,1.10
2017.06.09 16:07:26.224,1.08554,1.0856,1.00,1.10
2017.06.09 16:07:34.939,1.08555,1.0856,1.00,0.10
2017.06.09 16:08:03.633,1.08557,1.0856,1.00,0.10
2017.06.09 16:08:03.685,1.08555,1.0856,1.12,0.10
2017.06.09 16:08:04.440,1.08556,1.0856,1.00,0.10
2017.06.09 16:08:04.697,1.08558,1.0856,1.00,0.10
2017.06.09 16:08:05.213,1.08557,1.0856,1.75,0.10
2017.06.09 16:08:05.366,1.08557,1.0856,1.12,0.10
2017.06.09 16:08:06.677,1.08558,1.0856,1.00,0.10
2017.06.09 16:08:07.193,1.08557,1.0856,1.75,0.10
2017.06.09 16:08:12.221,1.08559,1.0856,1.12,0.10
2017.06.09 16:08:12.477,1.0856,1.08567,1.75,1.00
2017.06.09 16:08:13.545,1.0856,1.08568,1.75,1.00
2017.06.09 16:08:14.759,1.0856,1.08567,1.75,1.00
2017.06.09 16:08:19.743,1.0856,1.08571,2.25,4.72
2017.06.09 16:08:20.279,1.0856,1.0857,2.25,1.87
2017.06.09 16:08:26.607,1.08561,1.08571,1.50,6.22
2017.06.09 16:08:27.205,1.08561,1.08571,1.12,5.85
2017.06.09 16:08:28.202,1.08562,1.08571,1.00,3.60
2017.06.09 16:08:28.726,1.08561,1.08571,1.87,4.35
2017.06.09 16:08:32.825,1.08562,1.08571,1.00,1.00
2017.06.09 16:08:33.233,1.08563,1.08572,1.50,1.50
2017.06.09 16:08:33.779,1.08563,1.08573,1.87,3.75
2017.06.09 16:08:34.708,1.08563,1.08573,1.87,3.75
2017.06.09 16:08:35.660,1.08564,1.08573,1.00,3.75
2017.06.09 16:08:36.312,1.08564,1.08573,1.00,3.00
2017.06.09 16:08:41.349,1.08563,1.08573,1.87,2.25
2017.06.09 16:08:41.951,1.08564,1.08573,1.00,2.85
2017.06.09 16:08:43.048,1.08564,1.08573,1.00,4.35
2017.06.09 16:08:44.879,1.08564,1.08571,1.00,1.00
2017.06.09 16:08:47.155,1.08563,1.0857,1.12,1.00
2017.06.09 16:08:47.944,1.08563,1.08571,1.00,1.12
2017.06.09 16:08:50.640,1.08563,1.08572,1.00,2.10
2017.06.09 16:08:52.917,1.08563,1.08571,1.00,1.00
2017.06.09 16:08:54.008,1.08563,1.08569,1.12,1.35
2017.06.09 16:08:54.163,1.0856,1.08568,1.50,1.50
2017.06.09 16:08:54.678,1.0856,1.08568,1.12,1.50
2017.06.09 16:08:55.252,1.0856,1.08569,1.12,1.35
2017.06.09 16:08:55.789,1.08559,1.08568,1.75,1.00
2017.06.09 16:08:56.405,1.08559,1.08567,1.75,1.00
2017.06.09 16:08:56.917,1.08559,1.08566,1.75,1.00
2017.06.09 16:08:57.485,1.08559,1.08567,1.75,1.12
2017.06.09 16:08:59.514,1.0856,1.08567,1.00,1.00
2017.06.09 16:09:06.104,1.08559,1.08566,1.50,1.00
2017.06.09 16:09:06.616,1.08559,1.08566,1.00,1.00
2017.06.09 16:09:07.920,1.08559,1.08565,1.00,1.00
2017.06.09 16:09:08.023,1.08556,1.08563,1.75,1.00
2017.06.09 16:09:08.126,1.08556,1.08563,1.12,1.00
2017.06.09 16:09:08.757,1.08556,1.08564,1.00,1.50
2017.06.09 16:09:12.257,1.08556,1.08563,1.00,1.00
2017.06.09 16:09:16.229,1.08556,1.08562,1.12,1.00
2017.06.09 16:09:18.123,1.08555,1.08561,1.50,1.00
2017.06.09 16:09:18.327,1.08554,1.08561,1.12,1.00
2017.06.09 16:09:18.938,1.08554,1.08562,1.50,1.50
2017.06.09 16:09:20.137,1.08554,1.08561,1.50,1.00
2017.06.09 16:09:21.329,1.08554,1.0856,1.50,1.00
2017.06.09 16:09:21.853,1.08554,1.08561,1.50,1.00
2017.06.09 16:09:23.837,1.08554,1.0856,1.50,1.00
2017.06.09 16:09:27.231,1.08554,1.0856,1.75,1.00
2017.06.09 16:09:33.075,1.08555,1.08559,1.00,1.00
2017.06.09 16:09:33.634,1.08554,1.0856,1.75,1.00
2017.06.09 16:09:37.876,1.08554,1.0856,1.50,1.10
2017.06.09 16:09:38.468,1.08554,1.08559,1.50,1.00
2017.06.09 16:09:39.626,1.08554,1.0856,1.50,1.10
2017.06.09 16:09:40.136,1.08554,1.08559,1.50,1.00
2017.06.09 16:09:41.567,1.08554,1.08559,1.12,1.00
2017.06.09 16:09:41.823,1.08554,1.0856,1.75,1.10
2017.06.09 16:09:42.348,1.08554,1.0856,1.75,1.10
2017.06.09 16:09:42.867,1.08553,1.0856,1.75,0.10
2017.06.09 16:09:43.073,1.0855,1.08558,1.75,1.50
2017.06.09 16:09:43.175,1.0855,1.08557,1.75,1.00
2017.06.09 16:09:47.312,1.0855,1.08557,1.50,1.00
2017.06.09 16:09:48.296,1.08549,1.08556,1.75,1.00
2017.06.09 16:09:48.398,1.0855,1.08554,1.00,1.00
2017.06.09 16:09:48.602,1.08547,1.08554,1.37,1.00
2017.06.09 16:09:48.654,1.08548,1.08552,1.00,1.00
2017.06.09 16:09:48.910,1.08544,1.08552,1.87,1.00
2017.06.09 16:09:50.020,1.08547,1.08552,1.00,1.00
2017.06.09 16:09:50.544,1.08544,1.08552,3.97,1.00
2017.06.09 16:09:52.052,1.08544,1.08553,3.97,1.00
2017.06.09 16:09:55.121,1.08544,1.08553,2.62,1.00
2017.06.09 16:09:55.172,1.08546,1.08555,2.85,1.50
2017.06.09 16:09:55.415,1.08545,1.08553,2.10,1.00
2017.06.09 16:09:55.933,1.08545,1.08553,2.10,1.00
2017.06.09 16:09:58.633,1.08544,1.08552,1.75,1.00
2017.06.09 16:09:59.036,1.08543,1.0855,1.75,1.00
2017.06.09 16:10:00.938,1.08543,1.08552,2.25,1.50
2017.06.09 16:10:01.534,1.08543,1.08552,3.00,1.50
2017.06.09 16:10:06.023,1.08544,1.08553,3.60,1.50
2017.06.09 16:10:06.127,1.08546,1.08555,4.35,1.87
2017.06.09 16:10:06.280,1.08547,1.08555,1.67,1.50
2017.06.09 16:10:06.586,1.0855,1.08557,1.00,1.00
2017.06.09 16:10:07.119,1.08548,1.08557,1.75,1.00
2017.06.09 16:10:10.829,1.0855,1.08557,1.75,1.00
2017.06.09 16:10:11.357,1.0855,1.08557,1.50,1.00
2017.06.09 16:10:16.079,1.0855,1.08558,1.50,1.00
2017.06.09 16:10:19.835,1.0855,1.08559,1.50,1.87
2017.06.09 16:10:23.745,1.08549,1.08558,1.35,1.00
2017.06.09 16:10:24.446,1.08548,1.08558,1.87,1.00
2017.06.09 16:10:29.706,1.08548,1.08556,2.05,1.00
2017.06.09 16:10:30.440,1.08548,1.08555,1.12,1.00
2017.06.09 16:10:31.528,1.08549,1.08553,1.00,1.31
2017.06.09 16:10:31.632,1.08541,1.08547,1.37,1.00
2017.06.09 16:10:31.683,1.08539,1.08546,1.67,1.00
2017.06.09 16:10:31.939,1.08539,1.08549,1.87,1.00
2017.06.09 16:10:32.468,1.08539,1.08548,1.12,1.31
2017.06.09 16:10:32.571,1.08539,1.08547,1.12,1.56
2017.06.09 16:10:32.777,1.08539,1.08547,1.37,1.12
2017.06.09 16:10:35.153,1.08539,1.08543,1.00,1.00
2017.06.09 16:10:35.360,1.08525,1.08534,21.37,1.56
2017.06.09 16:10:35.411,1.08525,1.08535,6.00,1.31
2017.06.09 16:10:35.950,1.08528,1.08535,1.00,1.31
2017.06.09 16:10:36.507,1.08527,1.08535,1.12,1.31
2017.06.09 16:10:37.053,1.08528,1.08535,1.00,1.31
2017.06.09 16:10:38.559,1.08527,1.08535,1.12,1.31
2017.06.09 16:10:41.327,1.08527,1.08536,2.62,1.00
2017.06.09 16:10:41.633,1.08529,1.08538,1.50,1.00
2017.06.09 16:10:42.177,1.08528,1.08537,1.12,1.00
2017.06.09 16:10:43.970,1.08528,1.08536,1.12,1.00
2017.06.09 16:10:50.152,1.08529,1.08538,1.00,2.44
2017.06.09 16:10:53.179,1.08528,1.08538,1.87,1.87
2017.06.09 16:10:53.960,1.08529,1.08539,1.00,4.31
2017.06.09 16:10:54.763,1.08528,1.08537,1.50,1.00
2017.06.09 16:10:55.267,1.08529,1.08538,1.00,3.56
2017.06.09 16:10:55.779,1.08528,1.08538,1.50,3.56
2017.06.09 16:10:57.130,1.08529,1.08538,1.00,1.50
2017.06.09 16:10:57.232,1.08527,1.08537,2.25,1.00
2017.06.09 16:10:57.320,1.08527,1.08537,1.12,1.69
2017.06.09 16:10:57.832,1.08528,1.08537,1.50,2.06
2017.06.09 16:10:57.991,1.08528,1.08537,1.50,1.12
2017.06.09 16:11:00.245,1.08527,1.08537,1.00,3.04
2017.06.09 16:11:00.851,1.08524,1.08535,4.50,1.56
2017.06.09 16:11:01.160,1.08516,1.08525,1.37,1.00
2017.06.09 16:11:01.263,1.08515,1.08525,1.12,1.00
2017.06.09 16:11:01.768,1.08516,1.08525,1.00,1.00
2017.06.09 16:11:02.282,1.08515,1.08525,1.12,1.00
2017.06.09 16:11:02.582,1.08517,1.08526,1.00,1.00
2017.06.09 16:11:03.143,1.08517,1.08526,1.00,2.81
2017.06.09 16:11:05.379,1.08517,1.08526,1.00,1.87
2017.06.09 16:11:06.963,1.08517,1.08527,1.00,2.44
2017.06.09 16:11:07.471,1.08517,1.08527,1.00,2.44
2017.06.09 16:11:07.975,1.08517,1.08527,1.00,2.44
2017.06.09 16:11:08.989,1.08515,1.08523,1.87,1.31
2017.06.09 16:11:09.498,1.08515,1.08524,1.00,1.69
2017.06.09 16:11:10.131,1.08515,1.08524,1.00,1.12
2017.06.09 16:11:12.240,1.08515,1.08525,1.00,1.87
2017.06.09 16:11:13.688,1.08515,1.08524,1.00,1.00
2017.06.09 16:11:15.145,1.08515,1.08525,1.00,2.62
2017.06.09 16:11:15.723,1.08516,1.08525,1.00,1.00
2017.06.09 16:11:22.963,1.08517,1.08526,1.00,3.19
2017.06.09 16:11:23.533,1.08517,1.08526,1.00,2.44
2017.06.09 16:11:24.109,1.08518,1.08526,1.00,1.12
2017.06.09 16:11:24.416,1.08519,1.08528,1.00,1.69
2017.06.09 16:11:30.267,1.08516,1.08526,3.60,1.00
2017.06.09 16:11:30.390,1.08518,1.08528,1.12,1.69
2017.06.09 16:11:35.438,1.08519,1.08528,1.00,1.00
2017.06.09 16:11:40.531,1.08519,1.08528,1.00,1.50
2017.06.09 16:11:42.118,1.08519,1.08528,1.00,1.50
2017.06.09 16:11:43.039,1.0852,1.08528,1.00,1.12
2017.06.09 16:11:43.584,1.0852,1.08529,1.00,1.00
2017.06.09 16:11:45.663,1.08519,1.08529,1.12,1.50
2017.06.09 16:11:46.176,1.0852,1.08529,1.12,1.87
2017.06.09 16:11:47.171,1.08519,1.08528,1.12,1.00
2017.06.09 16:11:47.685,1.08518,1.08528,1.75,2.25
2017.06.09 16:11:48.138,1.08517,1.08527,1.87,1.00
2017.06.09 16:11:48.653,1.08518,1.08528,1.50,1.87
2017.06.09 16:11:56.762,1.0852,1.08529,1.50,1.87
2017.06.09 16:11:56.864,1.0852,1.0853,2.62,1.50
2017.06.09 16:11:56.968,1.08522,1.08531,1.00,1.72
2017.06.09 16:11:59.187,1.08522,1.08532,1.12,1.50
2017.06.09 16:11:59.495,1.08524,1.08534,1.00,2.25
2017.06.09 16:12:00.006,1.08525,1.08535,1.00,1.87
2017.06.09 16:12:00.508,1.08526,1.08536,1.00,4.50
2017.06.09 16:12:02.388,1.08525,1.08536,1.12,1.97
2017.06.09 16:12:06.087,1.08526,1.08536,1.00,1.97
2017.06.09 16:12:15.509,1.08526,1.08536,1.12,1.50
2017.06.09 16:12:20.247,1.08525,1.08535,1.50,1.00
2017.06.09 16:12:20.798,1.08525,1.08534,1.50,1.00
2017.06.09 16:12:21.300,1.08525,1.08536,1.50,3.00
2017.06.09 16:12:21.932,1.08526,1.08536,1.12,1.12
2017.06.09 16:12:22.188,1.08525,1.08534,2.25,1.00
2017.06.09 16:12:22.735,1.08525,1.08535,1.50,1.78
2017.06.09 16:12:23.279,1.08525,1.08536,1.50,1.50
2017.06.09 16:12:24.505,1.08526,1.08536,1.37,2.10
2017.06.09 16:12:28.197,1.08524,1.08534,2.25,1.00
2017.06.09 16:12:28.742,1.08525,1.08535,1.50,1.50
2017.06.09 16:12:30.245,1.08525,1.08535,1.50,3.22
2017.06.09 16:12:32.107,1.08525,1.08533,1.50,1.00
2017.06.09 16:12:32.835,1.08525,1.08535,1.50,2.47
2017.06.09 16:12:37.030,1.08525,1.08535,1.50,1.72
2017.06.09 16:12:39.859,1.08524,1.08535,1.87,2.47
2017.06.09 16:12:47.247,1.08525,1.08536,1.50,3.60
2017.06.09 16:12:47.832,1.08525,1.08536,1.50,3.22
2017.06.09 16:12:48.242,1.08528,1.08536,1.00,1.12
2017.06.09 16:12:48.555,1.08529,1.08539,1.50,1.50
2017.06.09 16:12:49.066,1.0853,1.08539,1.00,1.50
2017.06.09 16:12:49.604,1.08529,1.08538,1.12,1.00
2017.06.09 16:12:50.113,1.0853,1.08539,1.00,1.00
2017.06.09 16:12:51.071,1.0853,1.0854,1.00,2.62
2017.06.09 16:12:51.595,1.08531,1.0854,1.00,1.12
2017.06.09 16:12:52.745,1.08531,1.08541,1.00,2.62
2017.06.09 16:12:54.461,1.08531,1.0854,1.00,1.00
2017.06.09 16:12:56.865,1.08531,1.08541,1.00,1.12
2017.06.09 16:12:58.285,1.08531,1.0854,1.00,1.00
2017.06.09 16:12:58.857,1.08531,1.08541,1.00,2.62
2017.06.09 16:12:59.530,1.08531,1.08541,1.00,3.37
2017.06.09 16:13:01.333,1.0853,1.08539,1.12,1.50
2017.06.09 16:13:01.435,1.08527,1.08538,1.87,2.47
2017.06.09 16:13:01.487,1.08527,1.08537,1.50,1.00
2017.06.09 16:13:01.539,1.08526,1.08535,1.50,1.50
2017.06.09 16:13:01.693,1.08526,1.08535,1.12,1.00
2017.06.09 16:13:06.972,1.08525,1.08535,1.12,1.12
2017.06.09 16:13:15.415,1.08525,1.08534,1.12,1.00
2017.06.09 16:13:15.928,1.08525,1.08535,1.12,2.47
2017.06.09 16:13:21.899,1.08525,1.08535,1.12,3.97
2017.06.09 16:13:27.245,1.08524,1.08535,1.12,3.60
2017.06.09 16:13:29.257,1.08523,1.08533,2.62,1.00
2017.06.09 16:13:36.195,1.08523,1.08532,2.25,1.00
2017.06.09 16:13:36.842,1.08523,1.08533,2.25,1.50
2017.06.09 16:13:40.192,1.08523,1.08534,2.25,1.72
2017.06.09 16:14:03.128,1.08526,1.08534,1.00,1.00
2017.06.09 16:14:03.678,1.08525,1.08535,1.00,2.62
2017.06.09 16:14:04.226,1.08525,1.08535,1.00,1.87
2017.06.09 16:14:07.264,1.08525,1.08534,1.00,1.00
2017.06.09 16:14:07.774,1.08525,1.08535,1.00,2.47
2017.06.09 16:14:09.609,1.08526,1.08535,1.00,1.12
2017.06.09 16:14:10.118,1.08527,1.08536,1.00,1.37
2017.06.09 16:14:11.123,1.08527,1.08537,1.00,2.62
2017.06.09 16:14:16.182,1.08527,1.08536,1.00,1.12
2017.06.09 16:14:16.725,1.08526,1.08536,1.00,2.47
2017.06.09 16:14:17.236,1.08527,1.08536,1.00,1.72
2017.06.09 16:14:17.380,1.08529,1.08538,1.00,1.75
2017.06.09 16:14:17.431,1.08529,1.08538,1.00,1.12
2017.06.09 16:14:20.301,1.08531,1.08538,1.00,1.00
2017.06.09 16:14:20.824,1.0853,1.08538,1.00,2.47
2017.06.09 16:14:20.876,1.08528,1.08537,1.00,1.30
2017.06.09 16:14:23.314,1.08527,1.08536,1.00,1.35
2017.06.09 16:14:23.824,1.08526,1.08536,1.00,3.60
2017.06.09 16:14:24.299,1.08526,1.08533,1.00,1.00
2017.06.09 16:14:24.813,1.08526,1.08534,1.00,2.47
2017.06.09 16:14:25.419,1.08525,1.08534,1.00,1.72
2017.06.09 16:14:26.231,1.08525,1.08535,1.00,3.37
2017.06.09 16:14:26.848,1.08526,1.08535,1.00,1.87
2017.06.09 16:14:27.358,1.08526,1.08534,1.00,1.50
2017.06.09 16:14:35.425,1.08525,1.08534,1.00,1.30
2017.06.09 16:14:36.686,1.08526,1.08535,1.00,1.87
2017.06.09 16:14:36.990,1.08528,1.08538,1.00,2.25
2017.06.09 16:14:37.541,1.08529,1.08538,1.00,1.12
2017.06.09 16:14:50.969,1.08528,1.08537,1.00,1.00
2017.06.09 16:14:51.826,1.0853,1.08537,1.00,1.12
2017.06.09 16:14:52.338,1.0853,1.08538,1.00,1.00
2017.06.09 16:14:52.440,1.08528,1.08537,1.12,1.00
2017.06.09 16:14:54.489,1.08527,1.08537,1.50,1.00
2017.06.09 16:14:57.612,1.0853,1.08537,1.00,1.50
2017.06.09 16:14:57.664,1.08528,1.08537,1.12,1.12
2017.06.09 16:14:57.868,1.08526,1.08536,1.50,1.35
2017.06.09 16:14:58.377,1.08526,1.08535,1.00,1.00
2017.06.09 16:14:58.912,1.08526,1.08535,1.00,2.10
2017.06.09 16:15:02.034,1.08526,1.08535,1.00,3.97
2017.06.09 16:15:02.593,1.08525,1.08535,1.00,5.47
2017.06.09 16:15:06.151,1.08525,1.08534,1.00,1.35
2017.06.09 16:15:07.805,1.08525,1.08534,1.00,1.67
2017.06.09 16:15:08.983,1.08522,1.08532,2.25,1.35
2017.06.09 16:15:12.368,1.08525,1.08534,1.00,3.22
2017.06.09 16:15:16.764,1.08526,1.08534,1.00,1.37
2017.06.09 16:15:17.579,1.08526,1.08534,1.00,1.00
2017.06.09 16:15:18.114,1.08526,1.08535,1.00,1.12
2017.06.09 16:15:19.061,1.08526,1.08535,1.00,1.50
2017.06.09 16:15:19.612,1.08526,1.08535,1.00,1.87
2017.06.09 16:15:20.527,1.08526,1.08535,1.00,1.37
2017.06.09 16:15:21.397,1.08522,1.08526,1.50,1.35
2017.06.09 16:15:21.501,1.08515,1.08521,16.87,1.00
2017.06.09 16:15:21.552,1.08515,1.08523,1.37,1.12
2017.06.09 16:15:22.062,1.08515,1.08524,1.00,2.62
2017.06.09 16:15:22.671,1.08515,1.08524,1.00,3.00
2017.06.09 16:15:23.175,1.08515,1.08524,1.00,3.00
2017.06.09 16:15:24.357,1.08514,1.08524,1.50,4.12
2017.06.09 16:15:24.918,1.08514,1.08523,1.00,3.00
2017.06.09 16:15:25.226,1.08516,1.08525,1.00,1.50
2017.06.09 16:15:26.706,1.08516,1.08524,1.00,1.00
2017.06.09 16:15:27.020,1.08518,1.08524,1.00,1.00
2017.06.09 16:15:27.174,1.08517,1.08527,1.00,3.00
2017.06.09 16:15:27.710,1.08517,1.08527,1.00,2.62
2017.06.09 16:15:28.223,1.08518,1.08527,1.00,2.25
2017.06.09 16:15:30.572,1.08516,1.08525,1.00,1.12
2017.06.09 16:15:30.934,1.08519,1.08526,1.00,2.25
2017.06.09 16:15:31.466,1.08518,1.08527,1.50,1.00
2017.06.09 16:15:33.370,1.0852,1.08527,1.00,1.00
2017.06.09 16:15:34.192,1.08521,1.08527,1.00,1.00
2017.06.09 16:15:34.447,1.08518,1.08527,2.25,1.00
2017.06.09 16:15:34.499,1.0852,1.08527,1.00,1.00
2017.06.09 16:15:34.602,1.08518,1.08527,1.12,1.50
2017.06.09 16:15:35.760,1.08517,1.08527,1.50,1.50
2017.06.09 16:15:37.053,1.08516,1.08518,1.12,1.50
2017.06.09 16:15:37.105,1.08515,1.08522,1.12,1.00
2017.06.09 16:15:37.309,1.08512,1.08522,1.50,1.87
2017.06.09 16:15:37.859,1.08512,1.08522,1.00,2.25
2017.06.09 16:15:40.166,1.08513,1.08522,1.00,3.79
2017.06.09 16:15:43.199,1.08514,1.08521,1.00,1.00
2017.06.09 16:15:43.506,1.08514,1.08523,1.00,1.00
2017.06.09 16:15:44.146,1.08519,1.08523,1.00,1.00
2017.06.09 16:15:44.406,1.08517,1.08527,1.50,2.62
2017.06.09 16:15:44.924,1.08516,1.08524,1.00,1.00
2017.06.09 16:15:46.728,1.08516,1.08525,1.00,1.12
2017.06.09 16:15:47.248,1.08516,1.08526,1.00,1.87
2017.06.09 16:15:49.732,1.08516,1.08526,1.00,1.69
2017.06.09 16:15:50.674,1.08516,1.08525,1.00,1.67
2017.06.09 16:15:50.913,1.08513,1.08522,1.87,1.00
2017.06.09 16:15:51.429,1.08513,1.08522,1.00,1.00
2017.06.09 16:15:51.974,1.08513,1.08522,1.00,1.37
2017.06.09 16:15:52.618,1.08513,1.08522,1.00,1.12
2017.06.09 16:15:56.777,1.08513,1.08522,1.00,2.25
2017.06.09 16:15:57.735,1.08513,1.08522,1.00,1.87
2017.06.09 16:15:58.483,1.08514,1.08522,1.00,1.50
2017.06.09 16:15:59.111,1.08513,1.08522,1.00,1.00
2017.06.09 16:16:00.854,1.08515,1.08522,1.00,1.00
2017.06.09 16:16:01.367,1.08514,1.08523,1.00,1.00
2017.06.09 16:16:01.944,1.08513,1.08522,1.00,1.00
2017.06.09 16:16:04.593,1.08516,1.08522,1.00,1.12
2017.06.09 16:16:08.206,1.08521,1.08524,1.30,1.12
2017.06.09 16:16:08.310,1.08532,1.08536,1.00,1.50
2017.06.09 16:16:08.414,1.08535,1.08542,1.00,4.87
2017.06.09 16:16:08.783,1.08544,1.08549,1.00,1.37
2017.06.09 16:16:08.989,1.08545,1.08552,1.00,1.00
2017.06.09 16:16:09.244,1.08543,1.08552,1.00,1.00
2017.06.09 16:16:09.296,1.08546,1.08552,1.00,1.00
2017.06.09 16:16:09.347,1.08542,1.08552,2.25,1.00
2017.06.09 16:16:09.399,1.08543,1.0855,1.00,1.00
2017.06.09 16:16:09.909,1.08542,1.0855,1.00,1.00
2017.06.09 16:16:10.151,1.08544,1.08553,1.00,1.12
2017.06.09 16:16:10.203,1.08547,1.08556,1.00,4.50
2017.06.09 16:16:10.717,1.08547,1.08555,1.00,1.00
2017.06.09 16:16:14.157,1.08548,1.08555,1.00,1.00
2017.06.09 16:16:14.311,1.08548,1.08557,1.00,1.12
2017.06.09 16:16:14.363,1.08549,1.08555,1.00,1.00
2017.06.09 16:16:14.414,1.08549,1.08557,1.00,1.50
2017.06.09 16:16:14.669,1.08551,1.08557,1.00,1.00
2017.06.09 16:16:15.189,1.08552,1.08557,1.00,1.00
2017.06.09 16:16:15.639,1.08549,1.08557,1.00,1.00
2017.06.09 16:16:16.525,1.08549,1.08559,1.00,2.62
2017.06.09 16:16:17.070,1.0855,1.08559,1.00,1.12
2017.06.09 16:16:22.198,1.0855,1.08557,1.00,1.00
2017.06.09 16:16:22.593,1.08553,1.08557,1.00,1.00
2017.06.09 16:16:22.747,1.08552,1.08559,1.00,1.00
2017.06.09 16:16:23.257,1.08554,1.0856,1.00,0.10
2017.06.09 16:16:23.426,1.08552,1.0856,1.00,0.10
2017.06.09 16:16:23.891,1.08552,1.08558,1.00,1.00
2017.06.09 16:16:24.442,1.08551,1.08558,1.00,1.00
2017.06.09 16:16:24.967,1.08551,1.08557,1.00,1.00
2017.06.09 16:16:25.460,1.08549,1.08557,1.87,1.00
2017.06.09 16:16:25.664,1.08551,1.08557,1.00,1.00
2017.06.09 16:16:25.716,1.08551,1.08559,1.00,1.87
2017.06.09 16:16:26.271,1.0855,1.08559,2.25,1.00
2017.06.09 16:16:27.308,1.08552,1.0856,1.00,1.10
2017.06.09 16:16:27.616,1.08551,1.08557,1.37,1.00
2017.06.09 16:16:27.889,1.0855,1.08557,1.12,1.00
2017.06.09 16:16:28.427,1.0855,1.08558,1.12,1.00
2017.06.09 16:16:28.792,1.0855,1.08556,1.87,1.00
2017.06.09 16:16:28.844,1.0855,1.08558,2.62,1.00
2017.06.09 16:16:29.726,1.0855,1.08559,2.62,1.50
2017.06.09 16:16:30.208,1.0855,1.08557,1.87,1.00
2017.06.09 16:16:30.734,1.0855,1.08558,1.50,1.00
2017.06.09 16:16:31.598,1.0855,1.08557,1.50,1.00
2017.06.09 16:16:34.913,1.08551,1.0856,1.50,2.97
2017.06.09 16:16:34.964,1.08553,1.0856,1.00,2.97
2017.06.09 16:16:35.488,1.08551,1.08559,1.37,1.00
2017.06.09 16:16:36.055,1.0855,1.08559,4.87,1.00
2017.06.09 16:16:37.576,1.0855,1.08556,1.00,1.00
2017.06.09 16:16:37.783,1.08547,1.08555,1.00,1.00
2017.06.09 16:16:38.172,1.08546,1.08553,1.75,1.00
2017.06.09 16:16:38.274,1.08544,1.08553,2.25,1.00
2017.06.09 16:16:38.784,1.08544,1.08554,3.75,1.00
2017.06.09 16:16:39.305,1.08545,1.08553,1.00,1.00
2017.06.09 16:16:47.857,1.08545,1.08555,1.12,1.50
2017.06.09 16:16:50.139,1.08545,1.08554,1.12,1.00
2017.06.09 16:16:50.726,1.08545,1.08555,1.12,2.10
2017.06.09 16:16:51.257,1.08545,1.08554,1.12,1.00
2017.06.09 16:16:51.412,1.08544,1.08549,1.37,1.00
2017.06.09 16:16:51.616,1.08539,1.08548,1.50,1.00
2017.06.09 16:16:52.158,1.08539,1.08549,1.12,1.50
2017.06.09 16:16:53.109,1.08538,1.08542,1.00,1.12
2017.06.09 16:16:53.213,1.08535,1.08544,1.75,1.50
2017.06.09 16:16:53.317,1.08534,1.08544,1.87,1.50
2017.06.09 16:16:54.649,1.08534,1.08541,1.50,1.00
2017.06.09 16:16:55.188,1.08534,1.08542,1.50,1.00
2017.06.09 16:16:57.941,1.08534,1.08544,1.50,1.50
2017.06.09 16:17:00.400,1.08534,1.08543,1.87,1.00
2017.06.09 16:17:00.642,1.08532,1.08541,2.25,1.50
2017.06.09 16:17:00.694,1.0853,1.08539,1.37,1.50
2017.06.09 16:17:00.746,1.08529,1.08539,2.25,1.50
2017.06.09 16:17:01.257,1.0853,1.08538,1.12,1.00
2017.06.09 16:17:03.439,1.08529,1.08539,3.00,1.50
2017.06.09 16:17:03.987,1.08529,1.08538,3.00,1.00
2017.06.09 16:17:07.987,1.0853,1.08539,1.12,1.50
2017.06.09 16:17:12.605,1.08533,1.08539,1.00,1.00
2017.06.09 16:17:13.120,1.08534,1.08539,1.00,1.00
2017.06.09 16:17:13.745,1.0853,1.08539,4.12,1.50
2017.06.09 16:17:14.580,1.0853,1.08539,1.87,1.50
2017.06.09 16:17:15.225,1.08532,1.08539,1.00,1.00
2017.06.09 16:17:15.764,1.08531,1.08539,1.00,1.00
2017.06.09 16:17:16.707,1.0853,1.08539,1.87,1.50
2017.06.09 16:17:19.331,1.08531,1.08539,1.00,1.00
2017.06.09 16:17:19.871,1.0853,1.08539,1.50,1.50
2017.06.09 16:17:24.431,1.0853,1.08538,1.00,1.00
2017.06.09 16:17:26.968,1.0853,1.08539,1.00,1.50
2017.06.09 16:17:29.244,1.08531,1.08541,1.50,1.12
2017.06.09 16:17:29.397,1.08533,1.08542,1.00,2.25
2017.06.09 16:17:29.926,1.08532,1.08542,1.12,1.12
2017.06.09 16:17:30.458,1.08533,1.08543,1.87,1.87
2017.06.09 16:17:31.004,1.08534,1.08543,1.00,1.87
2017.06.09 16:17:43.259,1.08535,1.08544,1.00,1.12
2017.06.09 16:17:46.711,1.08534,1.08543,1.50,1.00
2017.06.09 16:17:47.225,1.08535,1.08544,1.37,1.50
2017.06.09 16:17:50.142,1.08537,1.08545,1.00,1.00
2017.06.09 16:17:50.646,1.08537,1.08546,1.00,1.12
2017.06.09 16:17:51.201,1.08538,1.08547,1.00,2.25
2017.06.09 16:17:51.750,1.08537,1.08546,1.00,1.00
2017.06.09 16:17:57.372,1.08538,1.08547,1.00,1.50
2017.06.09 16:17:57.917,1.08537,1.08546,1.50,1.00
2017.06.09 16:17:58.581,1.08537,1.08547,1.87,1.50
2017.06.09 16:17:58.887,1.08541,1.08549,1.00,1.12
2017.06.09 16:17:59.197,1.08544,1.0855,1.00,1.00
2017.06.09 16:17:59.401,1.08542,1.0855,1.50,1.00
2017.06.09 16:17:59.658,1.08543,1.08552,1.00,1.50
2017.06.09 16:18:00.145,1.08543,1.0855,1.00,1.00
2017.06.09 16:18:00.503,1.08541,1.08542,1.00,1.00
2017.06.09 16:18:00.555,1.0854,1.08547,1.12,1.72
2017.06.09 16:18:00.812,1.08538,1.08547,1.00,2.85
2017.06.09 16:18:01.428,1.08538,1.08547,1.00,2.25
2017.06.09 16:18:01.945,1.08537,1.08547,1.00,1.12
2017.06.09 16:18:02.527,1.08542,1.08548,1.00,1.50
2017.06.09 16:18:02.782,1.08544,1.0855,1.00,1.00
2017.06.09 16:18:02.834,1.08541,1.0855,1.12,1.00
2017.06.09 16:18:03.867,1.08541,1.08551,1.87,1.50
2017.06.09 16:18:04.093,1.08543,1.08551,1.00,1.00
2017.06.09 16:18:04.821,1.08542,1.0855,1.00,1.00
2017.06.09 16:18:05.344,1.08543,1.08549,1.00,1.00
2017.06.09 16:18:05.872,1.0854,1.08549,2.62,1.00
2017.06.09 16:18:06.376,1.0854,1.08549,1.87,1.00
2017.06.09 16:18:06.881,1.08541,1.08549,1.00,1.50
2017.06.09 16:18:08.055,1.0854,1.08549,1.00,1.00
2017.06.09 16:18:08.210,1.08542,1.08549,1.00,1.00
2017.06.09 16:18:09.018,1.08541,1.08549,1.00,1.00
2017.06.09 16:18:12.480,1.0854,1.08549,1.12,1.00
2017.06.09 16:18:12.989,1.08541,1.0855,1.00,3.00
2017.06.09 16:18:13.529,1.08541,1.08549,1.00,1.00
2017.06.09 16:18:14.277,1.08541,1.08549,1.00,1.87
2017.06.09 16:18:15.291,1.08541,1.08549,1.00,1.00
2017.06.09 16:18:16.010,1.0854,1.08549,1.00,1.00
2017.06.09 16:18:16.585,1.08541,1.08549,1.00,1.00
2017.06.09 16:18:27.605,1.08543,1.0855,1.00,1.50
2017.06.09 16:18:28.269,1.08543,1.08551,1.00,1.72
2017.06.09 16:18:28.776,1.08543,1.08551,1.00,1.00
2017.06.09 16:18:29.085,1.08545,1.08552,1.00,1.87
2017.06.09 16:18:29.878,1.08546,1.08552,1.00,1.87
2017.06.09 16:18:30.429,1.08546,1.08552,1.00,1.12
2017.06.09 16:18:31.912,1.08546,1.08553,1.00,1.12
2017.06.09 16:18:32.441,1.08545,1.08553,1.00,1.12
2017.06.09 16:18:36.759,1.08546,1.08553,1.00,1.00
2017.06.09 16:18:37.065,1.08548,1.08555,1.00,1.87
2017.06.09 16:18:37.616,1.08548,1.08556,1.00,1.87
2017.06.09 16:18:38.202,1.08548,1.08556,1.00,1.00
2017.06.09 16:18:40.563,1.08548,1.08557,1.00,3.37
2017.06.09 16:18:41.171,1.08548,1.08556,1.00,1.00
2017.06.09 16:18:41.676,1.08547,1.08555,1.00,1.00
2017.06.09 16:18:42.424,1.08547,1.08556,1.00,1.50
2017.06.09 16:18:42.968,1.08547,1.08555,1.00,1.00
2017.06.09 16:18:43.389,1.0855,1.08557,1.00,1.50
2017.06.09 16:18:43.696,1.08554,1.08558,1.00,1.00
2017.06.09 16:18:44.382,1.08552,1.08559,1.00,1.00
2017.06.09 16:18:45.835,1.08552,1.08558,1.00,1.00
2017.06.09 16:18:49.688,1.08552,1.08557,1.00,1.00
2017.06.09 16:18:50.198,1.08552,1.08558,1.00,1.00
2017.06.09 16:18:50.770,1.08554,1.08558,1.00,1.00
2017.06.09 16:18:57.526,1.08555,1.08559,1.00,1.00
2017.06.09 16:18:57.578,1.08553,1.08559,1.00,1.00
2017.06.09 16:18:57.630,1.08551,1.08559,1.00,1.00
2017.06.09 16:18:57.682,1.08553,1.08559,1.00,1.00
2017.06.09 16:18:58.377,1.08553,1.08558,1.00,1.00
2017.06.09 16:19:04.115,1.0855,1.08558,1.50,1.00
2017.06.09 16:19:04.218,1.08552,1.08559,1.00,1.12
2017.06.09 16:19:04.543,1.08552,1.08557,1.00,1.00
2017.06.09 16:19:07.231,1.08549,1.08557,1.00,1.00
2017.06.09 16:19:12.625,1.08548,1.08557,1.00,1.87
2017.06.09 16:19:16.389,1.08546,1.08553,1.12,1.00
2017.06.09 16:19:16.958,1.08544,1.08552,1.87,1.00
2017.06.09 16:19:17.299,1.08547,1.08555,1.00,1.72
2017.06.09 16:19:22.129,1.08546,1.08555,1.00,2.47
2017.06.09 16:19:22.699,1.08546,1.08555,1.00,1.72
2017.06.09 16:19:23.792,1.08546,1.08555,1.00,2.10
2017.06.09 16:19:34.239,1.08548,1.08555,1.00,1.87
2017.06.09 16:19:34.768,1.08547,1.08555,1.00,1.00
2017.06.09 16:19:43.170,1.08549,1.08555,1.00,1.00
2017.06.09 16:19:43.458,1.08547,1.08555,1.00,1.00
2017.06.09 16:19:43.970,1.08546,1.08554,1.00,1.72
2017.06.09 16:19:47.278,1.08546,1.08554,1.00,2.47
2017.06.09 16:19:51.476,1.08546,1.08552,1.00,1.00
2017.06.09 16:19:51.528,1.08544,1.08552,1.00,1.00
2017.06.09 16:20:00.705,1.08546,1.08552,1.00,1.12
2017.06.09 16:20:01.112,1.08547,1.08555,1.00,1.12
2017.06.09 16:20:04.997,1.08548,1.08555,1.00,1.12
2017.06.09 16:20:05.498,1.08547,1.08555,1.00,1.00
2017.06.09 16:20:06.004,1.08549,1.08555,1.00,1.00
2017.06.09 16:20:06.055,1.08547,1.08555,1.00,1.00
2017.06.09 16:20:17.720,1.08549,1.08555,1.00,1.00
2017.06.09 16:20:17.771,1.08547,1.08555,1.00,1.00
2017.06.09 16:20:18.774,1.08548,1.08555,1.00,1.00
2017.06.09 16:20:19.284,1.08547,1.08555,1.00,1.12
2017.06.09 16:20:20.164,1.0855,1.08555,1.00,1.12
2017.06.09 16:20:20.216,1.08548,1.08556,1.00,1.50
2017.06.09 16:20:20.318,1.0855,1.08555,1.00,1.12
2017.06.09 16:20:21.296,1.08549,1.08555,1.00,1.12
2017.06.09 16:20:24.287,1.08548,1.08555,1.00,1.00
2017.06.09 16:20:24.797,1.08549,1.08555,1.00,1.00
2017.06.09 16:20:27.200,1.08547,1.08555,1.00,1.00
2017.06.09 16:20:31.214,1.08547,1.08555,1.00,1.12
2017.06.09 16:20:31.267,1.08548,1.08555,1.00,1.00
2017.06.09 16:20:31.801,1.08549,1.08556,1.00,1.00
2017.06.09 16:20:32.482,1.08548,1.08556,1.00,1.00
2017.06.09 16:20:32.950,1.0855,1.08556,1.00,1.12
2017.06.09 16:20:33.409,1.0855,1.08558,1.00,1.00
2017.06.09 16:20:33.912,1.08554,1.08558,1.00,1.00
2017.06.09 16:20:34.117,1.08555,1.0856,1.00,1.10
2017.06.09 16:20:34.299,1.08553,1.0856,1.00,0.10
2017.06.09 16:20:38.148,1.08554,1.0856,1.00,1.10
2017.06.09 16:20:39.437,1.08555,1.08559,1.00,1.00
2017.06.09 16:20:39.489,1.08553,1.08559,1.00,1.00
2017.06.09 16:20:40.099,1.08552,1.08559,1.00,1.00
2017.06.09 16:20:40.425,1.08553,1.08557,1.00,1.00
2017.06.09 16:20:40.633,1.08551,1.08557,1.00,1.00
2017.06.09 16:20:40.939,1.08553,1.08558,1.00,1.00
2017.06.09 16:20:40.990,1.08551,1.08558,1.00,1.00
2017.06.09 16:20:41.246,1.08553,1.08558,1.00,1.00
2017.06.09 16:20:41.763,1.08552,1.08559,1.00,1.00
2017.06.09 16:20:46.766,1.08552,1.08558,1.00,1.00
2017.06.09 16:20:47.446,1.08553,1.08558,1.00,1.00
2017.06.09 16:20:50.759,1.08553,1.08557,1.00,1.00
2017.06.09 16:20:54.118,1.08552,1.08557,1.00,1.00
2017.06.09 16:20:54.258,1.0855,1.08557,1.00,1.00
2017.06.09 16:20:54.915,1.08549,1.08557,1.00,1.00
2017.06.09 16:21:03.892,1.0855,1.08557,1.00,1.12
2017.06.09 16:21:03.943,1.08553,1.08557,1.00,1.12
2017.06.09 16:21:04.097,1.08553,1.08559,1.00,1.50
2017.06.09 16:21:04.151,1.0855,1.08559,1.50,1.87
2017.06.09 16:21:04.202,1.08553,1.08559,1.00,1.00
2017.06.09 16:21:04.458,1.0855,1.08558,1.12,1.00
2017.06.09 16:21:05.002,1.0855,1.08557,1.00,1.00
2017.06.09 16:21:05.053,1.08552,1.08557,1.00,1.00
2017.06.09 16:21:05.569,1.08552,1.08558,1.00,1.00
2017.06.09 16:21:08.725,1.08551,1.08558,1.00,1.00
2017.06.09 16:21:12.730,1.08551,1.08557,1.00,1.00
2017.06.09 16:21:13.082,1.08553,1.08557,1.00,1.00
2017.06.09 16:21:14.117,1.08551,1.08557,1.00,1.00
2017.06.09 16:21:14.699,1.08551,1.08558,1.00,1.00
2017.06.09 16:21:18.967,1.08553,1.08558,1.00,1.00
2017.06.09 16:21:19.171,1.0855,1.08558,1.50,1.00
2017.06.09 16:21:19.795,1.08552,1.08558,1.00,1.00
2017.06.09 16:21:20.406,1.0855,1.08558,1.50,1.00
2017.06.09 16:21:24.279,1.08553,1.08558,1.00,1.00
2017.06.09 16:21:24.330,1.08551,1.08558,1.00,1.00
2017.06.09 16:21:25.985,1.08554,1.08558,1.00,1.00
2017.06.09 16:21:26.502,1.08553,1.08557,1.00,1.00
2017.06.09 16:21:27.661,1.08554,1.08558,1.00,1.00
2017.06.09 16:21:27.874,1.0855,1.08556,1.00,2.10
2017.06.09 16:21:28.027,1.08546,1.08552,1.37,1.00
2017.06.09 16:21:28.079,1.08546,1.08552,1.12,1.00
2017.06.09 16:21:28.181,1.08543,1.08551,1.50,1.00
2017.06.09 16:21:28.385,1.08544,1.08549,1.00,1.00
2017.06.09 16:21:29.536,1.08545,1.08549,1.00,1.00
2017.06.09 16:21:29.673,1.08543,1.08549,1.12,1.00
2017.06.09 16:21:30.492,1.08543,1.0855,1.12,1.00
2017.06.09 16:21:31.069,1.08544,1.0855,1.00,1.00
2017.06.09 16:21:31.580,1.08545,1.0855,1.00,1.00
2017.06.09 16:21:31.758,1.08543,1.0855,1.00,1.00
2017.06.09 16:21:36.371,1.08545,1.0855,1.00,1.00
2017.06.09 16:21:37.835,1.0854,1.08548,1.50,1.35
2017.06.09 16:21:37.989,1.08539,1.08546,1.75,1.00
2017.06.09 16:21:38.091,1.08539,1.08547,1.00,2.47
2017.06.09 16:21:38.962,1.08538,1.08544,1.00,1.00
2017.06.09 16:21:43.355,1.08536,1.08544,1.00,2.25
2017.06.09 16:21:51.621,1.08536,1.08542,1.00,1.00
2017.06.09 16:21:52.139,1.08535,1.08542,1.00,1.00
2017.06.09 16:21:53.424,1.08532,1.08541,1.87,2.10
2017.06.09 16:21:53.476,1.08532,1.08539,1.37,1.00
2017.06.09 16:21:53.580,1.08529,1.08537,1.50,1.00
2017.06.09 16:21:53.733,1.08532,1.08537,1.00,1.00
2017.06.09 16:22:04.582,1.08528,1.08536,1.12,1.00
2017.06.09 16:22:07.196,1.08529,1.08536,1.00,1.00
2017.06.09 16:22:07.657,1.08527,1.08534,1.75,1.00
2017.06.09 16:22:07.811,1.08525,1.08533,1.12,1.00
2017.06.09 16:22:08.338,1.08525,1.08533,1.37,1.00
2017.06.09 16:22:10.567,1.08526,1.08535,2.62,1.00
2017.06.09 16:22:11.069,1.08526,1.08535,3.97,1.00
2017.06.09 16:22:13.390,1.08527,1.08536,1.50,1.00
2017.06.09 16:22:13.901,1.08527,1.08535,1.37,1.00
2017.06.09 16:22:14.428,1.08526,1.08534,1.12,1.00
2017.06.09 16:22:15.039,1.08526,1.08535,1.50,1.00
2017.06.09 16:22:16.241,1.08529,1.08538,1.00,2.62
2017.06.09 16:22:20.426,1.08529,1.08538,1.00,2.25
2017.06.09 16:22:21.541,1.08529,1.08538,1.00,2.62
2017.06.09 16:22:22.822,1.08529,1.08538,1.00,2.62
2017.06.09 16:22:24.443,1.08526,1.08536,1.87,2.62
2017.06.09 16:22:24.597,1.08527,1.08535,1.12,1.50
2017.06.09 16:22:25.108,1.08526,1.08534,1.00,1.00
2017.06.09 16:22:25.465,1.08528,1.08536,1.00,3.00
2017.06.09 16:22:26.099,1.08528,1.08537,1.00,3.00
2017.06.09 16:22:26.608,1.08529,1.08537,1.00,2.25
2017.06.09 16:22:27.171,1.08529,1.08537,1.00,2.25
2017.06.09 16:22:28.301,1.08528,1.08537,1.00,2.25
2017.06.09 16:22:31.562,1.08529,1.08537,1.00,1.50
2017.06.09 16:22:35.392,1.08529,1.08538,1.00,1.12
2017.06.09 16:22:37.148,1.0853,1.08538,1.00,1.00
2017.06.09 16:22:45.700,1.08526,1.08536,1.87,2.47
2017.06.09 16:22:45.904,1.08526,1.08534,1.12,1.00
2017.06.09 16:22:46.500,1.08527,1.08534,1.00,1.00
2017.06.09 16:22:50.206,1.08526,1.08535,1.00,2.62
2017.06.09 16:22:50.776,1.08525,1.08534,1.00,1.87
2017.06.09 16:22:51.285,1.08525,1.08534,1.00,2.25
2017.06.09 16:22:51.837,1.08525,1.08534,1.00,3.00
2017.06.09 16:22:54.461,1.08525,1.08534,1.00,1.50
2017.06.09 16:22:56.591,1.08525,1.08534,1.00,1.50
2017.06.09 16:23:00.297,1.08526,1.08535,1.00,5.10
2017.06.09 16:23:00.969,1.08526,1.08534,1.00,1.00
2017.06.09 16:23:01.478,1.08523,1.08533,1.50,3.60
2017.06.09 16:23:01.991,1.08523,1.08531,1.00,2.56
2017.06.09 16:23:02.898,1.08523,1.08531,1.00,1.81
2017.06.09 16:23:14.628,1.08521,1.0853,1.50,1.00
2017.06.09 16:23:15.299,1.08521,1.08529,1.00,1.00
2017.06.09 16:23:16.547,1.08521,1.0853,1.00,1.43
2017.06.09 16:23:21.257,1.08521,1.08529,1.00,1.00
2017.06.09 16:23:21.515,1.08519,1.08525,1.37,1.00
2017.06.09 16:23:21.773,1.08516,1.08523,1.37,1.00
2017.06.09 16:23:22.324,1.08516,1.08523,1.00,1.00
2017.06.09 16:23:26.924,1.08514,1.0852,2.25,1.00
2017.06.09 16:23:27.026,1.08514,1.08523,2.25,1.12
2017.06.09 16:23:27.558,1.08514,1.08524,2.47,1.00
2017.06.09 16:23:27.661,1.08516,1.08525,1.00,1.50
2017.06.09 16:23:28.211,1.08517,1.08526,1.00,1.50
2017.06.09 16:23:28.694,1.08517,1.08527,1.87,1.12
2017.06.09 16:23:29.741,1.08518,1.08527,1.00,1.12
2017.06.09 16:23:30.280,1.08518,1.08527,2.10,1.00
2017.06.09 16:23:31.090,1.08518,1.08528,2.85,1.00
2017.06.09 16:23:31.771,1.08518,1.08526,2.10,1.00
2017.06.09 16:23:32.278,1.08519,1.08527,1.30,1.00
2017.06.09 16:23:32.791,1.08519,1.08528,2.10,1.00
2017.06.09 16:23:33.482,1.08519,1.08527,1.67,1.00
2017.06.09 16:23:47.284,1.08519,1.08526,1.37,1.00
2017.06.09 16:23:48.000,1.08518,1.08527,1.27,1.00
2017.06.09 16:23:51.665,1.08518,1.08526,1.12,1.00
2017.06.09 16:23:52.023,1.08516,1.08526,4.35,1.00
2017.06.09 16:23:55.305,1.08516,1.08525,2.85,1.00
2017.06.09 16:23:56.897,1.08516,1.08525,1.50,1.00
2017.06.09 16:23:57.422,1.08516,1.08525,1.12,1.00
2017.06.09 16:24:16.628,1.08516,1.08524,1.12,1.00
2017.06.09 16:24:16.730,1.08515,1.08522,1.12,1.00
2017.06.09 16:24:16.834,1.08511,1.08521,6.37,1.00
2017.06.09 16:24:17.353,1.08511,1.08521,5.85,1.00
2017.06.09 16:24:19.796,1.08513,1.08522,1.87,1.00
2017.06.09 16:24:20.309,1.08514,1.08522,1.30,1.00
2017.06.09 16:24:22.651,1.08516,1.08525,1.00,1.12
2017.06.09 16:24:23.146,1.08514,1.08524,1.50,1.12
2017.06.09 16:24:23.350,1.08513,1.08522,1.12,1.12
2017.06.09 16:24:24.393,1.08512,1.08522,1.12,1.12
2017.06.09 16:24:25.037,1.08513,1.08522,1.00,1.50
2017.06.09 16:24:25.580,1.08514,1.08523,1.00,1.87
2017.06.09 16:24:26.457,1.08514,1.08523,1.00,1.12
2017.06.09 16:24:26.789,1.08516,1.08524,1.00,1.37
2017.06.09 16:24:27.636,1.08516,1.08526,1.00,4.12
2017.06.09 16:24:28.283,1.08519,1.08528,1.00,2.62
2017.06.09 16:24:28.386,1.0852,1.08529,1.00,2.62
2017.06.09 16:24:30.740,1.0852,1.0853,1.00,2.62
2017.06.09 16:24:31.315,1.08521,1.0853,1.00,1.87
2017.06.09 16:24:31.822,1.08521,1.0853,1.00,1.12
2017.06.09 16:24:35.402,1.08523,1.0853,1.00,1.12
2017.06.09 16:24:35.606,1.08525,1.08534,1.00,2.62
2017.06.09 16:24:37.474,1.08525,1.08534,1.00,1.00
2017.06.09 16:24:38.146,1.08524,1.08532,1.12,1.00
2017.06.09 16:24:38.489,1.08521,1.08531,1.12,3.00
2017.06.09 16:24:38.592,1.08519,1.08526,1.87,1.00
2017.06.09 16:24:38.695,1.08518,1.08527,1.50,1.37
2017.06.09 16:24:39.206,1.08518,1.08527,1.12,1.12
2017.06.09 16:24:40.282,1.08517,1.08526,1.50,1.00
2017.06.09 16:24:40.789,1.08517,1.08527,1.12,4.87
2017.06.09 16:24:41.405,1.08517,1.08527,1.12,5.62
2017.06.09 16:24:44.769,1.08517,1.08526,1.12,1.87
2017.06.09 16:24:47.360,1.08517,1.08526,1.12,1.12
2017.06.09 16:24:51.414,1.08517,1.08526,1.12,1.50
2017.06.09 16:24:52.512,1.08517,1.08527,1.12,4.87
2017.06.09 16:24:53.435,1.08517,1.08526,1.50,1.87
2017.06.09 16:24:54.028,1.08517,1.08526,1.50,1.37
2017.06.09 16:24:55.349,1.08517,1.08526,1.12,1.87
2017.06.09 16:25:01.121,1.08518,1.08526,1.00,1.72
2017.06.09 16:25:01.273,1.08514,1.08523,1.87,1.35
2017.06.09 16:25:01.478,1.08515,1.08523,1.00,1.72
2017.06.09 16:25:02.773,1.08515,1.08524,1.00,1.35
2017.06.09 16:25:04.578,1.08513,1.08522,1.50,1.00
2017.06.09 16:25:05.111,1.08515,1.08522,1.00,1.00
2017.06.09 16:25:07.408,1.08514,1.08523,1.50,1.37
2017.06.09 16:25:09.286,1.08514,1.08524,1.50,4.35
2017.06.09 16:25:09.592,1.08514,1.08522,1.00,2.10
2017.06.09 16:25:09.694,1.08514,1.08522,1.00,1.67
2017.06.09 16:25:11.035,1.08514,1.08522,1.00,1.12
2017.06.09 16:25:12.035,1.08513,1.08522,1.12,1.12
2017.06.09 16:25:15.177,1.08511,1.08521,1.75,1.50
2017.06.09 16:25:15.734,1.0851,1.0852,3.85,1.50
2017.06.09 16:25:15.964,1.0851,1.0852,2.85,1.00
2017.06.09 16:25:16.469,1.08513,1.08523,1.12,2.25
2017.06.09 16:25:16.674,1.08514,1.08524,1.50,2.25
2017.06.09 16:25:17.554,1.08514,1.08523,1.50,1.37
2017.06.09 16:25:19.970,1.08513,1.08523,1.85,1.50
2017.06.09 16:25:20.378,1.08514,1.08523,1.50,1.50
2017.06.09 16:25:21.756,1.08514,1.08524,1.50,1.12
2017.06.09 16:25:22.926,1.08515,1.08525,1.12,1.12
2017.06.09 16:25:30.501,1.08514,1.08524,2.47,1.00
2017.06.09 16:25:32.373,1.08515,1.08525,1.12,1.12
2017.06.09 16:25:45.259,1.08515,1.08525,1.50,1.12
2017.06.09 16:25:50.478,1.08514,1.08525,2.25,1.50
2017.06.09 16:25:51.008,1.08513,1.08523,1.87,1.00
2017.06.09 16:25:52.379,1.08512,1.08522,2.25,1.00
2017.06.09 16:25:52.584,1.08512,1.08522,2.62,1.00
2017.06.09 16:25:53.909,1.08512,1.08523,1.87,1.12
2017.06.09 16:25:54.502,1.08513,1.08522,2.70,1.00
2017.06.09 16:25:56.658,1.08513,1.08523,3.07,1.00
2017.06.09 16:25:56.710,1.08513,1.08521,1.37,1.00
2017.06.09 16:25:57.197,1.08513,1.08523,3.45,1.12
2017.06.09 16:25:57.712,1.08515,1.08524,1.67,1.00
2017.06.09 16:25:58.239,1.08514,1.08523,3.60,1.00
2017.06.09 16:26:03.695,1.08515,1.08523,2.10,1.00
2017.06.09 16:26:06.334,1.08517,1.08526,1.60,1.00
2017.06.09 16:26:06.590,1.08518,1.08527,2.05,1.00
2017.06.09 16:26:08.267,1.08518,1.08524,1.12,1.00
2017.06.09 16:26:08.421,1.08515,1.08524,1.50,1.00
2017.06.09 16:26:11.419,1.08515,1.08524,1.75,1.00
2017.06.09 16:26:13.227,1.08515,1.08524,1.37,1.00
2017.06.09 16:26:13.744,1.08515,1.08523,1.87,1.00
2017.06.09 16:26:14.328,1.08515,1.08524,1.87,1.00
2017.06.09 16:26:15.005,1.08515,1.08524,1.50,1.00
2017.06.09 16:26:15.640,1.08515,1.08523,1.37,1.00
2017.06.09 16:26:16.164,1.08515,1.08523,1.00,1.00
2017.06.09 16:26:18.024,1.08514,1.08524,1.57,1.00
2017.06.09 16:26:20.748,1.08514,1.08524,2.92,1.00
2017.06.09 16:26:21.105,1.08516,1.08526,1.00,1.87
2017.06.09 16:26:24.543,1.08515,1.08522,1.00,1.00
2017.06.09 16:26:24.599,1.08514,1.08524,1.12,1.00
2017.06.09 16:26:25.598,1.08515,1.08525,1.00,1.87
2017.06.09 16:26:36.426,1.08514,1.08523,1.50,1.12
2017.06.09 16:26:36.682,1.0851,1.0852,2.10,1.00
2017.06.09 16:26:43.854,1.0851,1.08519,2.40,1.00
2017.06.09 16:26:48.994,1.08511,1.08521,3.60,1.12
2017.06.09 16:26:49.573,1.08513,1.08522,1.30,1.00
2017.06.09 16:26:49.928,1.08515,1.08523,1.35,1.00
2017.06.09 16:26:50.082,1.08518,1.08527,2.10,1.12
2017.06.09 16:26:50.597,1.08517,1.08527,1.30,1.00
2017.06.09 16:26:52.748,1.08518,1.08527,1.00,1.00
2017.06.09 16:26:53.263,1.08518,1.08527,2.85,1.00
2017.06.09 16:26:54.577,1.08518,1.08527,3.97,1.00
2017.06.09 16:27:00.041,1.08519,1.08528,2.66,1.00
2017.06.09 16:27:00.553,1.0852,1.08529,1.72,1.00
2017.06.09 16:27:02.039,1.0852,1.0853,3.60,1.00
2017.06.09 16:27:02.650,1.08521,1.0853,1.37,1.00
2017.06.09 16:27:04.373,1.08521,1.08531,3.60,1.00
2017.06.09 16:27:04.730,1.08523,1.08532,3.22,1.00
2017.06.09 16:27:05.333,1.08523,1.08532,2.85,1.00
2017.06.09 16:27:17.636,1.08524,1.08532,1.72,1.00
2017.06.09 16:27:18.194,1.08524,1.08532,1.72,1.00
2017.06.09 16:27:18.703,1.08522,1.08531,1.12,1.00
2017.06.09 16:27:19.250,1.08522,1.08531,1.37,1.00
2017.06.09 16:27:20.248,1.08522,1.08531,1.00,1.00
2017.06.09 16:27:20.825,1.08521,1.08531,2.10,1.00
2017.06.09 16:27:21.338,1.08521,1.08531,2.10,1.00
2017.06.09 16:27:22.666,1.08521,1.08531,2.10,1.00
2017.06.09 16:27:25.373,1.08521,1.08531,2.85,1.37
2017.06.09 16:27:25.475,1.08521,1.08531,2.85,1.12
2017.06.09 16:27:26.584,1.08521,1.08531,2.85,1.12
2017.06.09 16:27:27.095,1.08521,1.08531,2.10,1.37
2017.06.09 16:27:28.535,1.08521,1.08531,2.10,1.12
2017.06.09 16:27:29.552,1.08522,1.08531,1.00,1.12
2017.06.09 16:27:30.070,1.08521,1.0853,1.12,1.00
2017.06.09 16:27:30.915,1.0852,1.08528,1.75,1.00
2017.06.09 16:27:30.967,1.0852,1.08527,1.37,1.00
2017.06.09 16:27:31.231,1.08518,1.08527,3.75,1.00
2017.06.09 16:27:33.830,1.08521,1.0853,1.00,1.50
2017.06.09 16:27:34.342,1.0852,1.08529,1.00,1.00
2017.06.09 16:27:36.976,1.08521,1.08529,1.00,1.00
2017.06.09 16:27:38.834,1.08522,1.0853,1.00,1.37
2017.06.09 16:27:39.381,1.08522,1.08531,1.00,2.25
2017.06.09 16:27:40.090,1.08521,1.08531,1.00,3.60
2017.06.09 16:27:40.615,1.08519,1.08529,1.37,1.00
2017.06.09 16:27:40.963,1.08519,1.08527,1.00,4.35
2017.06.09 16:27:41.089,1.08517,1.08527,1.00,3.97
2017.06.09 16:27:41.297,1.08516,1.08525,1.00,1.50
2017.06.09 16:27:42.363,1.08515,1.08524,1.12,1.00
2017.06.09 16:27:43.135,1.08516,1.08526,1.00,3.60
2017.06.09 16:27:43.804,1.08516,1.08526,1.00,3.00
2017.06.09 16:27:44.403,1.08516,1.08526,1.12,1.87
2017.06.09 16:27:45.665,1.08517,1.08527,1.37,2.10
2017.06.09 16:27:45.819,1.08517,1.08527,1.12,2.85
2017.06.09 16:27:47.577,1.08517,1.08527,1.12,2.25
2017.06.09 16:27:48.681,1.08517,1.08527,1.12,2.25
2017.06.09 16:27:49.684,1.08517,1.08527,1.12,3.00
2017.06.09 16:27:51.499,1.08512,1.08522,4.50,1.37
2017.06.09 16:27:51.603,1.08511,1.08522,2.25,1.37
2017.06.09 16:27:51.708,1.08511,1.08522,1.87,1.87
2017.06.09 16:28:03.245,1.0851,1.08519,1.35,1.00
2017.06.09 16:28:27.254,1.0851,1.08519,1.47,1.00
2017.06.09 16:28:29.214,1.0851,1.08518,1.47,1.00
2017.06.09 16:28:29.717,1.0851,1.08519,0.60,1.00
2017.06.09 16:28:30.777,1.0851,1.08518,1.40,1.00
2017.06.09 16:28:31.371,1.0851,1.08519,0.97,1.00
2017.06.09 16:28:34.644,1.0851,1.08518,1.47,1.00
2017.06.09 16:28:36.240,1.0851,1.08519,0.97,1.00
2017.06.09 16:28:42.900,1.0851,1.08518,1.47,1.00
2017.06.09 16:28:43.155,1.0851,1.0852,2.47,1.00
2017.06.09 16:28:43.669,1.08511,1.08521,1.50,1.12
2017.06.09 16:28:44.140,1.08513,1.08523,2.10,1.12
2017.06.09 16:28:44.191,1.08513,1.08523,2.85,1.00
2017.06.09 16:28:44.294,1.08515,1.08525,1.50,1.12
2017.06.09 16:28:44.603,1.08515,1.08526,2.10,1.00
2017.06.09 16:28:45.278,1.08516,1.08527,2.10,1.50
2017.06.09 16:28:47.268,1.08516,1.08526,2.47,1.00
2017.06.09 16:28:47.876,1.08516,1.08527,2.47,1.00
2017.06.09 16:28:52.061,1.08516,1.08526,1.87,1.37
2017.06.09 16:28:52.603,1.08516,1.08525,1.37,1.12
2017.06.09 16:29:12.270,1.08515,1.08525,2.10,1.00
2017.06.09 16:29:13.540,1.08515,1.08525,1.35,1.00
2017.06.09 16:29:14.411,1.08514,1.08524,2.25,1.12
2017.06.09 16:29:14.804,1.08514,1.08521,1.00,1.00
2017.06.09 16:29:14.858,1.08513,1.08523,1.50,1.50
2017.06.09 16:29:15.561,1.08512,1.08522,2.10,1.00
2017.06.09 16:29:16.079,1.08512,1.08522,1.50,1.00
2017.06.09 16:29:16.754,1.08512,1.08522,1.75,1.00
2017.06.09 16:29:19.115,1.08513,1.08523,1.50,1.50
2017.06.09 16:29:19.361,1.08512,1.08521,1.50,1.00
2017.06.09 16:29:19.886,1.08512,1.08522,1.50,1.00
2017.06.09 16:29:24.521,1.08511,1.08521,3.60,1.00
2017.06.09 16:29:25.357,1.08511,1.08522,5.10,1.00
2017.06.09 16:29:25.694,1.08512,1.08522,1.12,1.00
2017.06.09 16:29:25.898,1.08511,1.08521,4.35,1.00
2017.06.09 16:29:26.805,1.08511,1.08522,5.10,1.00
2017.06.09 16:29:29.755,1.08514,1.08523,1.00,3.37
2017.06.09 16:29:30.935,1.08516,1.08524,1.00,1.87
2017.06.09 16:29:36.035,1.08514,1.08525,1.75,4.87
2017.06.09 16:29:36.189,1.08512,1.08522,1.87,1.00
2017.06.09 16:29:36.806,1.08513,1.08522,1.00,1.50
2017.06.09 16:29:37.424,1.08513,1.08522,1.00,2.62
2017.06.09 16:29:37.889,1.0851,1.0852,1.97,3.60
2017.06.09 16:29:38.284,1.0851,1.08517,1.10,1.00
2017.06.09 16:29:38.803,1.0851,1.08518,1.10,1.00
2017.06.09 16:29:39.326,1.08511,1.08519,1.00,1.87
2017.06.09 16:29:39.912,1.08511,1.08519,1.50,1.37
2017.06.09 16:29:40.434,1.08511,1.08519,1.12,1.37
2017.06.09 16:29:40.975,1.08511,1.08519,1.00,1.00
2017.06.09 16:29:41.567,1.0851,1.0852,1.10,3.37
2017.06.09 16:29:42.175,1.0851,1.08519,1.10,1.12
2017.06.09 16:29:43.059,1.0851,1.08518,0.10,3.37
2017.06.09 16:29:46.002,1.0851,1.08515,0.10,1.00
2017.06.09 16:29:46.411,1.0851,1.08517,0.10,1.50
2017.06.09 16:29:50.645,1.0851,1.08518,0.60,1.00
2017.06.09 16:29:51.186,1.0851,1.08519,0.60,1.12
2017.06.09 16:29:52.128,1.0851,1.0852,1.47,4.87
2017.06.09 16:29:55.152,1.0851,1.0852,1.97,2.25
2017.06.09 16:29:55.204,1.0851,1.0852,1.85,1.50
2017.06.09 16:29:56.420,1.08512,1.0852,1.00,1.50
2017.06.09 16:30:00.129,1.08512,1.08521,2.10,1.37
2017.06.09 16:30:00.874,1.08512,1.08522,2.10,1.12
2017.06.09 16:30:01.231,1.08515,1.08524,1.00,1.12
2017.06.09 16:30:01.424,1.08513,1.08522,1.75,1.00
2017.06.09 16:30:01.526,1.08513,1.08522,1.50,1.50
2017.06.09 16:30:02.715,1.08516,1.08525,1.00,2.25
2017.06.09 16:30:02.868,1.08516,1.08525,1.37,1.12
2017.06.09 16:30:20.222,1.08514,1.08524,4.35,1.00
2017.06.09 16:30:28.343,1.08516,1.08522,1.75,1.00
2017.06.09 16:30:28.394,1.08516,1.08524,1.87,1.37
2017.06.09 16:30:28.598,1.08517,1.08527,3.00,1.87
2017.06.09 16:30:28.650,1.08517,1.08527,3.00,1.12
2017.06.09 16:30:29.197,1.08518,1.08526,1.00,1.00
2017.06.09 16:30:29.741,1.08517,1.08527,2.10,1.87
2017.06.09 16:30:31.764,1.08518,1.08528,2.47,1.12
2017.06.09 16:30:31.918,1.08519,1.08529,1.37,1.87
2017.06.09 16:30:32.281,1.08517,1.08527,2.25,1.00
2017.06.09 16:30:32.383,1.08517,1.08527,2.85,1.00
2017.06.09 16:30:33.208,1.08517,1.08525,1.00,1.00
2017.06.09 16:30:33.547,1.08511,1.08521,2.85,1.00
2017.06.09 16:30:35.375,1.08511,1.0852,1.50,1.00
2017.06.09 16:30:35.920,1.0851,1.08519,0.97,1.00
2017.06.09 16:30:39.838,1.08511,1.08521,1.72,1.87
2017.06.09 16:30:40.349,1.08511,1.0852,1.67,1.12
2017.06.09 16:30:41.457,1.0851,1.0852,3.77,1.00
2017.06.09 16:30:47.300,1.0851,1.0852,1.65,1.12
2017.06.09 16:30:52.921,1.0851,1.08519,0.85,1.00
2017.06.09 16:30:54.723,1.0851,1.0852,2.65,1.12
2017.06.09 16:30:58.355,1.0851,1.08519,0.85,1.00
2017.06.09 16:30:58.993,1.0851,1.08519,0.97,1.00
2017.06.09 16:30:59.518,1.0851,1.0852,2.35,1.00
2017.06.09 16:31:00.449,1.08511,1.08521,1.50,1.12
2017.06.09 16:31:02.610,1.08513,1.08522,1.00,1.00
2017.06.09 16:31:03.113,1.08512,1.08521,1.67,1.12
2017.06.09 16:31:07.144,1.08512,1.08521,1.67,1.37
2017.06.09 16:31:09.144,1.08511,1.08521,2.10,1.00
2017.06.09 16:31:23.135,1.08512,1.08522,2.10,1.12
2017.06.09 16:31:23.671,1.08511,1.08521,2.47,1.00
2017.06.09 16:31:24.214,1.08512,1.08522,1.50,1.12
2017.06.09 16:31:27.695,1.08511,1.08521,2.85,1.00
2017.06.09 16:31:31.149,1.08511,1.08521,2.10,1.00
2017.06.09 16:31:31.661,1.08511,1.0852,1.35,1.00
2017.06.09 16:31:34.603,1.08511,1.0852,2.85,1.00
2017.06.09 16:31:35.185,1.08512,1.0852,1.67,1.00
2017.06.09 16:31:49.485,1.08512,1.08521,1.67,1.00
2017.06.09 16:31:50.108,1.08512,1.08522,2.47,1.00
2017.06.09 16:31:53.390,1.08513,1.08521,1.30,1.00
2017.06.09 16:31:53.918,1.08513,1.08521,1.67,1.00
2017.06.09 16:31:58.408,1.08513,1.0852,1.37,1.00
2017.06.09 16:31:59.070,1.08513,1.0852,1.00,1.00
2017.06.09 16:32:01.711,1.08512,1.08521,2.10,1.00
2017.06.09 16:32:03.001,1.08512,1.08522,4.72,1.00
2017.06.09 16:32:03.509,1.08514,1.08522,1.67,1.00
2017.06.09 16:32:06.290,1.08514,1.08522,1.35,1.00
2017.06.09 16:32:06.812,1.08514,1.08521,1.72,1.00
2017.06.09 16:32:07.358,1.08514,1.08522,2.05,1.00
2017.06.09 16:32:15.913,1.08513,1.08521,2.05,1.00
2017.06.09 16:32:15.966,1.08514,1.08523,2.85,1.00
2017.06.09 16:32:16.018,1.08514,1.08523,2.10,1.00
2017.06.09 16:32:16.176,1.08514,1.08523,2.85,1.00
2017.06.09 16:32:16.677,1.08514,1.08524,3.60,1.00
2017.06.09 16:32:19.047,1.08515,1.08525,2.85,1.12
2017.06.09 16:32:19.573,1.08515,1.08524,1.35,1.12
2017.06.09 16:32:21.797,1.08515,1.08524,1.35,1.37
2017.06.09 16:32:22.123,1.08515,1.08523,1.30,1.00
2017.06.09 16:32:23.616,1.08514,1.08523,1.72,1.37
2017.06.09 16:32:24.126,1.08513,1.08521,1.67,1.00
2017.06.09 16:32:24.997,1.08513,1.08521,1.00,1.00
2017.06.09 16:32:26.686,1.08512,1.0852,2.10,1.00
2017.06.09 16:32:31.062,1.08513,1.08522,1.30,1.00
2017.06.09 16:32:31.219,1.08514,1.08523,1.35,1.00
2017.06.09 16:32:31.730,1.08514,1.08524,2.10,1.00
2017.06.09 16:32:34.507,1.08513,1.08523,2.85,1.37
2017.06.09 16:32:34.711,1.08514,1.08522,1.00,1.87
2017.06.09 16:32:35.779,1.08512,1.08522,2.47,1.87
2017.06.09 16:32:36.127,1.08516,1.08523,1.00,1.00
2017.06.09 16:32:36.282,1.08514,1.08524,1.00,2.62
2017.06.09 16:32:36.334,1.08512,1.08522,4.12,1.37
2017.06.09 16:32:36.540,1.08512,1.08522,1.75,1.50
2017.06.09 16:32:36.759,1.0851,1.08517,2.15,1.00
2017.06.09 16:32:37.273,1.0851,1.08517,2.15,1.00
2017.06.09 16:32:40.733,1.0851,1.08519,0.85,1.37
2017.06.09 16:32:41.039,1.0851,1.08516,0.10,1.00
2017.06.09 16:32:46.011,1.0851,1.08515,0.10,1.00
2017.06.09 16:32:46.573,1.0851,1.08516,0.10,1.12
2017.06.09 16:32:47.915,1.0851,1.08516,0.10,1.87
2017.06.09 16:32:48.018,1.0851,1.08516,0.10,1.87
2017.06.09 16:32:53.838,1.0851,1.08513,0.10,1.00
2017.06.09 16:32:54.299,1.0851,1.08515,0.10,1.00
2017.06.09 16:32:54.455,1.0851,1.08518,0.10,1.87
2017.06.09 16:32:54.813,1.0851,1.08516,0.10,1.00
2017.06.09 16:32:55.159,1.0851,1.08513,0.10,1.00
2017.06.09 16:32:59.644,1.0851,1.08512,0.10,1.00
2017.06.09 16:33:00.220,1.0851,1.08513,0.10,1.00
2017.06.09 16:33:08.774,1.0851,1.08512,0.10,1.00
2017.06.09 16:33:20.406,1.0851,1.08513,0.10,1.00
2017.06.09 16:33:28.140,1.0851,1.08514,0.10,1.00
2017.06.09 16:33:28.651,1.0851,1.08515,0.10,1.00
2017.06.09 16:33:34.008,1.0851,1.08517,0.10,1.00
2017.06.09 16:33:34.532,1.0851,1.08518,0.10,1.00
2017.06.09 16:33:35.574,1.0851,1.08513,0.10,1.00
2017.06.09 16:33:35.801,1.085,1.08509,1.87,1.00
2017.06.09 16:33:35.853,1.085,1.08509,1.12,1.00
2017.06.09 16:33:36.663,1.085,1.08511,1.12,1.87
2017.06.09 16:33:37.314,1.08499,1.08509,2.85,1.00
2017.06.09 16:33:38.463,1.08499,1.08509,2.85,1.00
2017.06.09 16:33:42.066,1.085,1.0851,1.12,1.12
2017.06.09 16:33:44.230,1.08501,1.08511,1.00,1.00
2017.06.09 16:33:44.385,1.08502,1.08512,2.10,1.50
2017.06.09 16:33:44.437,1.08504,1.08513,1.35,1.00
2017.06.09 16:33:44.489,1.08507,1.08514,1.60,1.37
2017.06.09 16:33:44.643,1.08508,1.08518,2.85,1.87
2017.06.09 16:33:45.014,1.0851,1.08519,1.67,1.00
2017.06.09 16:33:46.518,1.08509,1.08517,1.12,1.00
2017.06.09 16:33:47.028,1.08509,1.08517,1.37,1.00
2017.06.09 16:33:47.308,1.08509,1.08519,2.10,1.87
2017.06.09 16:33:47.810,1.08509,1.08519,2.10,1.00
2017.06.09 16:33:48.718,1.08508,1.08515,1.75,1.00
2017.06.09 16:33:48.973,1.08505,1.08515,1.75,1.87
2017.06.09 16:33:49.076,1.08505,1.08515,1.12,1.87
2017.06.09 16:33:50.001,1.08505,1.08514,1.12,1.87
2017.06.09 16:33:50.577,1.08505,1.08514,1.12,1.87
2017.06.09 16:33:51.090,1.08504,1.08513,1.50,1.00
2017.06.09 16:33:56.532,1.08505,1.08515,1.12,3.00
2017.06.09 16:33:57.766,1.08505,1.08515,1.12,3.37
2017.06.09 16:33:58.763,1.08503,1.08513,2.10,1.00
2017.06.09 16:34:07.993,1.08503,1.08513,2.10,1.00
2017.06.09 16:34:08.829,1.08504,1.08514,1.72,1.12
2017.06.09 16:34:08.932,1.08506,1.08516,1.00,2.62
2017.06.09 16:34:09.434,1.08507,1.08517,1.72,1.87
2017.06.09 16:34:09.991,1.08507,1.08517,1.72,1.12
2017.06.09 16:34:13.475,1.08508,1.08518,1.50,1.50
2017.06.09 16:34:13.932,1.0851,1.08519,1.00,4.12
2017.06.09 16:34:14.469,1.08509,1.08519,1.12,3.37
2017.06.09 16:34:16.503,1.08509,1.08519,1.12,2.62
2017.06.09 16:34:20.280,1.0851,1.08519,1.00,1.87
2017.06.09 16:34:20.913,1.08509,1.08519,1.12,2.62
2017.06.09 16:34:23.175,1.08511,1.08519,1.50,1.37
2017.06.09 16:34:24.238,1.08511,1.0852,1.50,1.00
2017.06.09 16:34:24.289,1.08515,1.08522,1.00,1.75
2017.06.09 16:34:24.392,1.08517,1.08525,1.00,1.37
2017.06.09 16:34:24.494,1.08517,1.08526,1.00,1.12
2017.06.09 16:34:25.168,1.08517,1.08527,1.12,1.87
2017.06.09 16:34:25.428,1.08519,1.08529,1.00,3.75
2017.06.09 16:34:25.941,1.0852,1.08529,1.00,3.00
2017.06.09 16:34:26.481,1.08519,1.08528,1.00,1.12
2017.06.09 16:34:30.287,1.0852,1.08529,1.00,2.25
2017.06.09 16:34:30.798,1.08521,1.0853,1.00,3.37
2017.06.09 16:34:31.685,1.08521,1.0853,1.87,1.00
2017.06.09 16:34:32.098,1.08523,1.08531,1.00,1.00
2017.06.09 16:34:32.626,1.08523,1.08531,1.00,1.37
2017.06.09 16:34:32.831,1.08524,1.08532,1.00,1.50
2017.06.09 16:34:32.985,1.08526,1.08535,1.00,1.75
2017.06.09 16:34:33.139,1.08526,1.08535,1.00,1.00
2017.06.09 16:34:34.244,1.08527,1.08536,1.00,3.37
2017.06.09 16:34:34.754,1.08528,1.08537,1.00,1.87
2017.06.09 16:34:35.010,1.08529,1.08538,1.00,1.87
2017.06.09 16:34:35.545,1.08526,1.08536,2.62,1.12
2017.06.09 16:34:36.052,1.08526,1.08535,1.00,1.00
2017.06.09 16:34:36.581,1.08527,1.08537,1.50,3.00
2017.06.09 16:34:37.560,1.08528,1.08537,1.00,2.25
2017.06.09 16:34:38.958,1.08528,1.08537,1.00,1.00
2017.06.09 16:34:40.650,1.08528,1.08538,1.00,2.25
2017.06.09 16:34:41.643,1.08528,1.08538,1.00,1.87
2017.06.09 16:34:42.179,1.08528,1.08538,1.00,2.62
2017.06.09 16:34:46.940,1.08527,1.08535,1.50,1.12
2017.06.09 16:34:47.249,1.08525,1.08534,1.12,1.00
2017.06.09 16:34:47.795,1.08525,1.08535,1.12,1.12
2017.06.09 16:34:48.329,1.08526,1.08535,1.00,1.12
2017.06.09 16:34:48.865,1.08528,1.08536,1.00,1.50
2017.06.09 16:34:49.670,1.08528,1.08536,1.00,1.00
2017.06.09 16:34:50.360,1.08529,1.08537,1.00,1.87
2017.06.09 16:34:51.063,1.08529,1.08538,1.00,1.87
2017.06.09 16:34:51.599,1.0853,1.08539,1.00,1.87
2017.06.09 16:34:52.120,1.0853,1.08539,1.12,1.12
2017.06.09 16:34:52.629,1.08531,1.0854,1.00,1.50
2017.06.09 16:34:54.194,1.0853,1.0854,1.87,1.50
2017.06.09 16:34:54.501,1.08528,1.08538,2.62,1.00
2017.06.09 16:34:54.756,1.08528,1.08538,1.87,1.12
2017.06.09 16:34:55.373,1.08532,1.08539,1.00,1.50
2017.06.09 16:34:55.476,1.0853,1.08538,1.00,1.12
2017.06.09 16:34:55.986,1.08528,1.08538,2.25,1.12
2017.06.09 16:34:58.595,1.0853,1.08539,1.00,1.50
2017.06.09 16:34:59.125,1.0853,1.08539,1.00,1.00
2017.06.09 16:34:59.914,1.08532,1.08539,1.00,1.00
2017.06.09 16:35:00.221,1.0853,1.0854,1.50,1.12
2017.06.09 16:35:00.438,1.0853,1.08538,1.00,1.00
2017.06.09 16:35:00.594,1.0853,1.0854,1.50,1.87
2017.06.09 16:35:00.799,1.08532,1.0854,1.00,1.12
2017.06.09 16:35:01.306,1.08531,1.0854,1.50,1.87
2017.06.09 16:35:01.987,1.08531,1.0854,1.50,3.00
2017.06.09 16:35:03.134,1.08531,1.0854,1.00,1.12
2017.06.09 16:35:04.307,1.0853,1.08539,1.12,1.00
2017.06.09 16:35:04.614,1.08529,1.08537,1.12,1.00
2017.06.09 16:35:05.179,1.08529,1.08538,1.50,1.12
2017.06.09 16:35:05.688,1.0853,1.08539,1.00,1.12
2017.06.09 16:35:07.803,1.0853,1.08538,1.12,1.00
2017.06.09 16:35:08.109,1.08528,1.08536,1.50,1.00
2017.06.09 16:35:08.997,1.08528,1.08537,1.87,1.00
2017.06.09 16:35:09.618,1.08529,1.08538,1.12,1.00
2017.06.09 16:35:11.255,1.08528,1.08538,2.62,1.00
2017.06.09 16:35:11.607,1.08531,1.0854,1.00,2.25
2017.06.09 16:35:11.964,1.08529,1.08538,1.00,1.00
2017.06.09 16:35:12.222,1.08531,1.08539,1.00,1.00
2017.06.09 16:35:12.526,1.08533,1.08542,1.00,3.00
2017.06.09 16:35:12.732,1.08531,1.0854,1.50,1.00
2017.06.09 16:35:13.290,1.08533,1.08541,1.00,1.12
2017.06.09 16:35:13.810,1.08533,1.08542,1.00,2.25
2017.06.09 16:35:14.262,1.08535,1.08543,1.00,1.12
2017.06.09 16:35:14.313,1.08533,1.08542,1.50,1.00
2017.06.09 16:35:14.861,1.08534,1.08542,1.00,1.12
2017.06.09 16:35:16.711,1.08532,1.08542,1.50,1.87
2017.06.09 16:35:17.630,1.08532,1.08541,1.50,1.00
2017.06.09 16:35:18.189,1.0853,1.0854,2.25,1.00
2017.06.09 16:35:18.696,1.0853,1.0854,1.12,1.00
2017.06.09 16:35:19.223,1.08531,1.0854,1.00,1.00
2017.06.09 16:35:21.069,1.0853,1.08539,1.12,1.00
2017.06.09 16:35:23.020,1.08531,1.08541,1.00,1.50
2017.06.09 16:35:25.368,1.08531,1.0854,1.00,1.00
2017.06.09 16:35:25.521,1.08529,1.08538,1.50,1.00
2017.06.09 16:35:26.068,1.08528,1.08538,1.87,1.00
2017.06.09 16:35:28.625,1.08528,1.08538,1.12,1.00
2017.06.09 16:35:29.187,1.08528,1.08538,1.50,1.00
2017.06.09 16:35:29.900,1.08528,1.08538,1.75,1.00
2017.06.09 16:35:30.418,1.08528,1.08538,1.50,1.00
2017.06.09 16:35:31.881,1.08527,1.08536,1.75,1.00
2017.06.09 16:35:32.135,1.08527,1.08535,1.00,1.00
2017.06.09 16:35:32.954,1.08526,1.08535,1.12,1.00
2017.06.09 16:35:36.441,1.08527,1.08536,1.00,1.00
2017.06.09 16:35:36.614,1.08525,1.08534,2.25,1.00
2017.06.09 16:35:37.125,1.08525,1.08534,1.75,1.00
2017.06.09 16:35:40.270,1.08525,1.08535,2.25,1.00
2017.06.09 16:35:42.252,1.08525,1.08535,3.00,1.00
2017.06.09 16:35:42.764,1.08526,1.08536,1.75,1.00
2017.06.09 16:35:43.740,1.08529,1.08538,1.00,1.50
2017.06.09 16:35:47.146,1.0853,1.08538,1.00,1.00
2017.06.09 16:35:47.649,1.08529,1.08538,1.00,1.12
2017.06.09 16:35:54.431,1.08528,1.08538,1.12,1.50
2017.06.09 16:35:57.143,1.08526,1.08536,2.25,1.00
2017.06.09 16:35:57.653,1.08527,1.08536,1.00,1.12
2017.06.09 16:36:03.867,1.08528,1.08537,1.00,1.37
2017.06.09 16:36:04.376,1.08527,1.08536,1.00,1.00
2017.06.09 16:36:05.007,1.08528,1.08536,1.00,1.00
2017.06.09 16:36:07.266,1.08527,1.08537,1.00,2.47
2017.06.09 16:36:09.024,1.08528,1.08537,1.00,2.85
2017.06.09 16:36:18.030,1.08528,1.08537,1.00,4.72
2017.06.09 16:36:21.528,1.08528,1.08536,1.00,1.00
2017.06.09 16:36:22.580,1.08528,1.08536,1.00,1.50
2017.06.09 16:36:26.052,1.08527,1.08536,1.00,1.50
2017.06.09 16:36:26.567,1.08527,1.08536,1.00,1.00
2017.06.09 16:36:27.383,1.08528,1.08536,1.00,1.00
2017.06.09 16:36:28.793,1.08527,1.08536,1.00,1.00
2017.06.09 16:36:30.514,1.08528,1.08536,1.00,1.00
2017.06.09 16:36:31.088,1.08529,1.08538,1.00,1.87
2017.06.09 16:36:33.507,1.08529,1.08538,1.00,1.87
2017.06.09 16:36:35.791,1.0853,1.08538,1.00,1.00
2017.06.09 16:36:36.492,1.0853,1.08539,1.00,1.87
2017.06.09 16:36:39.895,1.08528,1.08539,1.12,1.87
2017.06.09 16:36:40.453,1.08528,1.08538,1.12,1.00
2017.06.09 16:36:42.701,1.08529,1.08539,1.00,2.62
2017.06.09 16:36:47.640,1.0853,1.08539,1.00,1.12
2017.06.09 16:36:48.158,1.08529,1.08539,1.12,1.12
2017.06.09 16:36:48.850,1.08529,1.08539,1.12,1.87
2017.06.09 16:36:49.665,1.08528,1.08538,1.12,1.12
2017.06.09 16:36:50.199,1.08528,1.08539,1.12,1.87
2017.06.09 16:36:53.978,1.08529,1.08539,1.00,1.87
2017.06.09 16:36:56.934,1.08528,1.08539,1.12,1.87
2017.06.09 16:36:57.567,1.08528,1.08538,1.12,1.00
2017.06.09 16:36:58.898,1.08528,1.08539,1.12,1.87
2017.06.09 16:36:59.950,1.08528,1.08538,1.12,1.00
2017.06.09 16:37:02.696,1.08529,1.08539,1.00,2.25
2017.06.09 16:37:03.208,1.08528,1.08538,1.50,1.00
2017.06.09 16:37:03.790,1.08529,1.08539,1.12,1.12
2017.06.09 16:37:04.626,1.08528,1.08538,1.12,1.00
2017.06.09 16:37:05.309,1.08528,1.08538,2.10,1.00
2017.06.09 16:37:07.005,1.0853,1.0854,1.00,4.12
2017.06.09 16:37:07.879,1.08528,1.08538,1.50,1.50
2017.06.09 16:37:08.406,1.08528,1.08537,1.00,1.00
2017.06.09 16:37:15.233,1.08529,1.08538,1.00,2.25
2017.06.09 16:37:15.336,1.0853,1.08539,1.00,4.12
2017.06.09 16:37:17.965,1.08527,1.08537,1.87,1.37
2017.06.09 16:37:18.651,1.08528,1.08538,1.12,3.97
2017.06.09 16:37:21.216,1.08528,1.08538,1.12,3.60
2017.06.09 16:37:25.213,1.08527,1.08537,1.12,1.72
2017.06.09 16:37:32.143,1.0853,1.08537,1.00,1.37
2017.06.09 16:37:32.195,1.0853,1.08538,1.00,1.12
2017.06.09 16:37:32.705,1.08529,1.08538,1.00,1.12
2017.06.09 16:37:33.340,1.08529,1.08538,1.00,1.37
2017.06.09 16:37:33.880,1.08528,1.08538,1.12,3.22
2017.06.09 16:37:37.398,1.08528,1.08538,1.12,2.85
2017.06.09 16:37:40.563,1.08529,1.08539,1.00,2.62
2017.06.09 16:37:41.097,1.08529,1.08539,1.00,1.87
2017.06.09 16:37:41.724,1.0853,1.08539,1.00,1.00
2017.06.09 16:37:48.563,1.08529,1.0854,1.50,3.00
2017.06.09 16:37:49.089,1.08529,1.08539,1.50,1.35
2017.06.09 16:37:52.713,1.08528,1.08539,1.12,3.22
2017.06.09 16:37:53.267,1.08528,1.08539,1.12,3.97
2017.06.09 16:37:56.653,1.08529,1.08538,1.00,1.12
2017.06.09 16:37:59.264,1.08528,1.08538,1.50,3.37
2017.06.09 16:38:00.097,1.08525,1.08535,3.22,1.00
2017.06.09 16:38:00.547,1.08525,1.08535,2.10,1.00
2017.06.09 16:38:01.057,1.08526,1.08535,1.12,1.00
2017.06.09 16:38:01.604,1.08524,1.08535,3.00,1.00
2017.06.09 16:38:07.542,1.08524,1.08534,2.25,1.00
2017.06.09 16:38:08.053,1.08526,1.08535,1.67,1.00
2017.06.09 16:38:08.617,1.08526,1.08535,1.35,1.00
2017.06.09 16:38:12.173,1.08526,1.08537,2.47,1.00
2017.06.09 16:38:12.808,1.08526,1.08536,2.47,1.00
2017.06.09 16:38:14.928,1.08526,1.08536,2.47,1.00
2017.06.09 16:38:15.572,1.08526,1.08536,2.47,1.00
2017.06.09 16:38:16.231,1.08526,1.08537,1.87,1.12
2017.06.09 16:38:16.767,1.08527,1.08537,1.87,1.12
2017.06.09 16:38:17.473,1.08527,1.08538,1.87,1.87
2017.06.09 16:38:19.592,1.08528,1.08538,1.35,1.12
2017.06.09 16:38:19.746,1.08529,1.0854,2.10,1.50
2017.06.09 16:38:20.269,1.08529,1.0854,2.85,1.12
2017.06.09 16:38:21.365,1.08529,1.08539,2.85,1.00
2017.06.09 16:38:24.357,1.08529,1.08539,2.05,1.12
2017.06.09 16:38:24.663,1.08529,1.08539,2.47,1.12
2017.06.09 16:38:26.720,1.08529,1.0854,2.85,1.12
2017.06.09 16:38:27.184,1.08531,1.0854,1.67,1.00
2017.06.09 16:38:27.710,1.08531,1.08541,1.72,1.00
2017.06.09 16:38:38.376,1.08531,1.08542,1.72,1.50
2017.06.09 16:38:38.892,1.08531,1.08542,2.10,1.12
2017.06.09 16:38:51.639,1.0853,1.0854,1.75,1.00
2017.06.09 16:38:51.843,1.0853,1.0854,1.00,1.50
2017.06.09 16:38:55.777,1.0853,1.08541,1.50,1.50
2017.06.09 16:38:56.287,1.08531,1.08541,1.12,1.12
2017.06.09 16:38:57.152,1.08531,1.08541,1.50,1.00
2017.06.09 16:38:57.740,1.08531,1.08542,1.50,2.62
2017.06.09 16:38:58.248,1.08531,1.08541,1.50,1.00
2017.06.09 16:39:01.607,1.08531,1.08542,1.50,1.87
2017.06.09 16:39:07.115,1.08531,1.08541,1.87,1.00
2017.06.09 16:39:08.617,1.08531,1.08542,1.50,2.25
2017.06.09 16:39:09.194,1.08531,1.08542,1.50,3.00
2017.06.09 16:39:10.876,1.08532,1.08542,1.12,1.87
2017.06.09 16:39:11.478,1.08533,1.08542,1.00,1.12
2017.06.09 16:39:28.483,1.08534,1.08542,1.00,1.00
2017.06.09 16:39:29.064,1.08534,1.08543,1.00,1.87
2017.06.09 16:39:29.597,1.08534,1.08544,1.12,1.00
2017.06.09 16:39:30.484,1.08535,1.08544,1.00,1.00
2017.06.09 16:39:30.745,1.08538,1.08545,1.00,1.00
2017.06.09 16:39:30.899,1.08536,1.08547,1.12,3.37
2017.06.09 16:39:31.519,1.08537,1.08546,1.12,1.00
2017.06.09 16:39:32.040,1.08537,1.08547,1.12,1.00
2017.06.09 16:39:32.682,1.08536,1.08546,1.87,2.47
2017.06.09 16:39:33.208,1.08536,1.08546,1.12,5.47
2017.06.09 16:39:35.177,1.08535,1.08546,1.50,5.85
2017.06.09 16:39:35.423,1.08534,1.08543,1.12,1.12
2017.06.09 16:39:35.968,1.08534,1.08542,1.12,1.00
2017.06.09 16:39:36.832,1.08533,1.08542,1.50,1.12
2017.06.09 16:39:40.140,1.08533,1.08542,1.00,1.50
2017.06.09 16:39:44.280,1.08531,1.08542,1.50,4.35
2017.06.09 16:39:55.737,1.08531,1.08542,1.50,3.00
2017.06.09 16:39:56.829,1.08531,1.08542,1.50,2.25
2017.06.09 16:40:00.207,1.08531,1.08542,1.50,2.25
2017.06.09 16:40:02.261,1.08531,1.08542,1.50,3.75
2017.06.09 16:40:02.990,1.08531,1.08541,1.50,1.00
2017.06.09 16:40:09.133,1.08531,1.08542,1.50,1.87
2017.06.09 16:40:09.569,1.0853,1.0854,2.85,1.00
2017.06.09 16:40:11.769,1.08531,1.08541,1.37,1.00
2017.06.09 16:40:23.329,1.0853,1.08539,1.75,1.00
2017.06.09 16:40:23.587,1.08527,1.08537,1.87,1.00
2017.06.09 16:40:23.921,1.08527,1.08535,1.37,1.00
2017.06.09 16:40:23.973,1.08524,1.08534,1.87,1.00
2017.06.09 16:40:24.385,1.08522,1.08533,2.85,1.00
2017.06.09 16:40:26.228,1.08524,1.08534,1.12,1.12
2017.06.09 16:40:26.780,1.08523,1.08533,1.50,1.00
2017.06.09 16:40:26.984,1.08524,1.08535,1.50,2.25
2017.06.09 16:40:27.523,1.08525,1.08535,1.50,1.00
2017.06.09 16:40:28.949,1.08526,1.08536,1.72,1.12
2017.06.09 16:40:29.452,1.08524,1.08535,2.47,1.00
2017.06.09 16:40:30.631,1.08526,1.08535,1.00,1.12
2017.06.09 16:40:32.381,1.08525,1.08535,1.50,1.50
2017.06.09 16:40:32.892,1.08527,1.08536,1.00,1.37
2017.06.09 16:40:33.372,1.08527,1.08537,1.00,1.87
2017.06.09 16:40:36.601,1.08527,1.08537,1.00,1.87
2017.06.09 16:40:37.593,1.08527,1.08537,1.00,1.87
2017.06.09 16:40:38.539,1.08525,1.08536,1.87,1.00
2017.06.09 16:40:39.616,1.08525,1.08534,1.37,1.12
2017.06.09 16:40:39.925,1.0852,1.0853,1.37,1.00
2017.06.09 16:40:40.470,1.0852,1.08529,1.00,1.00
2017.06.09 16:40:47.245,1.08519,1.08529,2.85,1.00
2017.06.09 16:40:49.046,1.08518,1.08526,1.87,1.00
2017.06.09 16:40:49.253,1.08516,1.08525,1.50,1.00
2017.06.09 16:40:54.786,1.08516,1.08526,1.72,1.00
2017.06.09 16:41:01.552,1.08516,1.08526,1.72,1.37
2017.06.09 16:41:06.589,1.08515,1.08526,2.85,1.12
2017.06.09 16:41:07.249,1.08515,1.08526,2.85,1.12
2017.06.09 16:41:08.177,1.08515,1.08525,1.72,1.00
2017.06.09 16:41:08.489,1.08514,1.08524,1.72,1.00
2017.06.09 16:41:16.201,1.08514,1.08524,3.97,1.00
2017.06.09 16:41:17.304,1.08515,1.08525,1.35,1.50
2017.06.09 16:41:18.902,1.08515,1.08525,1.72,1.12
2017.06.09 16:41:23.681,1.08515,1.08526,1.72,1.50
2017.06.09 16:41:24.455,1.08516,1.08526,1.00,1.50
2017.06.09 16:41:24.557,1.08517,1.08527,3.22,1.87
2017.06.09 16:41:24.918,1.08517,1.08527,3.22,1.12
2017.06.09 16:41:26.067,1.08517,1.08527,1.30,1.12
2017.06.09 16:41:29.720,1.08516,1.08526,4.35,1.00
2017.06.09 16:41:33.617,1.08516,1.08525,3.60,1.00
2017.06.09 16:41:38.438,1.08516,1.08527,4.35,1.50
2017.06.09 16:41:39.536,1.08517,1.08527,1.72,1.00
2017.06.09 16:41:43.787,1.08519,1.08527,1.00,1.00
2017.06.09 16:41:50.134,1.0852,1.08528,2.10,1.00
2017.06.09 16:41:50.186,1.08522,1.08529,2.85,1.37
2017.06.09 16:41:50.339,1.08522,1.08531,2.85,1.37
2017.06.09 16:41:50.878,1.08523,1.08531,2.10,1.00
2017.06.09 16:41:51.787,1.08524,1.08533,1.30,1.12
2017.06.09 16:41:52.128,1.08524,1.08535,4.72,1.00
2017.06.09 16:41:54.610,1.08525,1.08534,1.72,1.00
2017.06.09 16:41:56.745,1.08525,1.08535,3.22,1.00
2017.06.09 16:42:08.952,1.08525,1.08535,3.60,1.00
2017.06.09 16:42:11.153,1.08526,1.08536,1.72,1.00
2017.06.09 16:42:11.808,1.08526,1.08535,1.72,1.00
2017.06.09 16:42:16.827,1.08525,1.08536,3.60,1.00
2017.06.09 16:42:17.493,1.08525,1.08535,3.60,1.00
2017.06.09 16:42:18.159,1.08525,1.08534,2.85,1.00
2017.06.09 16:42:19.573,1.08525,1.08534,2.85,1.00
2017.06.09 16:42:20.110,1.08525,1.08533,1.00,1.00
2017.06.09 16:42:20.612,1.08524,1.08534,2.47,1.00
2017.06.09 16:42:21.627,1.08527,1.08536,1.35,1.12
2017.06.09 16:42:21.933,1.0853,1.08538,1.12,1.00
2017.06.09 16:42:22.552,1.0853,1.08539,1.00,1.00
2017.06.09 16:42:23.229,1.0853,1.0854,1.35,1.12
2017.06.09 16:42:24.062,1.0853,1.08539,1.00,1.00
2017.06.09 16:42:24.371,1.08529,1.08535,1.37,1.00
2017.06.09 16:42:24.473,1.08527,1.08536,1.87,1.00
2017.06.09 16:42:27.462,1.08529,1.08538,1.35,1.12
2017.06.09 16:42:28.167,1.08529,1.08538,2.47,1.00
2017.06.09 16:42:30.802,1.08531,1.08539,1.30,1.00
2017.06.09 16:42:30.905,1.08532,1.08541,1.35,1.12
2017.06.09 16:42:31.517,1.08532,1.0854,1.00,1.00
2017.06.09 16:42:32.103,1.08533,1.08541,1.00,1.00
2017.06.09 16:42:32.648,1.08533,1.08542,1.60,1.12
2017.06.09 16:42:33.537,1.08534,1.08543,1.72,1.12
2017.06.09 16:42:34.161,1.08534,1.08543,2.47,1.00
2017.06.09 16:42:35.916,1.08534,1.08544,2.47,1.00
2017.06.09 16:42:43.466,1.08534,1.08543,1.87,1.00
2017.06.09 16:42:49.152,1.08534,1.08544,1.50,1.00
2017.06.09 16:42:49.458,1.08536,1.08544,1.50,1.00
2017.06.09 16:42:52.809,1.08535,1.08544,1.12,1.00
2017.06.09 16:42:57.943,1.08536,1.08544,1.00,1.00
2017.06.09 16:42:59.338,1.08535,1.08543,1.50,1.00
2017.06.09 16:42:59.389,1.08534,1.08541,1.75,1.00
2017.06.09 16:42:59.739,1.08534,1.08542,1.00,1.00
2017.06.09 16:42:59.790,1.08534,1.08542,1.50,1.00
2017.06.09 16:43:01.092,1.08535,1.08543,1.00,1.00
2017.06.09 16:43:01.597,1.08534,1.08543,1.87,1.00
2017.06.09 16:43:07.311,1.08535,1.08544,1.87,1.00
2017.06.09 16:43:09.753,1.08535,1.08545,1.87,1.00
2017.06.09 16:43:12.356,1.08537,1.08545,1.00,1.00
2017.06.09 16:43:21.275,1.08537,1.08545,1.00,1.87
2017.06.09 16:43:22.241,1.08537,1.08544,1.00,1.50
2017.06.09 16:43:22.515,1.08534,1.08542,1.00,1.00
2017.06.09 16:43:23.061,1.08534,1.08543,1.00,1.12
2017.06.09 16:43:24.390,1.08534,1.08544,1.50,1.50
2017.06.09 16:43:26.790,1.08535,1.08544,1.00,1.50
2017.06.09 16:43:27.330,1.08536,1.08545,1.00,2.25
2017.06.09 16:43:30.117,1.08535,1.08544,1.12,1.50
2017.06.09 16:43:33.056,1.08535,1.08544,1.12,1.37
2017.06.09 16:43:35.416,1.08535,1.08544,1.12,1.12
2017.06.09 16:43:45.523,1.08536,1.08545,1.00,1.50
2017.06.09 16:43:46.416,1.08536,1.08546,1.87,1.87
2017.06.09 16:43:47.160,1.08537,1.08546,1.12,1.37
2017.06.09 16:43:47.858,1.08537,1.08547,1.12,3.00
2017.06.09 16:43:51.179,1.08537,1.08547,1.12,1.00
2017.06.09 16:43:56.532,1.08537,1.08548,1.12,5.62
2017.06.09 16:43:57.138,1.08538,1.08548,1.00,5.62
2017.06.09 16:43:57.804,1.08538,1.08547,1.00,1.50
2017.06.09 16:43:59.965,1.08537,1.08547,1.87,1.50
2017.06.09 16:44:01.739,1.08537,1.08547,2.25,1.50
2017.06.09 16:44:02.451,1.08537,1.08547,1.87,1.50
2017.06.09 16:44:08.800,1.08537,1.08548,2.47,2.62
2017.06.09 16:44:10.843,1.08537,1.08547,1.12,1.50
2017.06.09 16:44:29.610,1.08537,1.08546,1.12,1.00
2017.06.09 16:44:41.287,1.08537,1.08546,2.47,1.00
2017.06.09 16:44:41.825,1.08539,1.08548,1.00,1.87
2017.06.09 16:44:42.451,1.08539,1.08548,1.00,1.12
2017.06.09 16:44:46.603,1.08539,1.08547,1.00,1.00
2017.06.09 16:44:46.806,1.08537,1.08546,1.50,1.00
2017.06.09 16:44:49.552,1.08538,1.08548,1.00,2.62
2017.06.09 16:44:50.058,1.08538,1.08548,1.12,1.50
2017.06.09 16:44:51.663,1.08542,1.08548,1.00,1.00
2017.06.09 16:44:52.527,1.08542,1.08549,1.00,2.62
2017.06.09 16:44:53.351,1.08542,1.08549,1.00,2.25
2017.06.09 16:44:54.062,1.08542,1.08549,1.00,2.25
2017.06.09 16:44:54.905,1.08541,1.08549,1.00,2.25
2017.06.09 16:44:56.210,1.0854,1.08549,1.00,2.25
2017.06.09 16:44:56.515,1.08542,1.0855,1.00,1.37
2017.06.09 16:44:56.771,1.08542,1.08551,1.00,1.12
2017.06.09 16:44:58.384,1.08542,1.08551,1.00,1.87
2017.06.09 16:45:00.644,1.08542,1.08551,1.00,1.00
2017.06.09 16:45:01.762,1.08542,1.08552,1.00,4.35
2017.06.09 16:45:04.392,1.08543,1.08551,1.00,1.12
2017.06.09 16:45:04.901,1.08542,1.08551,1.00,1.00
2017.06.09 16:45:05.831,1.08542,1.08552,1.00,1.12
2017.06.09 16:45:07.660,1.08543,1.08552,1.00,1.00
2017.06.09 16:45:17.599,1.0854,1.08547,1.75,1.50
2017.06.09 16:45:17.753,1.08534,1.08543,1.00,1.12
2017.06.09 16:45:22.585,1.08535,1.08544,1.00,2.47
2017.06.09 16:45:23.094,1.08534,1.08542,1.00,1.12
2017.06.09 16:45:25.058,1.08533,1.08542,1.12,1.00
2017.06.09 16:45:29.807,1.08534,1.08543,1.00,2.25
2017.06.09 16:45:30.387,1.08533,1.08542,1.00,1.20
2017.06.09 16:45:58.589,1.08533,1.08542,1.00,1.65
2017.06.09 16:46:04.140,1.08533,1.08542,1.00,1.20
2017.06.09 16:46:09.113,1.08534,1.08543,1.00,1.37
2017.06.09 16:46:09.728,1.08535,1.08543,1.00,1.37
2017.06.09 16:46:09.830,1.08535,1.08544,1.00,1.00
2017.06.09 16:46:10.816,1.08535,1.08546,1.12,3.37
2017.06.09 16:46:13.146,1.08535,1.08546,1.12,2.62
2017.06.09 16:46:13.686,1.08536,1.08546,1.12,2.62
2017.06.09 16:46:18.850,1.08537,1.08546,1.00,2.62
2017.06.09 16:46:26.339,1.08537,1.08547,1.12,1.00
2017.06.09 16:46:27.138,1.08537,1.08547,1.12,1.37
2017.06.09 16:46:36.122,1.08536,1.08546,1.87,2.10
2017.06.09 16:46:36.294,1.08535,1.08545,1.00,1.72
2017.06.09 16:46:36.806,1.08535,1.08542,1.00,1.00
2017.06.09 16:46:37.345,1.08534,1.08542,1.00,1.20
2017.06.09 16:46:58.566,1.08536,1.08543,1.00,2.77
2017.06.09 16:46:58.747,1.08536,1.08544,1.00,1.50
2017.06.09 16:46:59.297,1.08535,1.08545,1.00,1.50
2017.06.09 16:46:59.875,1.08535,1.08545,1.00,1.00
2017.06.09 16:47:00.463,1.08534,1.08542,1.50,1.00
2017.06.09 16:47:06.440,1.08539,1.08544,1.00,1.50
2017.06.09 16:47:06.492,1.08536,1.08544,2.25,1.37
2017.06.09 16:47:06.543,1.08539,1.08546,1.00,1.12
2017.06.09 16:47:06.648,1.08538,1.08546,1.00,1.37
2017.06.09 16:47:07.178,1.08538,1.08546,1.00,1.50
2017.06.09 16:47:07.702,1.08537,1.08546,1.00,1.00
2017.06.09 16:47:08.240,1.08537,1.08546,1.00,1.50
2017.06.09 16:47:08.784,1.08537,1.08546,1.00,1.50
2017.06.09 16:47:09.390,1.08537,1.08547,1.00,3.97
2017.06.09 16:47:10.037,1.08537,1.08546,1.00,1.87
2017.06.09 16:47:10.554,1.08537,1.08546,1.00,1.87
2017.06.09 16:47:11.507,1.08537,1.08546,1.00,1.87
2017.06.09 16:47:16.203,1.08537,1.08545,1.00,1.00
2017.06.09 16:47:16.896,1.08537,1.08546,1.00,1.12
2017.06.09 16:47:21.895,1.08534,1.08542,1.37,1.35
2017.06.09 16:47:22.049,1.08531,1.0854,1.50,1.72
2017.06.09 16:47:22.647,1.08531,1.0854,1.00,1.00
2017.06.09 16:47:23.163,1.08532,1.0854,1.00,1.00
2017.06.09 16:47:23.265,1.08533,1.08542,1.00,1.72
2017.06.09 16:47:24.338,1.08533,1.08541,1.00,1.00
2017.06.09 16:47:30.270,1.08533,1.08542,1.00,1.72
2017.06.09 16:47:30.773,1.08533,1.08541,1.00,1.00
2017.06.09 16:47:33.406,1.08533,1.08542,1.00,2.85
2017.06.09 16:47:35.703,1.08535,1.08542,1.00,1.12
2017.06.09 16:47:36.010,1.08544,1.08549,1.00,1.37
2017.06.09 16:47:36.113,1.08541,1.0855,1.50,3.60
2017.06.09 16:47:36.215,1.08543,1.0855,1.50,2.85
2017.06.09 16:47:36.526,1.08546,1.08553,1.00,3.00
2017.06.09 16:47:37.038,1.08545,1.08552,1.00,1.72
2017.06.09 16:47:37.419,1.08547,1.08552,1.00,1.72
2017.06.09 16:47:37.525,1.08545,1.08552,1.00,3.22
2017.06.09 16:47:38.027,1.08546,1.08552,1.00,1.00
2017.06.09 16:47:38.385,1.08547,1.08555,1.00,1.10
2017.06.09 16:47:40.151,1.08546,1.08555,1.00,1.10
2017.06.09 16:47:40.722,1.08546,1.08554,1.00,1.00
2017.06.09 16:47:41.271,1.08546,1.08555,1.00,1.90
2017.06.09 16:47:41.856,1.08545,1.08555,1.50,4.77
2017.06.09 16:47:44.659,1.08544,1.08555,1.87,6.27
2017.06.09 16:47:47.796,1.08546,1.08554,1.00,1.00
2017.06.09 16:47:47.898,1.08544,1.08554,1.00,1.50
2017.06.09 16:47:48.409,1.08543,1.08554,1.00,1.87
2017.06.09 16:47:49.311,1.08544,1.08554,1.00,1.87
2017.06.09 16:47:52.961,1.08543,1.08553,1.00,1.12
2017.06.09 16:47:53.852,1.08542,1.08553,1.12,2.25
2017.06.09 16:47:54.005,1.08542,1.08553,1.00,2.62
2017.06.09 16:47:58.808,1.08543,1.08553,1.00,2.62
2017.06.09 16:48:00.255,1.08542,1.08552,1.00,1.87
2017.06.09 16:48:03.630,1.0854,1.0855,2.25,1.00
2017.06.09 16:48:06.916,1.08541,1.0855,1.00,1.00
2017.06.09 16:48:07.245,1.08543,1.08551,1.00,1.00
2017.06.09 16:48:07.832,1.08543,1.08552,1.00,1.50
2017.06.09 16:48:08.087,1.08545,1.08555,1.12,1.60
2017.06.09 16:48:08.597,1.08543,1.08554,1.87,1.00
2017.06.09 16:48:09.231,1.08543,1.08553,1.37,1.12
2017.06.09 16:48:09.531,1.08542,1.08552,1.50,1.00
2017.06.09 16:48:18.035,1.08541,1.0855,1.87,1.00
2017.06.09 16:48:18.190,1.0854,1.08549,1.50,1.00
2017.06.09 16:48:18.710,1.0854,1.0855,1.12,1.12
2017.06.09 16:48:21.376,1.0854,1.08549,1.12,1.00
2017.06.09 16:48:22.934,1.0854,1.08547,1.00,1.00
2017.06.09 16:48:43.522,1.0854,1.08548,1.00,1.00
2017.06.09 16:48:43.625,1.08541,1.0855,1.00,1.12
2017.06.09 16:48:47.908,1.08541,1.08548,1.12,1.00
2017.06.09 16:48:48.062,1.08537,1.08545,1.00,1.00
2017.06.09 16:48:48.572,1.08537,1.08546,1.00,1.00
2017.06.09 16:49:00.539,1.08537,1.08545,1.00,1.00
2017.06.09 16:49:02.720,1.08539,1.08547,1.00,1.50
2017.06.09 16:49:02.924,1.0854,1.0855,1.35,1.50
2017.06.09 16:49:02.976,1.0854,1.0855,1.35,1.12
2017.06.09 16:49:03.838,1.08541,1.0855,1.00,1.00
2017.06.09 16:49:07.245,1.08541,1.0855,2.25,1.00
2017.06.09 16:49:11.989,1.08541,1.08551,2.25,1.00
2017.06.09 16:49:13.308,1.08541,1.08551,1.12,1.00
2017.06.09 16:49:16.269,1.0854,1.08549,1.87,1.00
2017.06.09 16:49:16.829,1.0854,1.08548,1.87,1.00
2017.06.09 16:49:17.289,1.08539,1.08546,1.00,1.00
2017.06.09 16:49:17.595,1.08533,1.08541,1.87,1.00
2017.06.09 16:49:17.761,1.08533,1.08541,1.50,1.00
2017.06.09 16:49:19.452,1.08533,1.08541,1.37,1.00
2017.06.09 16:49:27.322,1.08533,1.08542,1.50,1.00
2017.06.09 16:49:27.833,1.08533,1.08541,1.50,1.00
2017.06.09 16:49:29.559,1.08533,1.08542,1.50,1.00
2017.06.09 16:49:30.509,1.08533,1.08541,1.50,1.00
2017.06.09 16:49:31.010,1.08533,1.08541,1.00,1.00
2017.06.09 16:49:31.550,1.08533,1.08542,1.50,1.00
2017.06.09 16:49:33.199,1.08533,1.08543,2.25,1.00
2017.06.09 16:49:33.770,1.08534,1.08543,2.10,1.00
2017.06.09 16:49:35.869,1.08534,1.08543,1.12,1.12
2017.06.09 16:49:37.283,1.08534,1.08541,1.00,1.00
2017.06.09 16:49:41.194,1.08532,1.08542,2.85,1.37
2017.06.09 16:49:41.761,1.08532,1.08542,2.85,1.00
2017.06.09 16:49:44.855,1.08533,1.08542,1.12,1.00
2017.06.09 16:49:46.505,1.08533,1.08542,1.87,1.00
2017.06.09 16:49:47.055,1.08533,1.08543,1.87,1.00
2017.06.09 16:49:49.781,1.08534,1.08544,1.12,1.50
2017.06.09 16:49:50.320,1.08533,1.08544,3.22,1.50
2017.06.09 16:49:53.270,1.08533,1.08544,2.85,1.87
2017.06.09 16:49:54.012,1.08533,1.08544,2.85,1.12
2017.06.09 16:49:54.575,1.08534,1.08544,2.10,1.00
2017.06.09 16:50:09.437,1.08534,1.08544,4.35,1.00
2017.06.09 16:50:10.062,1.08534,1.08545,3.60,1.00
2017.06.09 16:50:11.911,1.08535,1.08545,1.12,1.00
2017.06.09 16:50:24.818,1.08535,1.08544,3.00,1.00
2017.06.09 16:50:25.368,1.08534,1.08544,2.25,1.00
2017.06.09 16:50:27.353,1.08534,1.08544,2.25,1.37
2017.06.09 16:50:27.854,1.08534,1.08544,2.25,1.12
2017.06.09 16:50:28.772,1.08534,1.08545,2.62,1.50
2017.06.09 16:50:29.763,1.08537,1.08545,1.00,1.12
2017.06.09 16:50:30.580,1.08535,1.08545,1.87,1.00
2017.06.09 16:50:32.044,1.08535,1.08546,3.22,1.12
2017.06.09 16:50:33.179,1.08535,1.08545,2.47,1.00
2017.06.09 16:50:41.499,1.08535,1.08545,1.50,1.00
2017.06.09 16:50:42.527,1.08535,1.08545,1.87,1.00
2017.06.09 16:50:43.038,1.08535,1.08545,1.50,1.00
2017.06.09 16:50:43.580,1.08535,1.08545,2.47,1.00
2017.06.09 16:50:47.235,1.08535,1.08545,1.50,1.00
2017.06.09 16:50:51.510,1.08535,1.08545,1.67,1.00
2017.06.09 16:50:52.015,1.08535,1.08545,1.35,1.00
2017.06.09 16:50:53.381,1.08535,1.08545,1.67,1.00
2017.06.09 16:50:54.411,1.08535,1.08545,1.35,1.00
2017.06.09 16:50:55.781,1.08535,1.08545,2.10,1.00
2017.06.09 16:50:56.811,1.08535,1.08545,1.35,1.00
2017.06.09 16:51:00.889,1.08535,1.08544,1.00,1.00
2017.06.09 16:51:01.715,1.08536,1.08545,1.00,1.00
2017.06.09 16:51:02.246,1.08535,1.08545,1.00,1.00
2017.06.09 16:51:18.324,1.08534,1.08545,1.12,2.85
2017.06.09 16:51:18.826,1.08534,1.08545,1.00,3.22
2017.06.09 16:51:19.559,1.08533,1.08544,2.62,1.87
2017.06.09 16:51:20.409,1.08534,1.08544,1.12,1.12
2017.06.09 16:51:20.960,1.08534,1.08544,1.37,1.00
2017.06.09 16:51:22.641,1.08535,1.08545,1.12,1.00
2017.06.09 16:51:26.331,1.08534,1.08544,1.50,1.00
2017.06.09 16:51:35.458,1.08534,1.08545,3.75,1.00
2017.06.09 16:51:35.972,1.08534,1.08544,2.25,1.00
2017.06.09 16:51:37.753,1.08534,1.08544,1.12,1.00
2017.06.09 16:51:39.992,1.08534,1.08545,1.87,1.50
2017.06.09 16:51:42.303,1.08534,1.08545,4.72,1.12
2017.06.09 16:51:43.832,1.08536,1.08545,1.00,1.12
2017.06.09 16:51:44.490,1.08535,1.08545,1.12,1.12
2017.06.09 16:51:50.130,1.08536,1.08545,1.00,1.12
2017.06.09 16:51:50.831,1.08535,1.08545,1.30,1.12
2017.06.09 16:51:51.428,1.08534,1.08545,2.10,2.25
2017.06.09 16:51:51.939,1.08534,1.08544,1.35,1.00
2017.06.09 16:51:53.791,1.08533,1.08544,3.37,1.12
2017.06.09 16:51:54.341,1.08533,1.08544,3.75,1.00
2017.06.09 16:51:59.900,1.08535,1.08545,1.00,1.50
2017.06.09 16:52:00.704,1.08534,1.08545,4.35,1.50
2017.06.09 16:52:02.143,1.08534,1.08544,1.72,1.00
2017.06.09 16:52:06.329,1.08536,1.08545,1.00,1.35
2017.06.09 16:52:11.765,1.08536,1.08544,1.00,1.00
2017.06.09 16:52:12.316,1.08536,1.08545,1.00,1.00
2017.06.09 16:52:13.156,1.08535,1.08545,1.00,1.35
2017.06.09 16:52:13.663,1.08536,1.08545,1.00,1.35
2017.06.09 16:52:17.662,1.08536,1.08546,1.12,1.00
2017.06.09 16:52:18.618,1.08536,1.08547,1.12,3.97
2017.06.09 16:52:19.122,1.08536,1.08546,1.00,1.72
2017.06.09 16:52:20.971,1.08536,1.08547,1.12,3.97
2017.06.09 16:52:25.478,1.08537,1.08547,1.00,2.47
2017.06.09 16:52:35.250,1.08538,1.08547,1.00,1.50
2017.06.09 16:52:45.427,1.08537,1.08546,1.50,1.00
2017.06.09 16:52:46.345,1.08537,1.08545,1.00,1.00
2017.06.09 16:52:47.175,1.08537,1.08546,1.00,1.24
2017.06.09 16:52:47.851,1.08535,1.08546,1.50,1.99
2017.06.09 16:52:50.643,1.08535,1.08546,2.25,1.24
2017.06.09 16:52:51.352,1.08536,1.08547,1.00,4.46
2017.06.09 16:52:51.888,1.08537,1.08547,1.00,3.34
2017.06.09 16:52:53.577,1.08538,1.08547,1.00,1.11
2017.06.09 16:52:54.089,1.08537,1.08546,1.00,1.24
2017.06.09 16:52:55.949,1.08537,1.08546,1.00,1.61
2017.06.09 16:52:57.667,1.08534,1.08545,2.85,1.12
2017.06.09 16:53:01.626,1.08537,1.08546,1.72,1.50
2017.06.09 16:53:02.141,1.08536,1.08547,1.12,3.11
2017.06.09 16:53:02.945,1.08536,1.08547,1.00,3.49
2017.06.09 16:53:03.484,1.08535,1.08546,2.10,1.99
2017.06.09 16:53:04.280,1.08537,1.08546,1.00,1.52
2017.06.09 16:53:05.595,1.08536,1.08546,1.00,1.52
2017.06.09 16:53:07.175,1.08536,1.08547,1.00,4.61
2017.06.09 16:53:08.122,1.08535,1.08544,1.35,1.12
2017.06.09 16:53:09.425,1.08533,1.08543,6.60,1.00
2017.06.09 16:53:10.589,1.08535,1.08544,1.00,1.12
2017.06.09 16:53:10.899,1.08535,1.08545,4.72,1.00
2017.06.09 16:53:12.517,1.08535,1.08546,4.72,1.24
2017.06.09 16:53:14.683,1.08535,1.08546,5.62,1.24
2017.06.09 16:53:15.193,1.08535,1.08545,2.62,1.00
2017.06.09 16:53:16.469,1.08539,1.08545,1.00,1.00
2017.06.09 16:53:17.068,1.0854,1.08548,1.00,2.32
2017.06.09 16:53:19.120,1.08539,1.08548,1.00,2.70
2017.06.09 16:53:19.743,1.08538,1.08547,1.00,1.61
2017.06.09 16:53:25.207,1.08539,1.08547,1.00,1.61
2017.06.09 16:53:25.731,1.08538,1.08548,1.87,1.12
2017.06.09 16:53:26.278,1.08539,1.08548,1.00,1.35
2017.06.09 16:53:26.653,1.08536,1.08546,3.00,1.24
2017.06.09 16:53:27.278,1.08536,1.08545,1.87,1.00
2017.06.09 16:53:27.793,1.08536,1.08545,1.00,1.12
2017.06.09 16:53:28.149,1.08538,1.08547,1.00,2.59
2017.06.09 16:53:28.804,1.08538,1.08547,1.00,2.21
2017.06.09 16:53:29.344,1.08539,1.08548,1.00,2.32
2017.06.09 16:53:30.504,1.08537,1.08547,1.50,1.61
2017.06.09 16:53:31.693,1.08538,1.08547,1.50,1.49
2017.06.09 16:53:32.310,1.08539,1.08548,1.00,2.01
2017.06.09 16:53:37.670,1.0854,1.08549,2.10,1.12
2017.06.09 16:53:37.826,1.08541,1.08551,1.00,1.75
2017.06.09 16:53:37.877,1.08543,1.08552,1.00,3.00
2017.06.09 16:53:38.289,1.08544,1.08554,1.50,2.85
2017.06.09 16:53:43.600,1.08543,1.08554,1.50,2.85
2017.06.09 16:53:44.252,1.08544,1.08554,1.00,2.85
2017.06.09 16:53:44.959,1.08545,1.08554,1.00,2.47
2017.06.09 16:53:45.472,1.08546,1.08554,1.00,1.75
2017.06.09 16:53:47.342,1.08546,1.08554,1.00,1.50
2017.06.09 16:53:49.096,1.08547,1.08555,1.00,2.65
2017.06.09 16:53:49.636,1.08546,1.08555,1.00,2.65
2017.06.09 16:53:50.153,1.08547,1.08555,1.00,1.35
2017.06.09 16:53:51.883,1.08546,1.08554,1.00,1.50
2017.06.09 16:53:52.240,1.08546,1.08555,1.00,2.10
2017.06.09 16:53:52.883,1.08546,1.08555,1.00,1.97
2017.06.09 16:53:54.824,1.08547,1.08555,1.50,1.77
2017.06.09 16:53:55.357,1.08546,1.08555,1.00,2.77
2017.06.09 16:54:00.825,1.08547,1.08555,1.00,1.97
2017.06.09 16:54:01.362,1.08546,1.08555,1.00,1.97
2017.06.09 16:54:05.210,1.08545,1.08555,1.50,1.97
2017.06.09 16:54:06.004,1.08546,1.08555,1.00,1.97
2017.06.09 16:54:06.546,1.08545,1.08555,1.87,1.97
2017.06.09 16:54:07.227,1.08546,1.08555,1.00,1.97
2017.06.09 16:54:12.593,1.08548,1.08555,1.00,1.97
2017.06.09 16:54:13.139,1.08547,1.08555,1.50,0.97
2017.06.09 16:54:16.432,1.08548,1.08555,1.50,0.97
2017.06.09 16:54:16.950,1.08547,1.08555,1.00,0.97
2017.06.09 16:54:17.463,1.08548,1.08555,1.50,0.97
2017.06.09 16:54:19.082,1.08547,1.08555,1.50,0.97
2017.06.09 16:54:25.418,1.08548,1.08555,1.00,0.60
2017.06.09 16:54:26.304,1.08547,1.08555,1.50,0.60
2017.06.09 16:54:28.468,1.08548,1.08555,1.00,0.60
2017.06.09 16:54:30.903,1.08547,1.08555,1.50,0.60
2017.06.09 16:54:31.204,1.08549,1.08555,1.00,0.60
2017.06.09 16:54:33.193,1.08548,1.08555,1.50,0.60
2017.06.09 16:54:33.758,1.08549,1.08555,1.00,0.60
2017.06.09 16:54:35.790,1.08548,1.08555,1.50,0.10
2017.06.09 16:54:36.312,1.08548,1.08554,1.00,1.00
2017.06.09 16:54:36.823,1.08548,1.08555,1.50,0.10
2017.06.09 16:54:41.336,1.08548,1.08553,1.00,1.00
2017.06.09 16:54:41.387,1.08545,1.08554,2.62,1.00
2017.06.09 16:54:41.440,1.08547,1.08555,1.00,0.10
2017.06.09 16:54:41.962,1.08546,1.08555,1.50,0.97
2017.06.09 16:54:53.693,1.08547,1.08555,1.00,1.97
2017.06.09 16:54:54.203,1.08548,1.08555,1.00,1.97
2017.06.09 16:54:54.254,1.08546,1.08555,1.50,1.97
2017.06.09 16:54:54.791,1.08545,1.08555,1.87,1.97
2017.06.09 16:54:55.487,1.08546,1.08555,1.00,1.97
2017.06.09 16:54:59.324,1.08545,1.08554,1.50,1.12
2017.06.09 16:54:59.477,1.08545,1.08553,1.00,1.37
2017.06.09 16:55:09.996,1.08544,1.08553,1.50,1.50
2017.06.09 16:55:12.007,1.08543,1.08553,1.00,1.50
2017.06.09 16:55:12.525,1.08542,1.08552,1.87,1.67
2017.06.09 16:55:13.036,1.08543,1.08552,1.00,2.10
2017.06.09 16:55:13.768,1.08544,1.08552,1.50,1.12
2017.06.09 16:55:14.370,1.08544,1.08551,1.00,1.00
2017.06.09 16:55:14.984,1.08544,1.08552,1.00,1.67
2017.06.09 16:55:17.531,1.08547,1.08551,1.00,1.00
2017.06.09 16:55:17.832,1.08547,1.08555,1.00,0.60
2017.06.09 16:55:17.902,1.08545,1.08555,2.10,1.10
2017.06.09 16:55:18.006,1.08549,1.08555,1.00,0.47
2017.06.09 16:55:18.057,1.08546,1.08555,1.50,0.97
2017.06.09 16:55:18.109,1.08548,1.08555,1.00,0.97
2017.06.09 16:55:18.416,1.0855,1.08555,1.00,0.10
2017.06.09 16:55:18.920,1.08552,1.08555,1.00,0.10
2017.06.09 16:55:20.283,1.08553,1.08555,1.50,0.10
2017.06.09 16:55:21.274,1.08552,1.08555,1.50,0.10
2017.06.09 16:55:21.818,1.08553,1.08555,1.50,0.10
2017.06.09 16:55:22.884,1.08552,1.08555,1.50,0.10
2017.06.09 16:55:23.522,1.08553,1.08555,1.00,0.10
2017.06.09 16:55:24.333,1.08554,1.08555,1.00,0.10
2017.06.09 16:55:25.129,1.08554,1.08555,1.00,0.10
2017.06.09 16:55:25.182,1.08551,1.08555,1.50,0.10
2017.06.09 16:55:25.910,1.0855,1.08555,1.12,0.10
2017.06.09 16:55:26.340,1.08553,1.08555,1.00,0.10
2017.06.09 16:55:31.983,1.08554,1.08555,1.00,0.10
2017.06.09 16:55:32.136,1.0855,1.08555,2.25,0.10
2017.06.09 16:55:32.238,1.08549,1.08555,1.87,0.10
2017.06.09 16:55:32.743,1.08548,1.08555,1.00,0.97
2017.06.09 16:55:34.949,1.08547,1.08555,1.00,0.97
2017.06.09 16:55:46.331,1.08547,1.08555,1.00,1.10
2017.06.09 16:55:49.237,1.08546,1.08554,1.00,1.00
2017.06.09 16:55:51.653,1.08545,1.08553,1.00,1.00
2017.06.09 16:55:52.163,1.08546,1.08553,1.00,1.00
2017.06.09 16:55:54.999,1.08545,1.08553,1.00,1.00
2017.06.09 16:55:55.546,1.08543,1.08552,1.87,1.12
2017.06.09 16:55:56.092,1.08543,1.08552,1.00,1.12
2017.06.09 16:55:56.348,1.08542,1.0855,1.50,1.00
2017.06.09 16:55:56.870,1.08541,1.08549,1.50,1.00
2017.06.09 16:55:57.630,1.08541,1.08549,1.00,1.00
2017.06.09 16:56:01.956,1.08541,1.08548,1.00,1.00
2017.06.09 16:56:03.292,1.0854,1.08548,2.25,1.00
2017.06.09 16:56:09.541,1.0854,1.08549,2.62,1.00
2017.06.09 16:56:21.677,1.0854,1.08547,1.87,1.00
2017.06.09 16:56:21.730,1.08541,1.08549,1.00,1.00
2017.06.09 16:56:22.192,1.08542,1.08551,1.87,1.12
2017.06.09 16:56:23.571,1.08544,1.08552,1.00,1.50
2017.06.09 16:56:24.137,1.08543,1.08551,1.12,1.12
2017.06.09 16:56:24.983,1.08544,1.08551,1.00,1.12
2017.06.09 16:56:26.934,1.08544,1.08553,1.00,1.50
2017.06.09 16:56:28.368,1.08545,1.08554,1.00,1.87
2017.06.09 16:56:28.954,1.08545,1.08554,1.50,1.50
2017.06.09 16:56:30.095,1.08548,1.08555,1.00,0.85
2017.06.09 16:56:30.147,1.08548,1.08555,1.00,0.60
2017.06.09 16:56:30.650,1.08549,1.08555,1.00,0.10
2017.06.09 16:56:32.572,1.0855,1.08555,1.12,0.10
2017.06.09 16:56:32.623,1.08552,1.08555,1.50,0.10
2017.06.09 16:56:33.133,1.08553,1.08555,1.00,0.10
2017.06.09 16:56:35.442,1.08554,1.0856,1.00,0.60
2017.06.09 16:56:35.595,1.08553,1.08555,1.00,0.10
2017.06.09 16:56:36.592,1.08552,1.08555,1.12,0.10
2017.06.09 16:56:40.572,1.08553,1.08555,1.00,0.10
2017.06.09 16:56:41.089,1.08552,1.08555,1.87,0.10
2017.06.09 16:56:43.235,1.08553,1.08555,1.50,0.10
2017.06.09 16:56:43.786,1.08552,1.08555,1.12,0.10
2017.06.09 16:56:47.782,1.08551,1.08555,1.87,0.10
2017.06.09 16:56:50.325,1.08552,1.08555,1.00,0.10
2017.06.09 16:56:50.836,1.08551,1.08555,2.62,0.10
2017.06.09 16:56:52.530,1.08551,1.08555,4.50,0.10
2017.06.09 16:56:53.863,1.08551,1.08555,2.25,0.10
2017.06.09 16:56:54.728,1.08552,1.08555,1.50,0.10
2017.06.09 16:56:55.084,1.0855,1.08555,1.12,0.10
2017.06.09 16:56:55.625,1.08548,1.08555,1.50,0.10
2017.06.09 16:56:56.642,1.08548,1.08555,1.50,0.10
2017.06.09 16:56:58.142,1.08546,1.08554,1.00,1.00
2017.06.09 16:57:00.184,1.08545,1.08554,2.62,1.00
2017.06.09 16:57:03.237,1.08546,1.08554,1.00,1.00
2017.06.09 16:57:08.788,1.08547,1.08555,2.10,1.60
2017.06.09 16:57:08.941,1.08548,1.08555,3.37,0.60
2017.06.09 16:57:09.945,1.08549,1.08555,2.62,0.10
2017.06.09 16:57:12.774,1.08548,1.08555,4.12,0.10
2017.06.09 16:57:13.294,1.08547,1.08555,1.37,0.10
2017.06.09 16:57:14.585,1.08548,1.08555,1.50,0.10
2017.06.09 16:57:15.105,1.08549,1.08555,2.28,0.10
2017.06.09 16:57:21.030,1.08552,1.08555,1.00,0.10
2017.06.09 16:57:21.234,1.0855,1.08555,3.00,0.10
2017.06.09 16:57:21.950,1.08551,1.08555,1.00,0.10
2017.06.09 16:57:29.036,1.08548,1.08555,1.87,0.10
2017.06.09 16:57:29.583,1.08547,1.08555,1.87,0.10
2017.06.09 16:57:50.816,1.08547,1.08555,3.00,0.10
2017.06.09 16:57:57.344,1.08547,1.08555,3.00,0.10
2017.06.09 16:57:57.943,1.08547,1.08555,5.25,0.10
2017.06.09 16:58:03.894,1.08546,1.08554,1.37,1.00
2017.06.09 16:58:04.078,1.08545,1.08554,1.12,1.00
2017.06.09 16:58:05.604,1.08544,1.08551,1.50,1.00
2017.06.09 16:58:05.809,1.08542,1.08551,1.00,1.80
2017.06.09 16:58:06.322,1.08541,1.0855,1.00,1.42
2017.06.09 16:58:23.715,1.08542,1.0855,1.00,1.57
2017.06.09 16:58:24.250,1.08541,1.0855,1.00,1.57
2017.06.09 16:58:27.237,1.08541,1.0855,1.00,1.57
2017.06.09 16:58:28.004,1.08541,1.0855,1.00,3.67
2017.06.09 16:58:28.520,1.0854,1.08548,1.00,1.67
2017.06.09 16:58:30.494,1.08541,1.08548,1.00,1.37
2017.06.09 16:58:31.030,1.08541,1.0855,1.00,2.32
2017.06.09 16:58:31.979,1.08541,1.08549,1.00,1.00
2017.06.09 16:58:39.379,1.08542,1.0855,1.00,1.50
2017.06.09 16:58:42.075,1.08542,1.08551,1.00,2.92
2017.06.09 16:58:42.821,1.08542,1.0855,1.00,1.47
2017.06.09 16:58:43.093,1.08542,1.08551,1.00,1.57
2017.06.09 16:58:43.964,1.08542,1.08551,1.00,1.57
2017.06.09 16:58:49.168,1.08542,1.08551,1.00,4.05
2017.06.09 16:58:50.091,1.08542,1.08551,1.00,4.05
2017.06.09 16:58:51.293,1.08543,1.08551,1.00,2.25
2017.06.09 16:58:52.600,1.08543,1.08551,1.00,1.12
2017.06.09 16:58:53.717,1.08545,1.08552,1.00,1.47
2017.06.09 16:58:53.820,1.08545,1.08553,1.00,1.87
2017.06.09 16:58:54.787,1.08544,1.08552,1.00,1.12
2017.06.09 16:58:56.023,1.08543,1.08551,1.00,1.35
2017.06.09 16:58:56.533,1.08542,1.0855,1.00,1.30
2017.06.09 16:58:59.345,1.08541,1.0855,1.00,2.55
2017.06.09 16:58:59.950,1.08541,1.08549,1.00,1.10
2017.06.09 16:59:01.671,1.08542,1.0855,1.00,1.37
2017.06.09 16:59:02.177,1.08542,1.0855,1.00,1.72
2017.06.09 16:59:03.417,1.08543,1.0855,1.00,1.00
2017.06.09 16:59:05.610,1.08543,1.08551,1.00,1.00
2017.06.09 16:59:06.159,1.08542,1.08552,1.00,3.60
2017.06.09 16:59:06.983,1.08542,1.08552,1.00,2.85
2017.06.09 16:59:07.518,1.08542,1.08552,1.00,3.22
2017.06.09 16:59:10.445,1.08543,1.08552,1.00,1.67
2017.06.09 16:59:14.533,1.08542,1.08551,1.00,1.00
2017.06.09 16:59:16.754,1.08543,1.08551,1.00,1.00
2017.06.09 16:59:20.407,1.08546,1.08552,1.00,1.87
2017.06.09 16:59:20.458,1.08544,1.08552,1.50,1.37
2017.06.09 16:59:20.968,1.08544,1.08552,1.00,1.00
2017.06.09 16:59:22.150,1.08542,1.08552,1.72,1.12
2017.06.09 16:59:23.511,1.08542,1.08552,1.72,1.50
2017.06.09 16:59:24.035,1.08542,1.08552,1.00,4.35
2017.06.09 16:59:24.610,1.08542,1.08551,1.00,1.35
2017.06.09 16:59:25.120,1.08542,1.08551,1.00,2.47
2017.06.09 16:59:26.459,1.08542,1.08552,1.00,3.60
2017.06.09 16:59:26.986,1.0854,1.0855,1.12,1.72
2017.06.09 16:59:27.140,1.0854,1.0855,1.12,2.10
2017.06.09 16:59:27.449,1.08542,1.0855,1.00,1.35
2017.06.09 16:59:28.181,1.08543,1.08551,1.00,3.22
2017.06.09 16:59:29.236,1.08543,1.08551,1.00,1.35
2017.06.09 16:59:30.389,1.08544,1.08551,1.00,1.12
2017.06.09 16:59:30.699,1.08546,1.08553,1.00,5.10
2017.06.09 16:59:31.004,1.08544,1.08551,1.00,1.67
2017.06.09 16:59:31.612,1.08543,1.08551,1.00,1.67
2017.06.09 16:59:35.393,1.08544,1.08552,1.00,1.12
2017.06.09 16:59:35.954,1.08543,1.08553,1.00,3.60
2017.06.09 16:59:42.203,1.08544,1.08552,1.00,2.47
2017.06.09 16:59:46.766,1.08545,1.08553,1.00,1.87
2017.06.09 16:59:46.868,1.08543,1.08553,1.00,2.62
2017.06.09 16:59:47.370,1.08543,1.08553,1.00,3.97
2017.06.09 16:59:47.729,1.08545,1.08553,1.00,2.10
2017.06.09 16:59:47.832,1.08543,1.08552,1.00,1.12
2017.06.09 16:59:48.585,1.08543,1.08552,1.00,1.67
2017.06.09 16:59:53.703,1.08543,1.08552,1.00,1.35
2017.06.09 16:59:54.586,1.08541,1.08551,2.10,1.00
2017.06.09 16:59:55.385,1.08541,1.0855,1.30,1.00
2017.06.09 16:59:55.896,1.08542,1.08552,1.00,2.47
2017.06.09 16:59:58.881,1.08542,1.08552,1.00,2.10
2017.06.09 16:59:59.482,1.08543,1.08552,1.00,1.35
