2012.06.13 15:00:25.121,1.20083,1.20091,1.00,1.50
2012.06.13 15:00:31.203,1.20083,1.20093,1.00,3.38
2012.06.13 15:00:34.442,1.20083,1.20093,1.00,5.63
2012.06.13 15:00:40.137,1.20083,1.2009,1.00,1.50
2012.06.13 15:00:43.652,1.20083,1.20091,1.00,1.50
2012.06.13 15:00:45.311,1.20083,1.20089,1.00,1.50
2012.06.13 15:00:48.525,1.20083,1.20091,1.00,1.50
2012.06.13 15:00:54.254,1.20083,1.20092,1.00,1.50
2012.06.13 15:00:59.714,1.20083,1.20091,1.00,1.50
2012.06.13 15:01:00.223,1.20083,1.20091,1.00,2.25
2012.06.13 15:01:02.220,1.20083,1.20093,1.00,1.50
2012.06.13 15:01:11.813,1.20083,1.20093,1.00,2.25
2012.06.13 15:01:12.360,1.20083,1.20093,1.00,1.50
2012.06.13 15:01:14.641,1.20083,1.20093,1.75,3.38
2012.06.13 15:01:26.114,1.20083,1.20093,3.75,1.50
2012.06.13 15:01:30.154,1.20083,1.20093,1.75,3.75
2012.06.13 15:01:30.913,1.20083,1.20091,1.75,1.50
2012.06.13 15:01:34.842,1.20083,1.20093,3.75,1.50
2012.06.13 15:01:36.684,1.20083,1.20093,3.75,1.50
2012.06.13 15:01:39.663,1.20083,1.20092,1.75,1.50
2012.06.13 15:01:41.393,1.20084,1.20094,2.63,3.00
2012.06.13 15:01:41.534,1.20086,1.20097,2.25,1.92
2012.06.13 15:01:42.062,1.20086,1.20097,2.25,1.02
2012.06.13 15:01:45.102,1.20086,1.20098,2.25,4.77
2012.06.13 15:01:49.504,1.20086,1.20098,2.25,4.77
2012.06.13 15:01:50.352,1.20086,1.20098,2.25,4.77
2012.06.13 15:01:50.545,1.20086,1.20098,2.25,4.77
2012.06.13 15:01:50.945,1.20086,1.20098,2.25,4.39
2012.06.13 15:01:52.615,1.20086,1.20098,2.25,4.39
2012.06.13 15:01:52.754,1.20086,1.20098,2.25,4.39
2012.06.13 15:01:52.946,1.20086,1.20098,2.25,2.52
2012.06.13 15:01:53.899,1.2009,1.20098,1.13,2.25
2012.06.13 15:01:54.399,1.20086,1.20097,2.25,1.88
2012.06.13 15:01:58.992,1.20086,1.20097,2.25,1.88
2012.06.13 15:01:59.589,1.20086,1.20098,2.25,1.50
2012.06.13 15:02:01.402,1.20087,1.20098,1.50,1.50
2012.06.13 15:02:01.939,1.20086,1.20098,2.25,1.50
2012.06.13 15:02:02.293,1.20086,1.20098,2.25,2.25
2012.06.13 15:02:03.848,1.20086,1.20096,3.75,1.50
2012.06.13 15:02:05.302,1.20088,1.20098,2.25,1.50
2012.06.13 15:02:06.088,1.20088,1.20098,2.25,1.50
2012.06.13 15:02:06.745,1.20086,1.20099,2.25,4.13
2012.06.13 15:02:09.221,1.20087,1.20099,2.25,1.50
2012.06.13 15:02:11.447,1.20088,1.201,2.25,4.50
2012.06.13 15:02:14.174,1.20088,1.201,2.25,1.13
2012.06.13 15:02:14.247,1.20088,1.201,2.25,1.13
2012.06.13 15:02:15.764,1.20088,1.20098,2.25,1.88
2012.06.13 15:02:16.296,1.20088,1.20098,2.25,1.88
2012.06.13 15:02:17.764,1.20088,1.20098,2.25,1.88
2012.06.13 15:02:18.765,1.20088,1.20098,2.25,3.38
2012.06.13 15:02:19.304,1.20086,1.20098,2.25,2.63
2012.06.13 15:02:20.704,1.20085,1.20098,1.50,5.63
2012.06.13 15:02:23.105,1.20089,1.20097,1.50,1.50
2012.06.13 15:02:23.719,1.20087,1.20097,3.00,1.50
2012.06.13 15:02:33.910,1.20087,1.20097,3.00,1.50
2012.06.13 15:02:37.326,1.20087,1.20097,3.00,1.50
2012.06.13 15:02:39.017,1.20087,1.20097,3.00,3.31
2012.06.13 15:02:39.305,1.20087,1.20097,3.00,1.50
2012.06.13 15:02:40.250,1.20089,1.20097,1.50,1.50
2012.06.13 15:02:40.393,1.20087,1.20097,3.75,1.50
2012.06.13 15:02:40.624,1.20087,1.20097,3.75,1.50
2012.06.13 15:02:42.098,1.20087,1.20097,3.75,1.50
2012.06.13 15:02:42.664,1.20088,1.20097,1.50,1.50
2012.06.13 15:02:44.284,1.20088,1.20097,1.50,1.50
2012.06.13 15:02:46.605,1.20089,1.201,2.25,3.38
2012.06.13 15:02:47.324,1.20089,1.201,2.25,2.63
2012.06.13 15:02:48.155,1.20092,1.201,1.50,1.88
2012.06.13 15:02:52.763,1.2009,1.201,2.25,1.88
2012.06.13 15:02:53.443,1.20089,1.201,4.13,4.13
2012.06.13 15:02:54.230,1.2009,1.201,2.25,4.13
2012.06.13 15:02:55.563,1.20091,1.20102,3.00,2.63
2012.06.13 15:02:56.746,1.2009,1.20102,2.25,2.63
2012.06.13 15:02:59.874,1.20089,1.20098,1.50,1.50
2012.06.13 15:03:00.393,1.20089,1.20099,3.00,1.50
2012.06.13 15:03:10.733,1.20089,1.20099,3.00,4.88
2012.06.13 15:03:11.046,1.20089,1.20099,1.50,5.63
2012.06.13 15:03:12.586,1.20089,1.20099,2.25,4.13
2012.06.13 15:03:14.997,1.2009,1.20099,1.50,4.13
2012.06.13 15:03:15.203,1.20088,1.20097,1.50,1.50
2012.06.13 15:03:15.522,1.20087,1.20097,2.63,1.50
2012.06.13 15:03:15.768,1.20087,1.20099,3.38,3.38
2012.06.13 15:03:16.316,1.20087,1.20099,4.13,3.38
2012.06.13 15:03:19.638,1.20087,1.20099,4.13,3.38
2012.06.13 15:03:20.184,1.20087,1.20099,3.38,1.50
2012.06.13 15:03:21.083,1.20087,1.20099,4.13,3.38
2012.06.13 15:03:21.553,1.20089,1.20099,1.81,3.38
2012.06.13 15:03:21.693,1.20087,1.20099,4.13,3.38
2012.06.13 15:03:25.884,1.20087,1.20099,3.38,4.13
2012.06.13 15:03:28.903,1.20087,1.20099,4.13,4.13
2012.06.13 15:03:29.554,1.20087,1.20099,4.13,4.13
2012.06.13 15:03:30.061,1.20088,1.20099,1.88,2.25
2012.06.13 15:03:33.752,1.20088,1.20099,2.63,2.25
2012.06.13 15:03:33.881,1.20088,1.20099,1.88,2.25
2012.06.13 15:03:35.017,1.20088,1.20098,1.88,1.50
2012.06.13 15:03:35.695,1.20086,1.20098,2.63,1.50
2012.06.13 15:03:37.863,1.20088,1.20098,1.50,1.50
2012.06.13 15:03:43.228,1.20088,1.20098,1.50,2.25
2012.06.13 15:03:43.885,1.20088,1.20098,1.50,2.25
2012.06.13 15:03:49.069,1.20088,1.20098,1.50,2.25
2012.06.13 15:03:49.693,1.20088,1.20098,1.50,1.50
2012.06.13 15:03:50.354,1.20088,1.20098,1.50,2.25
2012.06.13 15:03:50.871,1.20088,1.20098,1.50,1.50
2012.06.13 15:03:57.305,1.20088,1.20098,1.50,3.00
2012.06.13 15:03:57.854,1.20088,1.20098,1.50,2.25
2012.06.13 15:03:58.411,1.20087,1.20098,1.50,1.50
2012.06.13 15:04:00.213,1.20087,1.20099,1.50,4.88
2012.06.13 15:04:00.625,1.20089,1.20099,1.50,4.13
2012.06.13 15:04:03.424,1.20089,1.20099,1.50,4.13
2012.06.13 15:04:07.532,1.20089,1.20099,1.50,4.13
2012.06.13 15:04:09.073,1.20089,1.20099,1.50,4.88
2012.06.13 15:04:09.618,1.20089,1.20099,1.50,4.88
2012.06.13 15:04:10.645,1.20089,1.20099,1.50,4.13
2012.06.13 15:04:14.094,1.20089,1.20099,1.50,4.13
2012.06.13 15:04:16.372,1.20086,1.20099,3.38,2.63
2012.06.13 15:04:21.845,1.20084,1.20096,2.63,1.50
2012.06.13 15:04:23.999,1.20084,1.20096,3.38,1.50
2012.06.13 15:04:24.587,1.20085,1.20097,1.50,2.25
2012.06.13 15:04:25.234,1.20085,1.20097,2.25,2.25
2012.06.13 15:04:25.433,1.20084,1.20097,4.13,4.50
2012.06.13 15:04:25.640,1.20084,1.20097,3.38,4.50
2012.06.13 15:04:28.234,1.20084,1.20095,4.13,1.50
2012.06.13 15:04:28.755,1.20084,1.20095,4.13,1.50
2012.06.13 15:04:28.953,1.20084,1.20095,3.38,1.50
2012.06.13 15:04:29.022,1.20085,1.20097,1.50,2.25
2012.06.13 15:04:29.570,1.20085,1.20097,2.25,2.25
2012.06.13 15:04:30.347,1.20085,1.20097,1.50,2.25
2012.06.13 15:04:30.882,1.20085,1.20097,1.50,2.25
2012.06.13 15:04:36.744,1.20085,1.20097,2.25,2.25
2012.06.13 15:04:38.526,1.20085,1.20097,2.25,2.25
2012.06.13 15:04:39.054,1.20085,1.20097,1.50,2.25
2012.06.13 15:04:39.339,1.20085,1.20097,2.25,2.25
2012.06.13 15:04:39.415,1.20085,1.20097,1.50,2.25
2012.06.13 15:04:41.712,1.20089,1.20097,1.50,1.50
2012.06.13 15:04:42.274,1.20087,1.20097,1.50,1.50
2012.06.13 15:04:44.039,1.20087,1.20097,1.50,1.50
2012.06.13 15:04:44.539,1.20087,1.20098,1.50,3.38
2012.06.13 15:04:45.075,1.20087,1.20098,1.50,2.63
2012.06.13 15:04:47.537,1.20087,1.20097,1.50,2.25
2012.06.13 15:04:47.974,1.20085,1.20097,1.50,1.50
2012.06.13 15:04:48.482,1.20084,1.20097,3.38,1.50
2012.06.13 15:04:49.048,1.20084,1.20096,4.13,1.50
2012.06.13 15:04:49.196,1.20084,1.20096,4.13,1.50
2012.06.13 15:04:49.733,1.20084,1.20096,3.38,2.25
2012.06.13 15:04:51.080,1.20084,1.20096,4.13,2.25
2012.06.13 15:04:51.658,1.20084,1.20096,3.38,2.25
2012.06.13 15:04:52.305,1.20084,1.20096,4.13,2.25
2012.06.13 15:04:52.833,1.20084,1.20096,4.88,1.50
2012.06.13 15:04:53.226,1.20086,1.20098,1.50,4.17
2012.06.13 15:04:57.795,1.20086,1.20098,1.50,4.17
2012.06.13 15:04:58.185,1.20086,1.20098,1.50,4.17
2012.06.13 15:04:58.605,1.20085,1.20097,2.25,3.00
2012.06.13 15:04:58.802,1.20086,1.20097,1.88,2.25
2012.06.13 15:04:59.466,1.20086,1.20098,3.38,3.42
2012.06.13 15:05:01.016,1.20086,1.20098,3.38,4.17
2012.06.13 15:05:01.569,1.20086,1.20097,1.88,3.75
2012.06.13 15:05:02.097,1.20085,1.20097,3.38,5.63
2012.06.13 15:05:05.665,1.20083,1.20094,1.00,2.25
2012.06.13 15:05:05.735,1.20085,1.20094,1.88,1.50
2012.06.13 15:05:06.352,1.20086,1.20096,1.50,2.25
2012.06.13 15:05:06.914,1.20086,1.20096,1.50,2.25
2012.06.13 15:05:07.491,1.20085,1.20096,1.88,2.25
2012.06.13 15:05:09.363,1.20085,1.20096,2.63,1.50
2012.06.13 15:05:10.835,1.20085,1.20097,4.13,2.25
2012.06.13 15:05:11.553,1.20085,1.20097,4.13,4.13
2012.06.13 15:05:12.102,1.20085,1.20097,3.38,4.13
2012.06.13 15:05:12.712,1.20085,1.20097,3.38,4.13
2012.06.13 15:05:15.416,1.20085,1.20097,4.13,3.38
2012.06.13 15:05:15.667,1.20085,1.20095,1.88,1.50
2012.06.13 15:05:19.731,1.20085,1.20095,2.63,1.50
2012.06.13 15:05:20.303,1.20085,1.20095,2.63,1.50
2012.06.13 15:05:20.863,1.20085,1.20095,2.63,1.50
2012.06.13 15:05:21.424,1.20085,1.20095,2.63,1.50
2012.06.13 15:05:21.553,1.20085,1.20097,4.13,3.38
2012.06.13 15:05:23.475,1.20085,1.20097,4.13,3.38
2012.06.13 15:05:23.896,1.20085,1.20097,3.38,3.38
2012.06.13 15:05:25.292,1.20085,1.20095,1.88,1.50
2012.06.13 15:05:27.423,1.20086,1.20096,1.50,1.50
2012.06.13 15:05:28.803,1.20085,1.20096,1.88,1.50
2012.06.13 15:05:32.353,1.20085,1.20096,2.63,1.50
2012.06.13 15:05:32.903,1.20085,1.20097,1.88,5.63
2012.06.13 15:05:35.516,1.20084,1.20097,1.88,3.75
2012.06.13 15:05:35.833,1.20085,1.20097,1.50,1.50
2012.06.13 15:05:36.434,1.20084,1.20097,4.88,1.50
2012.06.13 15:05:42.115,1.20087,1.20097,1.50,1.50
2012.06.13 15:06:02.037,1.20088,1.20097,1.50,1.88
2012.06.13 15:06:05.442,1.20088,1.20097,1.50,2.63
2012.06.13 15:06:07.541,1.20088,1.20097,1.50,2.63
2012.06.13 15:06:08.261,1.20088,1.20097,1.50,2.63
2012.06.13 15:06:09.385,1.20088,1.20097,1.50,2.63
2012.06.13 15:06:13.293,1.20088,1.20097,1.50,2.63
2012.06.13 15:06:23.845,1.20088,1.20098,1.50,4.13
2012.06.13 15:06:27.998,1.20088,1.20098,1.50,4.13
2012.06.13 15:06:28.647,1.20089,1.20097,1.50,1.50
2012.06.13 15:06:29.514,1.20088,1.20098,1.50,4.13
2012.06.13 15:06:33.464,1.20088,1.20098,1.50,4.13
2012.06.13 15:06:36.605,1.20089,1.20098,1.50,2.63
2012.06.13 15:06:37.142,1.20089,1.20098,1.50,2.63
2012.06.13 15:06:39.022,1.20087,1.20098,1.50,2.63
2012.06.13 15:06:44.853,1.20087,1.20098,1.50,2.63
2012.06.13 15:06:47.232,1.20087,1.20099,1.50,1.50
2012.06.13 15:06:54.291,1.20086,1.20096,1.50,2.25
2012.06.13 15:06:59.814,1.20087,1.20097,1.50,2.63
2012.06.13 15:07:07.220,1.20087,1.20097,1.50,2.63
2012.06.13 15:07:07.635,1.20089,1.20099,1.50,3.38
2012.06.13 15:07:07.708,1.20089,1.20099,1.50,3.38
2012.06.13 15:07:07.786,1.20087,1.20099,3.38,4.88
2012.06.13 15:07:10.582,1.20087,1.20099,3.38,4.88
2012.06.13 15:07:13.784,1.20087,1.20099,3.38,4.88
2012.06.13 15:07:20.237,1.20087,1.20099,3.38,4.88
2012.06.13 15:07:30.453,1.20089,1.20099,1.50,3.38
2012.06.13 15:07:31.914,1.20089,1.20099,1.50,3.38
2012.06.13 15:07:32.493,1.20089,1.20099,1.50,2.63
2012.06.13 15:07:36.854,1.20088,1.20099,1.88,2.25
2012.06.13 15:07:54.534,1.20089,1.201,1.50,3.38
2012.06.13 15:07:55.591,1.20088,1.201,3.38,4.13
2012.06.13 15:08:00.707,1.2009,1.201,1.50,3.38
2012.06.13 15:08:01.355,1.20089,1.20099,1.50,1.50
2012.06.13 15:08:11.562,1.20089,1.20099,1.50,2.25
2012.06.13 15:08:12.068,1.20089,1.20099,1.50,2.25
2012.06.13 15:08:13.478,1.20087,1.20098,1.88,2.56
2012.06.13 15:08:14.094,1.20087,1.20098,1.88,2.25
2012.06.13 15:08:26.127,1.20087,1.20098,1.88,2.25
2012.06.13 15:08:28.564,1.20087,1.20098,1.88,2.25
2012.06.13 15:08:50.143,1.20087,1.20098,1.50,2.63
2012.06.13 15:08:50.714,1.20087,1.20098,1.50,2.63
2012.06.13 15:08:54.746,1.20086,1.20098,3.38,2.25
2012.06.13 15:08:55.722,1.20086,1.20096,3.38,1.13
2012.06.13 15:09:10.314,1.20086,1.20095,1.88,1.50
2012.06.13 15:09:24.030,1.20086,1.20098,1.88,4.13
2012.06.13 15:09:27.215,1.20086,1.20098,1.88,3.75
2012.06.13 15:09:32.364,1.20088,1.20098,1.50,4.13
2012.06.13 15:09:44.884,1.20088,1.20096,1.50,2.25
2012.06.13 15:09:46.925,1.20088,1.20096,1.50,1.50
2012.06.13 15:09:47.511,1.20088,1.20096,1.50,2.25
2012.06.13 15:09:52.315,1.20087,1.20096,1.50,2.63
2012.06.13 15:09:53.624,1.20087,1.20097,1.50,2.25
2012.06.13 15:10:00.060,1.20087,1.20095,1.50,2.25
2012.06.13 15:10:00.596,1.20087,1.20095,1.50,1.50
2012.06.13 15:10:01.227,1.20087,1.20096,1.50,2.25
2012.06.13 15:10:01.820,1.20087,1.20096,1.50,1.50
2012.06.13 15:10:02.391,1.20087,1.20096,1.50,2.25
2012.06.13 15:10:08.007,1.20087,1.20096,1.50,1.50
2012.06.13 15:10:11.286,1.20087,1.20097,1.50,2.25
2012.06.13 15:10:12.001,1.20087,1.20097,1.50,3.00
2012.06.13 15:10:12.344,1.20087,1.20097,1.50,1.50
2012.06.13 15:10:12.903,1.20086,1.20095,3.38,1.50
2012.06.13 15:10:14.519,1.20086,1.20095,3.38,1.43
2012.06.13 15:10:16.184,1.20086,1.20096,3.38,3.00
2012.06.13 15:10:18.983,1.20086,1.20096,3.38,3.00
2012.06.13 15:10:19.587,1.20086,1.20095,3.38,1.13
2012.06.13 15:10:21.776,1.20087,1.20096,1.88,2.93
2012.06.13 15:10:22.319,1.20086,1.20096,1.50,2.93
2012.06.13 15:10:24.440,1.20087,1.20095,1.50,1.43
2012.06.13 15:10:24.517,1.20087,1.20098,1.50,3.38
2012.06.13 15:10:25.063,1.20087,1.20095,1.50,2.25
2012.06.13 15:10:25.412,1.20085,1.20097,4.88,2.25
2012.06.13 15:10:36.372,1.20085,1.20096,1.50,1.50
2012.06.13 15:10:36.446,1.20089,1.20096,1.50,1.50
2012.06.13 15:10:37.170,1.20089,1.20098,1.50,3.38
2012.06.13 15:10:39.959,1.20089,1.20099,1.50,3.38
2012.06.13 15:10:40.435,1.20089,1.20099,1.50,3.38
2012.06.13 15:10:42.609,1.20088,1.20096,1.50,1.50
2012.06.13 15:10:44.214,1.20088,1.20097,1.50,1.06
2012.06.13 15:10:45.047,1.20086,1.20099,3.00,4.88
2012.06.13 15:10:45.635,1.20086,1.20099,3.00,4.88
2012.06.13 15:10:45.776,1.20089,1.20099,1.50,4.88
2012.06.13 15:10:48.415,1.20089,1.20099,1.50,5.63
2012.06.13 15:10:54.101,1.20086,1.20096,4.50,1.13
2012.06.13 15:11:03.253,1.20086,1.20097,2.25,1.50
2012.06.13 15:11:06.362,1.20086,1.20098,1.50,2.56
2012.06.13 15:11:09.213,1.20086,1.20098,1.50,2.25
2012.06.13 15:11:09.782,1.20086,1.20097,1.50,1.43
2012.06.13 15:11:11.633,1.20086,1.20097,1.50,2.63
2012.06.13 15:11:14.131,1.20085,1.20097,3.38,3.38
2012.06.13 15:11:15.544,1.20085,1.20097,3.38,4.13
2012.06.13 15:11:15.615,1.20085,1.20097,3.38,4.13
2012.06.13 15:11:16.120,1.20085,1.20096,3.38,1.43
2012.06.13 15:11:16.662,1.20085,1.20097,3.38,3.38
2012.06.13 15:11:17.221,1.20085,1.20096,3.38,1.43
2012.06.13 15:11:18.605,1.20085,1.20096,3.38,1.13
2012.06.13 15:11:24.381,1.20085,1.20095,3.38,1.13
2012.06.13 15:11:24.985,1.20085,1.20097,3.38,4.13
2012.06.13 15:11:27.243,1.20085,1.20097,3.38,4.13
2012.06.13 15:11:27.773,1.20085,1.20097,3.38,4.81
2012.06.13 15:11:28.334,1.20085,1.20097,3.38,4.13
2012.06.13 15:11:29.205,1.20085,1.20096,3.38,1.13
2012.06.13 15:11:29.535,1.20087,1.20096,1.50,1.13
2012.06.13 15:11:29.784,1.20085,1.20097,3.38,4.81
2012.06.13 15:11:31.453,1.20085,1.20096,3.38,1.43
2012.06.13 15:11:31.737,1.20085,1.20097,3.38,4.13
2012.06.13 15:11:32.557,1.20085,1.20097,3.00,1.50
2012.06.13 15:11:32.631,1.20088,1.20098,1.50,1.50
2012.06.13 15:11:33.563,1.20088,1.20098,1.50,1.50
2012.06.13 15:11:33.916,1.20088,1.20097,1.50,3.31
2012.06.13 15:11:34.185,1.20088,1.20097,1.50,2.63
2012.06.13 15:11:35.912,1.20088,1.20098,1.50,4.88
2012.06.13 15:11:39.913,1.20088,1.20095,1.50,1.50
2012.06.13 15:11:44.438,1.20088,1.20097,1.50,1.13
2012.06.13 15:11:44.965,1.20088,1.20097,1.50,1.13
2012.06.13 15:11:45.544,1.20088,1.20098,1.50,2.56
2012.06.13 15:11:45.833,1.20085,1.20097,4.88,1.50
2012.06.13 15:11:46.576,1.20085,1.20097,3.38,2.25
2012.06.13 15:11:47.103,1.20085,1.20097,1.50,1.50
2012.06.13 15:11:47.660,1.20085,1.20097,1.50,2.25
2012.06.13 15:11:50.556,1.20085,1.20097,1.50,2.25
2012.06.13 15:11:57.708,1.20085,1.20096,1.50,1.43
2012.06.13 15:12:01.464,1.20085,1.20096,1.50,1.50
2012.06.13 15:12:02.707,1.20085,1.20095,1.50,1.50
2012.06.13 15:12:13.476,1.20088,1.20097,1.50,2.63
2012.06.13 15:12:13.736,1.20088,1.20097,1.50,2.63
2012.06.13 15:12:19.605,1.20086,1.20096,1.50,2.25
2012.06.13 15:12:21.875,1.20086,1.20096,1.50,2.63
2012.06.13 15:12:22.441,1.20086,1.20096,1.50,2.25
2012.06.13 15:12:23.268,1.20086,1.20096,2.25,2.25
2012.06.13 15:12:23.790,1.20086,1.20096,1.50,2.63
2012.06.13 15:12:24.331,1.20086,1.20096,1.50,2.25
2012.06.13 15:12:25.918,1.20086,1.20095,1.50,1.13
2012.06.13 15:12:26.445,1.20086,1.20096,1.50,3.00
2012.06.13 15:12:28.477,1.20086,1.20096,1.50,2.93
2012.06.13 15:12:30.363,1.20086,1.20096,1.50,2.25
2012.06.13 15:12:36.333,1.20086,1.20095,1.50,1.13
2012.06.13 15:12:36.714,1.20086,1.20095,1.50,1.13
2012.06.13 15:12:37.222,1.20086,1.20095,1.50,1.13
2012.06.13 15:12:38.525,1.20086,1.20095,1.50,1.13
2012.06.13 15:12:43.097,1.20086,1.20096,1.50,2.25
2012.06.13 15:12:45.306,1.20086,1.20096,1.50,2.25
2012.06.13 15:12:54.626,1.20086,1.20096,1.50,4.88
2012.06.13 15:13:03.414,1.20086,1.20096,1.50,4.13
2012.06.13 15:13:05.394,1.20086,1.20096,1.50,4.13
2012.06.13 15:13:10.788,1.20086,1.20096,1.50,2.63
2012.06.13 15:13:10.855,1.20086,1.20096,1.50,2.63
2012.06.13 15:13:12.104,1.20086,1.20096,1.50,2.93
2012.06.13 15:13:12.353,1.20084,1.20094,3.38,1.13
2012.06.13 15:13:13.922,1.20084,1.20095,2.63,3.00
2012.06.13 15:13:14.485,1.20084,1.20095,1.88,3.00
2012.06.13 15:13:15.077,1.20083,1.20095,3.50,3.00
2012.06.13 15:13:20.425,1.20083,1.20091,1.00,1.50
2012.06.13 15:13:35.290,1.20083,1.20093,1.00,1.50
2012.06.13 15:13:52.207,1.20083,1.20093,1.00,2.63
2012.06.13 15:13:52.762,1.20083,1.20093,1.00,2.63
2012.06.13 15:13:53.363,1.20083,1.20093,1.00,1.50
2012.06.13 15:13:54.822,1.20083,1.20093,1.00,2.25
2012.06.13 15:13:58.603,1.20083,1.20092,1.00,3.00
2012.06.13 15:13:59.138,1.20083,1.20092,1.00,2.25
2012.06.13 15:14:05.524,1.20083,1.20091,3.00,1.50
2012.06.13 15:14:07.505,1.20083,1.20091,1.00,2.25
2012.06.13 15:14:08.043,1.20083,1.20091,1.00,3.00
2012.06.13 15:14:08.974,1.20083,1.20091,1.00,3.00
2012.06.13 15:14:11.653,1.20083,1.20091,1.00,3.75
2012.06.13 15:14:20.853,1.20083,1.20091,1.00,2.25
2012.06.13 15:14:21.263,1.20083,1.20092,3.00,1.50
2012.06.13 15:14:43.946,1.20083,1.20091,1.00,2.25
2012.06.13 15:14:44.913,1.20084,1.20093,1.50,4.13
2012.06.13 15:14:45.606,1.20084,1.20091,1.50,1.88
2012.06.13 15:14:46.435,1.20083,1.20091,1.00,1.88
2012.06.13 15:14:46.971,1.20083,1.2009,1.00,2.93
2012.06.13 15:14:47.472,1.20083,1.20091,1.00,3.38
2012.06.13 15:14:50.404,1.20083,1.2009,1.00,1.50
2012.06.13 15:14:55.936,1.20083,1.20088,1.00,2.56
2012.06.13 15:14:56.744,1.20083,1.20089,1.00,1.50
2012.06.13 15:14:58.511,1.20083,1.20091,1.00,2.63
2012.06.13 15:14:58.835,1.20083,1.20091,1.00,1.88
2012.06.13 15:14:59.754,1.20083,1.2009,1.00,1.43
2012.06.13 15:15:00.270,1.20083,1.2009,1.00,2.18
2012.06.13 15:15:01.493,1.20083,1.20088,1.00,2.25
2012.06.13 15:15:02.035,1.20083,1.20089,1.00,1.50
2012.06.13 15:15:02.354,1.20083,1.20091,1.00,5.63
2012.06.13 15:15:02.811,1.20083,1.20091,1.00,4.88
2012.06.13 15:15:04.471,1.20083,1.20091,1.00,3.38
2012.06.13 15:15:05.736,1.20083,1.20089,1.00,1.06
2012.06.13 15:15:07.071,1.20083,1.20088,1.00,2.25
2012.06.13 15:15:08.767,1.20083,1.20088,1.00,1.50
2012.06.13 15:15:08.973,1.20083,1.20088,1.00,2.25
2012.06.13 15:15:10.031,1.20083,1.20089,1.00,3.68
2012.06.13 15:15:10.536,1.20083,1.20089,1.00,2.63
2012.06.13 15:15:10.612,1.20083,1.20089,1.00,3.38
2012.06.13 15:15:14.373,1.20083,1.20088,1.00,2.25
2012.06.13 15:15:16.045,1.20083,1.20088,1.00,2.25
2012.06.13 15:15:16.921,1.20083,1.20088,1.00,2.25
2012.06.13 15:15:18.135,1.20083,1.20088,1.00,2.25
2012.06.13 15:15:19.812,1.20083,1.20088,1.00,2.25
2012.06.13 15:15:23.743,1.20083,1.20087,1.00,2.18
2012.06.13 15:15:24.263,1.20083,1.20086,1.00,2.25
2012.06.13 15:15:28.492,1.20083,1.20086,1.00,2.25
2012.06.13 15:15:29.244,1.20083,1.20086,1.00,1.50
2012.06.13 15:15:29.314,1.20083,1.20086,1.00,2.25
2012.06.13 15:15:33.523,1.20083,1.20086,1.00,2.25
2012.06.13 15:15:36.682,1.20083,1.20086,1.00,1.88
2012.06.13 15:15:37.682,1.20083,1.20086,1.00,2.25
2012.06.13 15:15:40.348,1.20083,1.20086,1.00,2.63
2012.06.13 15:15:40.894,1.20083,1.20086,1.00,2.25
2012.06.13 15:15:45.292,1.20083,1.20086,1.00,1.50
2012.06.13 15:15:46.147,1.20083,1.20086,1.00,1.13
2012.06.13 15:15:48.403,1.20083,1.20086,1.00,1.13
2012.06.13 15:15:51.203,1.20083,1.20086,1.00,2.56
2012.06.13 15:15:51.704,1.20083,1.20087,1.00,2.25
2012.06.13 15:15:53.912,1.20083,1.20087,1.00,2.93
2012.06.13 15:15:54.508,1.20083,1.20087,1.00,2.25
2012.06.13 15:15:56.654,1.20083,1.20087,1.00,1.50
2012.06.13 15:15:58.534,1.20083,1.20087,1.00,3.75
2012.06.13 15:16:01.226,1.20083,1.20087,1.00,1.50
2012.06.13 15:16:01.772,1.20083,1.20087,1.00,2.25
2012.06.13 15:16:05.455,1.20083,1.20087,1.00,2.25
2012.06.13 15:16:06.023,1.20083,1.20087,1.00,2.25
2012.06.13 15:16:11.154,1.20083,1.20087,1.00,2.25
2012.06.13 15:16:12.054,1.20083,1.20087,1.00,2.63
2012.06.13 15:16:12.594,1.20083,1.20087,1.00,2.25
2012.06.13 15:16:19.690,1.20083,1.20087,1.00,2.25
2012.06.13 15:16:24.105,1.20083,1.20089,1.00,1.50
2012.06.13 15:16:31.202,1.20083,1.20089,1.00,2.25
2012.06.13 15:16:31.345,1.20083,1.20089,1.00,2.25
2012.06.13 15:17:00.029,1.20083,1.20088,1.00,2.25
2012.06.13 15:17:00.651,1.20083,1.20088,1.00,2.25
2012.06.13 15:17:01.554,1.20083,1.20088,1.00,1.50
2012.06.13 15:17:12.509,1.20083,1.20088,1.00,3.31
2012.06.13 15:17:13.230,1.20083,1.20088,1.00,1.50
2012.06.13 15:17:17.236,1.20083,1.20088,1.00,2.25
2012.06.13 15:17:18.653,1.20083,1.20088,1.00,1.50
2012.06.13 15:17:19.453,1.20083,1.20089,1.00,4.50
2012.06.13 15:17:21.871,1.20083,1.20089,1.00,1.50
2012.06.13 15:17:24.573,1.20083,1.20088,1.00,2.25
2012.06.13 15:17:25.785,1.20083,1.20088,1.00,1.50
2012.06.13 15:17:26.758,1.20083,1.20088,1.00,2.25
2012.06.13 15:17:33.533,1.20083,1.20087,1.00,1.50
2012.06.13 15:17:35.624,1.20083,1.20088,1.00,3.38
2012.06.13 15:17:37.071,1.20083,1.20088,1.00,3.38
2012.06.13 15:17:37.322,1.20083,1.20088,1.00,3.38
2012.06.13 15:17:42.046,1.20083,1.20087,1.00,1.50
2012.06.13 15:17:49.833,1.20083,1.20085,1.00,1.06
2012.06.13 15:17:49.963,1.20076,1.20087,2.63,1.50
2012.06.13 15:17:50.255,1.20083,1.20087,1.00,1.50
2012.06.13 15:17:56.347,1.20083,1.20088,1.00,3.38
2012.06.13 15:17:58.370,1.20083,1.20088,1.00,5.18
2012.06.13 15:17:58.587,1.20083,1.20088,1.00,3.38
2012.06.13 15:18:00.068,1.20083,1.20088,1.00,4.13
2012.06.13 15:18:00.219,1.20083,1.20088,1.00,4.13
2012.06.13 15:18:00.297,1.20083,1.20088,1.00,4.81
2012.06.13 15:18:01.106,1.20083,1.20088,1.00,4.13
2012.06.13 15:18:02.564,1.20083,1.20088,1.00,4.13
2012.06.13 15:18:03.437,1.20083,1.20088,1.00,3.38
2012.06.13 15:18:04.315,1.20083,1.20088,1.00,4.13
2012.06.13 15:18:05.183,1.20083,1.20088,1.00,2.25
2012.06.13 15:18:05.725,1.20083,1.20088,1.00,2.25
2012.06.13 15:18:06.238,1.20083,1.20088,1.00,2.25
2012.06.13 15:18:06.623,1.20083,1.20088,1.00,3.00
2012.06.13 15:18:06.692,1.20083,1.20088,1.00,2.25
2012.06.13 15:18:07.214,1.20083,1.20088,1.00,3.75
2012.06.13 15:18:08.024,1.20083,1.20089,1.00,2.25
2012.06.13 15:18:09.384,1.20083,1.20089,1.00,5.63
2012.06.13 15:18:09.524,1.20083,1.20088,1.00,2.25
2012.06.13 15:18:22.352,1.20083,1.20088,1.00,1.50
2012.06.13 15:18:26.924,1.20083,1.20089,1.00,1.88
2012.06.13 15:18:28.624,1.20083,1.20087,1.00,1.88
2012.06.13 15:18:29.235,1.20083,1.20087,1.00,1.50
2012.06.13 15:18:30.092,1.20083,1.20089,1.00,4.88
2012.06.13 15:18:31.883,1.20083,1.20089,1.00,2.25
2012.06.13 15:18:32.425,1.20083,1.20089,1.00,6.75
2012.06.13 15:18:32.963,1.20083,1.20087,1.00,1.50
2012.06.13 15:18:33.675,1.20083,1.20087,1.00,1.50
2012.06.13 15:18:34.213,1.20083,1.20089,1.00,1.88
2012.06.13 15:18:35.764,1.20083,1.20089,1.00,2.63
2012.06.13 15:18:38.851,1.20083,1.20086,1.00,1.50
2012.06.13 15:18:41.523,1.20083,1.20088,1.00,2.63
2012.06.13 15:18:41.675,1.20083,1.20088,1.00,4.43
2012.06.13 15:18:41.813,1.20083,1.20088,1.00,1.88
2012.06.13 15:18:42.654,1.20083,1.20088,1.00,2.63
2012.06.13 15:18:44.707,1.20083,1.20086,1.00,1.50
2012.06.13 15:18:46.253,1.20083,1.20086,1.00,2.25
2012.06.13 15:19:30.637,1.20083,1.20084,1.00,1.50
2012.06.13 15:19:31.428,1.20083,1.20085,1.00,2.03
2012.06.13 15:19:34.997,1.20083,1.20084,1.00,1.35
2012.06.13 15:19:38.854,1.20083,1.20086,1.00,1.50
2012.06.13 15:19:45.196,1.20083,1.20087,1.00,3.27
2012.06.13 15:19:47.463,1.20083,1.20087,1.00,1.77
2012.06.13 15:19:54.929,1.20083,1.20087,1.00,1.77
2012.06.13 15:19:55.487,1.20083,1.20087,1.00,1.77
2012.06.13 15:19:59.020,1.20083,1.20088,1.00,1.50
2012.06.13 15:20:00.358,1.20083,1.20088,1.00,3.00
2012.06.13 15:20:00.862,1.20083,1.20088,1.00,2.25
2012.06.13 15:20:21.476,1.20083,1.20084,1.00,1.88
2012.06.13 15:20:21.891,1.20083,1.20088,1.00,1.50
2012.06.13 15:20:22.295,1.20083,1.20088,1.00,3.31
2012.06.13 15:20:22.645,1.20083,1.20089,1.00,3.38
2012.06.13 15:20:23.677,1.20083,1.20088,1.00,4.50
2012.06.13 15:20:26.328,1.20083,1.20086,1.00,2.25
2012.06.13 15:20:26.852,1.20083,1.20086,1.00,1.50
2012.06.13 15:20:27.193,1.20083,1.20086,1.00,2.25
2012.06.13 15:20:38.684,1.20083,1.20086,1.00,1.88
2012.06.13 15:20:38.822,1.20083,1.20086,1.00,2.25
2012.06.13 15:20:43.225,1.20083,1.20086,1.00,1.50
2012.06.13 15:20:45.756,1.20083,1.20085,1.00,1.50
2012.06.13 15:20:47.008,1.20083,1.20087,1.00,1.50
2012.06.13 15:20:47.229,1.20083,1.20089,1.00,1.50
2012.06.13 15:20:47.809,1.20083,1.20091,1.00,4.88
2012.06.13 15:20:49.546,1.20083,1.20091,1.00,3.38
2012.06.13 15:20:50.657,1.20083,1.2009,1.00,1.13
2012.06.13 15:20:50.805,1.20083,1.20091,1.00,4.13
2012.06.13 15:20:54.820,1.20083,1.20091,1.00,4.50
2012.06.13 15:21:15.537,1.20083,1.20091,1.00,3.00
2012.06.13 15:21:17.663,1.20083,1.20091,1.00,2.63
2012.06.13 15:21:19.233,1.20083,1.20091,1.00,6.38
2012.06.13 15:21:21.103,1.20083,1.20089,1.00,1.88
2012.06.13 15:21:21.701,1.20083,1.20088,1.00,1.13
2012.06.13 15:21:24.466,1.20083,1.20088,1.00,2.25
2012.06.13 15:21:27.312,1.20083,1.20087,1.00,1.50
2012.06.13 15:21:30.836,1.20083,1.2009,1.00,3.38
2012.06.13 15:21:32.610,1.20083,1.2009,1.00,5.18
2012.06.13 15:21:33.264,1.20083,1.2009,1.00,3.75
2012.06.13 15:21:33.761,1.20083,1.20089,1.00,3.38
2012.06.13 15:21:34.279,1.20083,1.20089,1.00,2.25
2012.06.13 15:21:35.335,1.20083,1.20089,1.00,2.18
2012.06.13 15:21:35.954,1.20083,1.2009,1.00,1.88
2012.06.13 15:21:36.521,1.20083,1.2009,1.00,2.63
2012.06.13 15:21:36.866,1.20083,1.2009,1.00,1.88
2012.06.13 15:21:37.079,1.20083,1.2009,1.00,2.63
2012.06.13 15:21:39.456,1.20083,1.2009,1.00,1.88
2012.06.13 15:21:40.703,1.20083,1.2009,1.00,4.13
2012.06.13 15:21:41.857,1.20083,1.2009,1.00,3.38
2012.06.13 15:21:41.943,1.20083,1.2009,1.00,3.38
2012.06.13 15:21:42.499,1.20083,1.2009,1.00,5.93
2012.06.13 15:21:42.577,1.20083,1.2009,1.00,5.63
2012.06.13 15:21:42.656,1.20083,1.2009,1.00,6.38
2012.06.13 15:21:45.092,1.20083,1.20087,1.00,1.50
2012.06.13 15:21:45.425,1.20083,1.20087,1.00,1.50
2012.06.13 15:21:45.638,1.20083,1.20087,1.00,1.50
2012.06.13 15:21:46.764,1.20083,1.20087,1.00,2.25
2012.06.13 15:21:47.315,1.20083,1.20087,1.00,1.88
2012.06.13 15:21:47.888,1.20083,1.20087,1.00,3.31
2012.06.13 15:21:48.486,1.20083,1.20087,1.00,2.25
2012.06.13 15:21:49.023,1.20083,1.20087,1.00,1.50
2012.06.13 15:21:53.034,1.20083,1.20087,1.00,2.25
2012.06.13 15:21:53.181,1.20083,1.20087,1.00,5.25
2012.06.13 15:21:58.187,1.20083,1.20088,1.00,1.50
2012.06.13 15:22:02.373,1.20083,1.20088,1.00,2.25
2012.06.13 15:22:03.475,1.20083,1.20088,1.00,1.50
2012.06.13 15:22:04.023,1.20083,1.20088,1.00,4.13
2012.06.13 15:22:04.565,1.20083,1.20088,1.00,4.13
2012.06.13 15:22:05.127,1.20083,1.20088,1.00,4.13
2012.06.13 15:22:05.664,1.20083,1.20088,1.00,3.38
2012.06.13 15:22:06.509,1.20083,1.20088,1.00,4.13
2012.06.13 15:22:07.073,1.20083,1.20087,1.00,3.00
2012.06.13 15:22:08.197,1.20083,1.20086,1.00,1.88
2012.06.13 15:22:20.045,1.20083,1.20085,1.00,2.25
2012.06.13 15:22:21.478,1.20083,1.20085,1.00,1.50
2012.06.13 15:22:22.283,1.20083,1.20087,1.00,1.88
2012.06.13 15:22:22.427,1.20083,1.20087,1.00,2.63
2012.06.13 15:22:23.473,1.20083,1.20087,1.00,2.63
2012.06.13 15:22:24.008,1.20083,1.20087,1.00,1.88
2012.06.13 15:22:24.964,1.20083,1.20085,1.00,1.50
2012.06.13 15:22:26.068,1.20083,1.20087,1.00,3.38
2012.06.13 15:22:28.322,1.20083,1.20087,1.00,4.13
2012.06.13 15:22:29.642,1.20083,1.20087,1.00,4.13
2012.06.13 15:22:31.194,1.20083,1.20087,1.00,5.18
2012.06.13 15:22:32.834,1.20083,1.20087,1.00,4.13
2012.06.13 15:22:35.361,1.20083,1.20087,1.00,5.18
2012.06.13 15:22:35.574,1.20083,1.20087,1.00,3.38
2012.06.13 15:22:36.445,1.20083,1.20087,1.00,3.75
2012.06.13 15:22:39.543,1.20083,1.20087,1.00,4.13
2012.06.13 15:22:41.045,1.20083,1.20087,1.00,6.53
2012.06.13 15:22:41.245,1.20083,1.20087,1.00,2.10
2012.06.13 15:22:42.188,1.20083,1.20087,1.00,1.88
2012.06.13 15:22:44.940,1.20083,1.20087,1.00,1.50
2012.06.13 15:22:46.384,1.20083,1.20087,1.00,3.75
2012.06.13 15:22:46.941,1.20083,1.20087,1.00,3.38
2012.06.13 15:22:49.004,1.20083,1.20087,1.00,5.18
2012.06.13 15:22:49.416,1.20083,1.20087,1.00,3.38
2012.06.13 15:22:50.997,1.20083,1.20087,1.00,4.13
2012.06.13 15:22:51.598,1.20083,1.20087,1.00,3.38
2012.06.13 15:22:51.963,1.20083,1.20087,1.00,3.38
2012.06.13 15:22:52.413,1.20083,1.20087,1.00,3.38
2012.06.13 15:22:53.426,1.20083,1.20087,1.00,3.75
2012.06.13 15:22:53.637,1.2008,1.20085,1.00,1.81
2012.06.13 15:22:53.858,1.2008,1.20087,1.00,3.38
2012.06.13 15:22:54.007,1.20083,1.20087,0.50,3.38
2012.06.13 15:22:54.574,1.20083,1.20087,0.50,2.10
2012.06.13 15:22:55.157,1.20083,1.20087,0.50,1.50
2012.06.13 15:22:56.274,1.20083,1.20087,0.50,2.25
2012.06.13 15:22:57.994,1.20083,1.20087,0.50,1.50
2012.06.13 15:22:59.554,1.20083,1.20087,0.50,3.31
2012.06.13 15:22:59.695,1.20083,1.20087,0.50,1.50
2012.06.13 15:23:00.351,1.20083,1.20088,0.50,5.63
2012.06.13 15:23:13.355,1.20083,1.20086,0.50,2.25
2012.06.13 15:23:13.928,1.20083,1.20086,0.50,1.50
2012.06.13 15:23:28.625,1.20083,1.20088,0.50,1.50
2012.06.13 15:23:29.034,1.20083,1.20088,0.50,3.31
2012.06.13 15:23:29.175,1.20083,1.20088,0.50,1.50
2012.06.13 15:23:29.504,1.20083,1.20088,0.50,2.25
2012.06.13 15:23:29.645,1.20083,1.20088,0.50,1.50
2012.06.13 15:23:30.275,1.20083,1.20088,0.50,1.50
2012.06.13 15:23:30.484,1.20083,1.20088,0.50,2.25
2012.06.13 15:23:30.958,1.20083,1.20088,0.50,1.50
2012.06.13 15:23:32.218,1.20083,1.20088,0.50,1.88
2012.06.13 15:23:32.915,1.20083,1.20088,0.50,1.88
2012.06.13 15:23:34.287,1.20083,1.20087,0.50,2.25
2012.06.13 15:23:34.762,1.20083,1.20087,0.50,3.68
2012.06.13 15:23:35.034,1.20083,1.20087,0.50,1.88
2012.06.13 15:23:35.343,1.20083,1.20087,0.50,2.63
2012.06.13 15:23:35.743,1.20083,1.20087,0.50,1.88
2012.06.13 15:23:36.943,1.20083,1.20088,0.50,1.50
2012.06.13 15:23:40.308,1.20083,1.20088,0.50,4.13
2012.06.13 15:23:40.452,1.20083,1.20088,0.50,3.38
2012.06.13 15:23:41.015,1.20083,1.20088,0.50,3.38
2012.06.13 15:23:42.685,1.20083,1.20088,0.50,4.13
2012.06.13 15:23:44.665,1.20083,1.20088,0.50,4.88
2012.06.13 15:23:44.886,1.20083,1.20087,0.50,1.81
2012.06.13 15:23:45.096,1.20083,1.20088,0.50,4.13
2012.06.13 15:23:45.448,1.20083,1.20088,0.50,5.93
2012.06.13 15:23:46.049,1.20083,1.20088,0.50,4.13
2012.06.13 15:23:46.571,1.20083,1.20086,0.50,2.25
2012.06.13 15:23:50.195,1.20083,1.20085,0.50,2.25
2012.06.13 15:23:50.754,1.20083,1.20085,0.50,1.50
2012.06.13 15:24:12.834,1.20083,1.20087,0.50,3.00
2012.06.13 15:24:22.524,1.20083,1.20087,0.50,2.63
2012.06.13 15:24:23.448,1.20083,1.20087,0.50,1.50
2012.06.13 15:24:29.404,1.20083,1.20087,0.50,3.00
2012.06.13 15:24:30.059,1.20083,1.20087,0.50,2.25
2012.06.13 15:24:31.555,1.20083,1.20087,0.50,4.06
2012.06.13 15:24:31.763,1.20083,1.20087,0.50,2.25
2012.06.13 15:24:35.564,1.20083,1.20089,0.50,3.00
2012.06.13 15:24:35.847,1.20083,1.20089,0.50,3.00
2012.06.13 15:24:36.362,1.20083,1.20089,0.50,3.68
2012.06.13 15:24:36.826,1.20083,1.20089,0.50,4.50
2012.06.13 15:24:37.973,1.20083,1.20089,0.50,5.63
2012.06.13 15:24:38.599,1.20083,1.20089,0.50,4.88
2012.06.13 15:24:38.734,1.20083,1.20087,0.50,1.50
2012.06.13 15:24:38.806,1.20083,1.20087,0.50,1.50
2012.06.13 15:24:39.134,1.20083,1.20087,0.50,2.25
2012.06.13 15:24:40.111,1.20083,1.20087,0.50,1.50
2012.06.13 15:24:40.254,1.20083,1.20087,0.50,2.25
2012.06.13 15:24:40.444,1.20083,1.20088,0.50,2.25
2012.06.13 15:24:41.563,1.20083,1.20087,0.50,3.00
2012.06.13 15:24:42.356,1.20083,1.20086,0.50,1.50
2012.06.13 15:24:53.325,1.20083,1.20086,0.50,2.25
2012.06.13 15:24:53.966,1.20083,1.20086,0.50,1.88
2012.06.13 15:24:54.493,1.20083,1.20086,0.50,1.50
2012.06.13 15:24:55.193,1.20083,1.20086,0.50,2.25
2012.06.13 15:24:55.721,1.20083,1.20086,0.50,1.50
2012.06.13 15:24:57.052,1.20083,1.20086,0.50,2.25
2012.06.13 15:24:57.594,1.20083,1.20086,0.50,2.25
2012.06.13 15:25:05.687,1.20083,1.20086,0.50,1.88
2012.06.13 15:25:06.282,1.20083,1.20086,0.50,1.50
2012.06.13 15:25:11.452,1.20083,1.20086,0.50,2.63
2012.06.13 15:25:12.494,1.20083,1.20086,0.50,2.25
2012.06.13 15:25:12.763,1.20083,1.20086,0.50,4.06
2012.06.13 15:25:12.935,1.20083,1.20086,0.50,2.25
2012.06.13 15:25:14.034,1.20083,1.20086,0.50,1.88
2012.06.13 15:25:14.283,1.20083,1.20088,0.50,3.00
2012.06.13 15:25:14.518,1.20083,1.20088,0.50,3.00
2012.06.13 15:25:16.044,1.20083,1.20087,0.50,1.50
2012.06.13 15:25:16.695,1.20083,1.20088,0.50,3.00
2012.06.13 15:25:17.027,1.20083,1.20088,0.50,3.00
2012.06.13 15:25:17.283,1.20083,1.20088,0.50,2.25
2012.06.13 15:25:18.199,1.20083,1.20088,0.50,2.56
2012.06.13 15:25:19.765,1.20083,1.20088,0.50,2.25
2012.06.13 15:25:22.412,1.20083,1.20088,0.50,4.06
2012.06.13 15:25:22.735,1.20083,1.20088,0.50,2.63
2012.06.13 15:25:23.247,1.20083,1.20088,0.50,3.00
2012.06.13 15:25:23.729,1.20083,1.20088,0.50,3.00
2012.06.13 15:25:23.804,1.20083,1.20088,0.50,2.25
2012.06.13 15:25:24.426,1.20083,1.20088,0.50,3.00
2012.06.13 15:25:25.472,1.20083,1.20088,0.50,2.25
2012.06.13 15:25:26.202,1.20083,1.20088,0.50,2.25
2012.06.13 15:25:26.713,1.20083,1.20088,0.50,2.25
2012.06.13 15:25:26.785,1.20083,1.20088,0.50,3.00
2012.06.13 15:25:26.854,1.20083,1.20088,0.50,2.25
2012.06.13 15:25:27.355,1.20083,1.20088,0.50,3.00
2012.06.13 15:25:27.904,1.20083,1.20088,0.50,3.00
2012.06.13 15:25:28.577,1.20083,1.20088,0.50,3.00
2012.06.13 15:25:28.942,1.20083,1.20088,0.50,2.56
2012.06.13 15:25:29.482,1.20083,1.20088,0.50,1.50
2012.06.13 15:25:29.552,1.20083,1.20088,0.50,2.25
2012.06.13 15:25:29.627,1.20083,1.20088,0.50,2.25
2012.06.13 15:25:29.965,1.20083,1.20088,0.50,2.25
2012.06.13 15:25:30.326,1.20083,1.20088,0.50,1.50
2012.06.13 15:25:30.674,1.20083,1.20088,0.50,2.25
2012.06.13 15:25:30.745,1.20083,1.20088,0.50,2.56
2012.06.13 15:25:30.885,1.20083,1.20088,0.50,2.63
2012.06.13 15:25:31.483,1.20083,1.20088,0.50,2.25
2012.06.13 15:25:31.557,1.20083,1.20088,0.50,2.63
2012.06.13 15:25:31.625,1.2008,1.20088,1.00,2.25
2012.06.13 15:25:32.268,1.2008,1.20088,1.00,2.25
2012.06.13 15:25:33.981,1.2008,1.20085,1.00,1.81
2012.06.13 15:25:34.542,1.2008,1.20087,1.00,1.81
2012.06.13 15:25:36.022,1.2008,1.20087,1.00,2.25
2012.06.13 15:25:40.275,1.2008,1.20087,1.00,2.25
2012.06.13 15:25:40.479,1.2008,1.20087,1.00,3.31
2012.06.13 15:25:40.624,1.2008,1.20087,1.00,1.50
2012.06.13 15:25:40.695,1.2008,1.20087,1.00,2.25
2012.06.13 15:25:42.336,1.2008,1.20087,1.00,1.50
2012.06.13 15:25:42.582,1.2008,1.20087,1.00,1.50
2012.06.13 15:25:44.694,1.2008,1.20087,1.00,2.25
2012.06.13 15:25:44.881,1.2008,1.20087,1.00,1.50
2012.06.13 15:25:48.494,1.2008,1.20087,1.00,2.25
2012.06.13 15:25:49.341,1.2008,1.20087,1.00,1.50
2012.06.13 15:25:52.331,1.2008,1.20087,1.00,1.50
2012.06.13 15:26:02.112,1.2008,1.20086,1.00,1.88
2012.06.13 15:26:02.253,1.2008,1.20088,1.00,4.13
2012.06.13 15:26:02.465,1.2008,1.20088,1.00,4.43
2012.06.13 15:26:04.785,1.2008,1.20086,1.00,2.18
2012.06.13 15:26:05.554,1.2008,1.20087,1.00,2.25
2012.06.13 15:26:12.257,1.2008,1.20085,1.00,3.31
2012.06.13 15:26:13.372,1.2008,1.20085,1.00,1.50
2012.06.13 15:26:14.114,1.2008,1.20085,1.00,1.88
2012.06.13 15:26:14.643,1.2008,1.20085,1.00,2.25
2012.06.13 15:26:15.205,1.2008,1.20085,1.00,2.25
2012.06.13 15:26:15.754,1.2008,1.20085,1.00,1.50
2012.06.13 15:26:20.384,1.2008,1.20085,1.00,1.88
2012.06.13 15:26:21.149,1.2008,1.20085,1.00,1.50
2012.06.13 15:26:21.378,1.2008,1.20087,1.00,2.25
2012.06.13 15:26:22.476,1.2008,1.20087,1.00,4.06
2012.06.13 15:26:23.619,1.2008,1.20087,1.00,2.25
2012.06.13 15:26:26.572,1.2008,1.20087,1.00,4.06
2012.06.13 15:26:27.024,1.2008,1.20087,1.00,2.25
2012.06.13 15:26:27.155,1.2008,1.20087,1.00,3.00
2012.06.13 15:26:27.476,1.2008,1.20087,1.00,2.25
2012.06.13 15:26:29.134,1.2008,1.20087,1.00,4.06
2012.06.13 15:26:29.202,1.2008,1.20087,1.00,2.25
2012.06.13 15:26:29.406,1.2008,1.20087,1.00,3.00
2012.06.13 15:26:29.534,1.2008,1.20087,1.00,2.25
2012.06.13 15:26:41.005,1.2008,1.20088,1.00,2.25
2012.06.13 15:26:42.604,1.2008,1.20088,1.00,3.00
2012.06.13 15:27:06.893,1.2008,1.20088,1.00,1.50
2012.06.13 15:27:09.133,1.2008,1.20088,1.00,2.25
2012.06.13 15:27:10.682,1.2008,1.20088,1.00,1.50
2012.06.13 15:27:12.703,1.2008,1.20088,1.00,2.25
2012.06.13 15:27:13.452,1.2008,1.20088,1.00,2.25
2012.06.13 15:27:39.932,1.2008,1.20088,1.00,2.25
2012.06.13 15:27:41.471,1.2008,1.20088,1.00,2.25
2012.06.13 15:27:44.864,1.2008,1.20088,1.00,2.25
2012.06.13 15:27:45.427,1.2008,1.20088,1.00,1.50
2012.06.13 15:27:46.543,1.2008,1.20088,1.00,2.25
2012.06.13 15:27:46.614,1.2008,1.20087,1.00,3.75
2012.06.13 15:27:50.036,1.2008,1.20086,1.00,3.00
2012.06.13 15:27:50.828,1.2008,1.20085,1.00,1.50
2012.06.13 15:28:19.795,1.2008,1.20088,1.00,1.50
2012.06.13 15:29:00.215,1.2008,1.20088,1.00,3.31
2012.06.13 15:29:00.358,1.2008,1.20088,1.00,1.50
2012.06.13 15:29:07.354,1.2008,1.20089,1.00,2.25
2012.06.13 15:29:12.686,1.2008,1.20087,1.00,1.81
2012.06.13 15:29:12.896,1.2008,1.20089,1.00,3.00
2012.06.13 15:29:13.419,1.2008,1.20089,1.00,3.00
2012.06.13 15:29:13.567,1.2008,1.20088,1.00,2.25
2012.06.13 15:29:16.424,1.2008,1.20088,1.00,4.43
2012.06.13 15:29:16.494,1.2008,1.20088,1.00,2.25
2012.06.13 15:29:23.995,1.2008,1.20087,1.00,2.25
2012.06.13 15:29:24.529,1.2008,1.20087,1.00,2.18
2012.06.13 15:29:26.751,1.2008,1.20088,1.00,3.75
2012.06.13 15:29:27.995,1.2008,1.20087,1.00,2.18
2012.06.13 15:29:28.548,1.2008,1.20086,1.00,2.25
2012.06.13 15:29:28.623,1.2008,1.20086,1.00,3.31
2012.06.13 15:29:30.624,1.2008,1.20086,1.00,1.88
2012.06.13 15:29:31.666,1.2008,1.20086,1.00,1.50
2012.06.13 15:29:32.213,1.2008,1.20086,1.00,1.88
2012.06.13 15:29:38.278,1.2008,1.20084,1.00,1.50
2012.06.13 15:29:49.694,1.2008,1.20083,1.00,1.50
2012.06.13 15:29:54.143,1.2008,1.20086,1.00,2.25
2012.06.13 15:30:13.735,1.2008,1.20087,1.25,2.25
2012.06.13 15:30:15.553,1.2008,1.20088,1.25,1.50
2012.06.13 15:30:15.624,1.2008,1.20088,1.25,2.25
2012.06.13 15:30:48.985,1.2008,1.20087,1.25,1.50
2012.06.13 15:30:50.772,1.2008,1.20088,1.25,2.25
2012.06.13 15:30:51.320,1.2008,1.20088,1.25,2.18
2012.06.13 15:30:59.725,1.2008,1.20088,1.25,2.55
2012.06.13 15:31:00.952,1.2008,1.20088,1.25,1.43
2012.06.13 15:31:01.564,1.2008,1.20089,1.25,2.25
2012.06.13 15:31:02.122,1.2008,1.20089,1.25,4.13
2012.06.13 15:31:03.353,1.2008,1.20089,1.25,4.13
2012.06.13 15:31:03.451,1.2008,1.20089,1.25,4.13
2012.06.13 15:31:06.652,1.2008,1.20088,1.25,3.31
2012.06.13 15:31:06.782,1.2008,1.20088,1.25,1.50
2012.06.13 15:31:12.334,1.2008,1.20089,1.25,1.50
2012.06.13 15:31:13.575,1.2008,1.2009,1.25,4.88
2012.06.13 15:31:14.148,1.2008,1.2009,1.25,6.00
2012.06.13 15:31:17.307,1.2008,1.20089,1.25,1.13
2012.06.13 15:31:18.005,1.2008,1.20089,1.25,1.13
2012.06.13 15:31:21.405,1.2008,1.20089,1.25,4.13
2012.06.13 15:31:41.413,1.2008,1.20086,1.25,1.50
2012.06.13 15:31:59.073,1.20081,1.20086,0.25,1.50
2012.06.13 15:32:02.003,1.20081,1.20086,0.25,2.25
2012.06.13 15:32:07.605,1.20081,1.20086,0.25,1.50
2012.06.13 15:32:24.102,1.20081,1.20089,0.25,4.13
2012.06.13 15:32:26.018,1.20081,1.20089,0.25,1.50
2012.06.13 15:32:26.667,1.20081,1.20089,0.25,2.25
2012.06.13 15:32:27.277,1.20081,1.20089,0.25,1.88
2012.06.13 15:32:31.129,1.20081,1.20087,0.25,1.81
2012.06.13 15:32:31.276,1.20081,1.20089,0.25,2.25
2012.06.13 15:32:34.116,1.20081,1.20089,0.25,4.50
2012.06.13 15:32:34.585,1.20081,1.20089,0.25,4.50
2012.06.13 15:32:41.056,1.20081,1.20088,0.25,1.81
2012.06.13 15:32:41.184,1.20081,1.20089,0.25,4.13
2012.06.13 15:32:46.124,1.20081,1.20088,0.25,3.38
2012.06.13 15:32:54.978,1.20081,1.20086,0.25,2.25
2012.06.13 15:32:56.996,1.20081,1.20088,0.25,1.50
2012.06.13 15:33:03.396,1.20081,1.20088,0.25,1.88
2012.06.13 15:33:04.284,1.20081,1.20088,0.25,1.50
2012.06.13 15:33:05.237,1.20081,1.20088,0.25,2.25
2012.06.13 15:33:05.442,1.20081,1.20088,0.25,1.50
2012.06.13 15:33:14.280,1.20081,1.20089,0.25,2.63
2012.06.13 15:33:15.364,1.20081,1.20089,0.25,3.00
2012.06.13 15:33:16.749,1.20081,1.20089,0.25,2.63
2012.06.13 15:33:17.519,1.20081,1.20089,0.25,4.35
2012.06.13 15:33:18.259,1.20081,1.20087,0.25,2.25
2012.06.13 15:33:21.003,1.20081,1.20087,0.25,3.00
2012.06.13 15:33:22.219,1.20081,1.20087,0.25,2.25
2012.06.13 15:33:22.720,1.20081,1.20087,0.25,1.50
2012.06.13 15:33:23.956,1.20081,1.20087,0.25,3.31
2012.06.13 15:33:24.093,1.20081,1.20087,0.25,1.50
2012.06.13 15:33:27.043,1.20081,1.20088,0.25,1.50
2012.06.13 15:33:32.835,1.20081,1.20088,0.25,3.00
2012.06.13 15:33:33.745,1.20081,1.20088,0.25,2.25
2012.06.13 15:33:38.524,1.20081,1.20088,0.25,1.50
2012.06.13 15:33:47.517,1.20081,1.20089,0.25,1.13
2012.06.13 15:33:48.153,1.20081,1.2009,0.25,5.67
2012.06.13 15:33:49.022,1.20081,1.2009,0.25,6.04
2012.06.13 15:33:49.232,1.20081,1.2009,0.25,4.92
2012.06.13 15:33:50.844,1.20081,1.2009,0.25,2.67
2012.06.13 15:33:52.754,1.20081,1.20089,0.25,3.75
2012.06.13 15:33:55.075,1.20081,1.20089,0.25,3.38
2012.06.13 15:33:55.619,1.20081,1.20089,0.25,3.75
2012.06.13 15:33:56.199,1.20081,1.20089,0.25,3.38
2012.06.13 15:33:58.924,1.20081,1.20086,0.25,1.50
2012.06.13 15:34:04.613,1.20081,1.20086,0.25,2.63
2012.06.13 15:34:04.692,1.20081,1.20086,0.25,1.88
2012.06.13 15:34:07.673,1.20081,1.20086,0.25,2.25
2012.06.13 15:34:08.228,1.20081,1.20086,0.25,1.50
2012.06.13 15:34:09.553,1.20081,1.20089,0.25,4.50
2012.06.13 15:34:10.063,1.20081,1.20089,0.25,4.50
2012.06.13 15:34:10.604,1.20081,1.20089,0.25,4.50
2012.06.13 15:34:11.506,1.20081,1.20089,0.25,5.25
2012.06.13 15:34:12.057,1.20081,1.20089,0.25,3.38
2012.06.13 15:34:13.558,1.20081,1.20088,0.25,1.81
2012.06.13 15:34:13.641,1.20081,1.20089,0.25,5.25
2012.06.13 15:34:13.786,1.20081,1.20087,0.25,1.13
2012.06.13 15:34:13.855,1.20081,1.20087,0.25,1.13
2012.06.13 15:34:15.060,1.20081,1.20086,0.25,1.50
2012.06.13 15:34:22.723,1.20081,1.20086,0.25,2.56
2012.06.13 15:34:22.859,1.20081,1.20088,0.25,3.38
2012.06.13 15:34:22.937,1.20081,1.20088,0.25,2.63
2012.06.13 15:34:23.082,1.20081,1.20088,0.25,2.25
2012.06.13 15:34:24.947,1.20081,1.20088,0.25,6.91
2012.06.13 15:34:25.477,1.20081,1.20087,0.25,1.13
2012.06.13 15:34:28.883,1.20081,1.20086,0.25,2.25
2012.06.13 15:34:29.427,1.20081,1.20086,0.25,1.50
2012.06.13 15:34:33.015,1.20081,1.20087,0.25,1.13
2012.06.13 15:34:33.628,1.20081,1.20086,0.25,1.50
2012.06.13 15:34:34.396,1.20081,1.20087,0.25,1.50
2012.06.13 15:34:34.957,1.20081,1.20088,0.25,2.63
2012.06.13 15:34:35.471,1.20081,1.20088,0.25,1.50
2012.06.13 15:34:35.838,1.20081,1.20087,0.25,3.08
2012.06.13 15:34:36.125,1.20081,1.20087,0.25,4.95
2012.06.13 15:34:36.689,1.20081,1.20086,0.25,1.50
2012.06.13 15:34:37.247,1.20081,1.20087,0.25,2.25
2012.06.13 15:34:37.798,1.20081,1.20086,0.25,1.88
2012.06.13 15:34:38.638,1.20081,1.20087,0.25,2.25
2012.06.13 15:34:39.375,1.20081,1.20087,0.25,3.00
2012.06.13 15:34:40.273,1.20081,1.20086,0.25,1.50
2012.06.13 15:34:41.864,1.20081,1.20086,0.25,2.63
2012.06.13 15:34:42.426,1.20081,1.20086,0.25,2.25
2012.06.13 15:34:43.169,1.20081,1.20086,0.25,2.25
2012.06.13 15:34:43.718,1.20081,1.20086,0.25,1.50
2012.06.13 15:34:44.277,1.20081,1.20087,0.25,3.00
2012.06.13 15:34:45.747,1.20081,1.20087,0.25,2.25
2012.06.13 15:34:48.106,1.20081,1.20087,0.25,3.00
2012.06.13 15:34:52.676,1.20081,1.20084,0.25,1.50
2012.06.13 15:34:54.259,1.20081,1.20086,0.25,1.50
2012.06.13 15:34:54.857,1.20081,1.20087,0.25,2.25
2012.06.13 15:34:55.419,1.20081,1.20087,0.25,2.25
2012.06.13 15:34:58.135,1.20081,1.20086,0.25,1.13
2012.06.13 15:34:58.702,1.20081,1.20087,0.25,3.00
2012.06.13 15:34:59.975,1.20081,1.20087,0.25,3.00
2012.06.13 15:35:03.716,1.20081,1.20088,0.25,2.25
2012.06.13 15:35:04.301,1.20081,1.20088,0.25,2.56
2012.06.13 15:35:04.515,1.20081,1.20088,0.25,2.25
2012.06.13 15:35:04.845,1.20081,1.20088,0.25,2.25
2012.06.13 15:35:04.986,1.20081,1.20088,0.25,2.25
2012.06.13 15:35:05.540,1.20081,1.20089,0.25,6.83
2012.06.13 15:35:07.142,1.20081,1.20087,0.25,1.50
2012.06.13 15:35:08.686,1.20081,1.20087,0.25,2.25
2012.06.13 15:35:11.071,1.20081,1.20088,0.25,2.25
2012.06.13 15:35:12.857,1.20081,1.20086,0.25,1.50
2012.06.13 15:35:13.430,1.20081,1.20087,0.25,2.25
2012.06.13 15:35:14.128,1.20081,1.20087,0.25,2.25
2012.06.13 15:35:15.256,1.20081,1.20087,0.25,3.00
2012.06.13 15:35:15.463,1.20081,1.20088,0.25,2.25
2012.06.13 15:35:19.088,1.20081,1.20085,0.25,1.50
2012.06.13 15:35:20.346,1.20081,1.20087,0.25,3.75
2012.06.13 15:35:22.815,1.20081,1.20087,0.25,3.00
2012.06.13 15:35:23.324,1.20081,1.20087,0.25,1.50
2012.06.13 15:35:23.858,1.20081,1.20087,0.25,2.25
2012.06.13 15:35:24.759,1.20081,1.20085,0.25,1.50
2012.06.13 15:35:24.994,1.20081,1.20085,0.25,3.31
2012.06.13 15:35:25.345,1.20081,1.20085,0.25,1.50
2012.06.13 15:35:26.466,1.20081,1.20086,0.25,2.25
2012.06.13 15:35:28.103,1.20081,1.20086,0.25,3.00
2012.06.13 15:35:28.632,1.20081,1.20086,0.25,2.25
2012.06.13 15:35:28.916,1.20081,1.20086,0.25,4.06
2012.06.13 15:35:29.044,1.20081,1.20086,0.25,2.25
2012.06.13 15:35:32.364,1.20081,1.20086,0.25,2.25
2012.06.13 15:35:32.895,1.20081,1.20086,0.25,1.50
2012.06.13 15:35:33.708,1.20081,1.20087,0.25,6.38
2012.06.13 15:35:34.254,1.20081,1.20086,0.25,2.25
2012.06.13 15:35:44.028,1.20081,1.20085,0.25,1.50
2012.06.13 15:35:44.850,1.20081,1.20084,0.25,2.25
2012.06.13 15:35:45.447,1.20081,1.20085,0.25,1.50
2012.06.13 15:35:46.393,1.20081,1.20085,0.25,2.25
2012.06.13 15:35:46.557,1.20081,1.20085,0.25,1.50
2012.06.13 15:35:50.657,1.20081,1.20085,0.25,3.31
2012.06.13 15:35:50.808,1.20081,1.20085,0.25,1.50
2012.06.13 15:35:58.086,1.20081,1.20084,0.25,1.50
2012.06.13 15:36:04.380,1.20081,1.20086,0.25,1.50
2012.06.13 15:36:12.220,1.20081,1.20086,0.25,1.88
2012.06.13 15:36:12.789,1.20081,1.20086,0.25,1.50
2012.06.13 15:36:14.166,1.20081,1.20086,0.25,1.88
2012.06.13 15:36:14.707,1.20081,1.20088,0.25,1.50
2012.06.13 15:36:21.854,1.20081,1.20088,0.25,2.25
2012.06.13 15:36:22.194,1.20081,1.20088,0.25,1.50
2012.06.13 15:36:22.456,1.20081,1.20088,0.25,2.25
2012.06.13 15:36:22.977,1.20081,1.20087,0.25,2.25
2012.06.13 15:36:24.452,1.20081,1.20088,0.25,4.50
2012.06.13 15:36:28.068,1.20081,1.20088,0.25,1.50
2012.06.13 15:36:29.105,1.20081,1.20088,0.25,2.25
2012.06.13 15:36:32.535,1.20081,1.20086,0.25,2.25
2012.06.13 15:36:33.074,1.20081,1.20086,0.25,3.00
2012.06.13 15:36:48.451,1.20081,1.20084,0.25,1.13
2012.06.13 15:36:49.896,1.20081,1.20085,0.25,2.25
2012.06.13 15:36:55.881,1.20081,1.20089,0.25,4.88
2012.06.13 15:36:56.392,1.20081,1.20089,0.25,4.13
2012.06.13 15:36:57.113,1.20081,1.20089,0.25,4.88
2012.06.13 15:36:59.640,1.20081,1.20088,0.25,1.50
2012.06.13 15:36:59.785,1.20081,1.20088,0.25,1.50
2012.06.13 15:37:00.575,1.20081,1.20088,0.25,2.25
2012.06.13 15:37:01.393,1.20081,1.20088,0.25,1.50
2012.06.13 15:37:09.729,1.20081,1.20085,0.25,1.50
2012.06.13 15:37:13.735,1.20081,1.20085,0.25,1.88
2012.06.13 15:37:14.254,1.20081,1.20085,0.25,1.50
2012.06.13 15:37:18.287,1.20081,1.20088,0.25,3.75
2012.06.13 15:37:18.423,1.20081,1.20088,0.25,3.00
2012.06.13 15:37:20.183,1.20081,1.20088,0.25,3.75
2012.06.13 15:37:20.515,1.20081,1.20086,0.25,3.75
2012.06.13 15:37:28.227,1.20081,1.20085,0.25,1.50
2012.06.13 15:37:56.537,1.20081,1.20084,0.25,1.50
2012.06.13 15:38:13.714,1.20081,1.20086,0.25,1.50
2012.06.13 15:38:15.226,1.20081,1.20086,0.25,2.25
2012.06.13 15:38:19.026,1.20081,1.20085,0.25,1.50
2012.06.13 15:38:43.627,1.20081,1.20086,0.25,1.43
2012.06.13 15:38:45.370,1.20081,1.20086,0.25,2.25
2012.06.13 15:38:56.034,1.20081,1.20086,0.25,1.50
2012.06.13 15:38:56.106,1.20081,1.20088,0.25,3.75
2012.06.13 15:39:03.705,1.20081,1.20088,0.25,1.50
2012.06.13 15:39:11.242,1.20081,1.20086,0.25,1.50
2012.06.13 15:39:11.958,1.20081,1.20088,0.25,3.75
2012.06.13 15:39:36.225,1.20081,1.20088,0.25,5.63
2012.06.13 15:39:36.920,1.20081,1.20088,0.25,5.63
2012.06.13 15:40:00.487,1.20081,1.20088,0.25,2.40
2012.06.13 15:40:01.149,1.20081,1.20088,0.25,2.63
2012.06.13 15:40:02.116,1.20081,1.20088,0.25,2.25
2012.06.13 15:40:03.034,1.20081,1.20088,0.25,3.00
2012.06.13 15:40:03.698,1.20081,1.20088,0.25,2.25
2012.06.13 15:40:05.124,1.20081,1.20088,0.25,4.06
2012.06.13 15:40:05.549,1.20081,1.20089,0.25,3.38
2012.06.13 15:40:05.684,1.20081,1.20089,0.25,3.38
2012.06.13 15:40:06.730,1.20081,1.20089,0.25,2.63
2012.06.13 15:40:10.324,1.20081,1.20089,0.25,4.13
2012.06.13 15:40:14.730,1.2008,1.20088,3.00,1.50
2012.06.13 15:40:22.599,1.2008,1.20088,1.00,2.56
2012.06.13 15:40:23.825,1.2008,1.20088,1.00,1.50
2012.06.13 15:40:24.432,1.2008,1.20089,1.00,1.50
2012.06.13 15:40:25.166,1.2008,1.20089,1.00,1.50
2012.06.13 15:40:27.959,1.2008,1.20089,1.00,1.50
2012.06.13 15:40:30.849,1.2008,1.2009,1.00,4.00
2012.06.13 15:40:38.610,1.20081,1.20089,0.35,2.25
2012.06.13 15:40:39.449,1.20081,1.20089,0.35,2.25
2012.06.13 15:40:40.004,1.20081,1.20089,0.35,2.25
2012.06.13 15:40:40.623,1.20081,1.20089,0.35,2.25
2012.06.13 15:40:42.387,1.20081,1.20091,0.35,4.75
2012.06.13 15:40:42.898,1.20081,1.20091,0.35,3.62
2012.06.13 15:40:44.796,1.20081,1.20089,2.35,2.63
2012.06.13 15:40:45.356,1.20081,1.20089,2.35,1.88
2012.06.13 15:40:50.133,1.20081,1.2009,0.35,2.25
2012.06.13 15:40:52.756,1.20081,1.2009,0.35,2.63
2012.06.13 15:41:10.187,1.20081,1.20091,2.35,5.82
2012.06.13 15:41:10.765,1.20081,1.20091,2.35,5.07
2012.06.13 15:41:11.303,1.20081,1.20091,0.35,6.57
2012.06.13 15:41:12.694,1.20081,1.20091,0.35,3.57
2012.06.13 15:41:13.266,1.20081,1.20091,2.35,4.32
2012.06.13 15:41:14.295,1.20081,1.20091,2.35,5.82
2012.06.13 15:41:16.505,1.20081,1.20091,2.35,5.07
2012.06.13 15:41:18.477,1.20081,1.20091,2.35,2.25
2012.06.13 15:41:18.996,1.20081,1.20091,2.35,3.00
2012.06.13 15:41:19.345,1.20081,1.2009,2.35,3.94
2012.06.13 15:41:20.336,1.20081,1.2009,2.35,3.94
2012.06.13 15:41:20.881,1.20081,1.2009,2.35,3.19
2012.06.13 15:41:21.434,1.20081,1.2009,2.35,3.19
2012.06.13 15:41:22.336,1.20081,1.2009,2.35,3.94
2012.06.13 15:41:23.021,1.20081,1.2009,2.35,3.57
2012.06.13 15:41:28.175,1.20081,1.2009,0.35,4.69
2012.06.13 15:41:29.646,1.20081,1.2009,0.35,5.44
2012.06.13 15:41:30.259,1.20081,1.2009,0.35,3.57
2012.06.13 15:41:31.905,1.20081,1.2009,2.35,2.07
2012.06.13 15:41:32.446,1.20081,1.2009,2.35,1.32
2012.06.13 15:41:35.113,1.20081,1.2009,0.35,1.32
2012.06.13 15:41:40.525,1.20081,1.20089,0.35,1.50
2012.06.13 15:41:41.065,1.20081,1.2009,0.35,3.38
2012.06.13 15:41:41.576,1.20081,1.2009,0.35,2.63
2012.06.13 15:41:43.615,1.20081,1.2009,0.35,4.88
2012.06.13 15:41:44.164,1.20081,1.2009,0.35,4.13
2012.06.13 15:41:44.567,1.20081,1.2009,0.35,4.88
2012.06.13 15:41:45.027,1.20081,1.2009,0.35,4.13
2012.06.13 15:41:45.856,1.20081,1.2009,0.35,4.88
2012.06.13 15:41:46.472,1.20081,1.20088,0.35,3.00
2012.06.13 15:41:48.945,1.20081,1.20088,0.35,4.43
2012.06.13 15:41:52.237,1.20081,1.20086,0.35,1.88
2012.06.13 15:41:52.749,1.20081,1.20086,0.35,1.50
2012.06.13 15:42:06.858,1.20081,1.20089,0.35,3.00
2012.06.13 15:42:09.197,1.20081,1.20089,0.35,3.00
2012.06.13 15:42:09.713,1.20081,1.20089,0.35,2.25
2012.06.13 15:42:15.847,1.20081,1.20089,0.35,1.50
2012.06.13 15:42:16.384,1.20081,1.20089,0.35,1.50
2012.06.13 15:42:16.525,1.20081,1.20089,0.35,1.50
2012.06.13 15:42:16.655,1.20081,1.20089,0.35,1.50
2012.06.13 15:42:18.278,1.20081,1.20089,0.35,1.50
2012.06.13 15:42:19.224,1.20081,1.20089,0.35,1.50
2012.06.13 15:42:19.854,1.20081,1.2009,0.35,8.44
2012.06.13 15:42:21.053,1.20081,1.20089,0.35,1.50
2012.06.13 15:42:21.777,1.20081,1.2009,0.35,7.69
2012.06.13 15:42:22.510,1.20081,1.2009,0.35,6.19
2012.06.13 15:42:23.073,1.20081,1.2009,0.35,5.82
2012.06.13 15:42:23.585,1.20081,1.2009,0.35,5.82
2012.06.13 15:42:24.101,1.20081,1.2009,0.35,5.82
2012.06.13 15:42:24.925,1.20081,1.2009,0.35,5.44
2012.06.13 15:42:25.674,1.20081,1.20089,0.35,1.50
2012.06.13 15:42:25.745,1.20081,1.20089,0.35,1.50
2012.06.13 15:42:29.594,1.20081,1.20088,0.35,1.50
2012.06.13 15:42:39.096,1.20081,1.20088,0.35,2.25
2012.06.13 15:42:40.310,1.20081,1.20088,0.35,1.50
2012.06.13 15:42:43.277,1.20081,1.20088,0.35,2.25
2012.06.13 15:42:43.799,1.20081,1.20088,0.35,2.25
2012.06.13 15:42:47.149,1.20081,1.20088,0.35,3.00
2012.06.13 15:42:48.286,1.20081,1.20088,0.35,3.00
2012.06.13 15:42:48.457,1.20081,1.20088,0.35,3.00
2012.06.13 15:42:49.344,1.20081,1.20088,0.35,1.50
2012.06.13 15:42:53.795,1.20081,1.20085,0.35,1.50
2012.06.13 15:43:14.624,1.20081,1.20085,0.35,2.25
2012.06.13 15:43:15.331,1.20081,1.20085,0.35,1.50
2012.06.13 15:43:17.663,1.20081,1.20085,0.35,2.25
2012.06.13 15:43:18.222,1.20081,1.20085,0.35,1.50
2012.06.13 15:43:21.365,1.20081,1.20084,0.35,1.50
2012.06.13 15:43:22.603,1.20081,1.20085,0.35,1.50
2012.06.13 15:43:23.838,1.20081,1.20086,0.35,2.25
2012.06.13 15:43:47.958,1.20081,1.20085,0.35,1.50
2012.06.13 15:43:59.386,1.20081,1.20086,0.35,1.50
2012.06.13 15:44:00.855,1.20081,1.20089,0.35,2.63
2012.06.13 15:44:01.727,1.20081,1.20089,0.35,3.38
2012.06.13 15:44:02.399,1.20081,1.20089,0.35,2.63
2012.06.13 15:44:04.896,1.20081,1.20089,0.35,3.38
2012.06.13 15:44:05.455,1.20081,1.20089,0.35,2.63
2012.06.13 15:44:05.524,1.20081,1.20089,0.35,2.63
2012.06.13 15:44:06.076,1.20081,1.20089,0.35,2.63
2012.06.13 15:44:06.927,1.20081,1.20089,0.35,2.63
2012.06.13 15:44:09.157,1.20081,1.20088,0.35,1.50
2012.06.13 15:44:10.317,1.20081,1.20089,0.35,4.13
2012.06.13 15:44:10.584,1.20081,1.20089,0.35,2.63
2012.06.13 15:44:10.786,1.20081,1.20089,0.35,2.63
2012.06.13 15:44:11.583,1.20081,1.20089,0.35,3.38
2012.06.13 15:44:12.869,1.20081,1.20089,0.35,2.63
2012.06.13 15:44:13.021,1.20081,1.20089,0.35,3.38
2012.06.13 15:44:13.169,1.20081,1.20089,0.35,2.63
2012.06.13 15:44:13.741,1.20081,1.20089,0.35,3.38
2012.06.13 15:44:14.293,1.20081,1.20089,0.35,2.63
2012.06.13 15:44:16.211,1.20081,1.20089,0.35,5.25
2012.06.13 15:44:16.817,1.20081,1.20089,0.35,5.25
2012.06.13 15:44:16.955,1.20081,1.20089,0.35,4.50
2012.06.13 15:44:17.484,1.20081,1.20089,0.35,4.50
2012.06.13 15:44:18.954,1.20081,1.20089,0.35,6.00
2012.06.13 15:44:19.653,1.20081,1.20089,0.35,6.00
2012.06.13 15:44:20.889,1.20081,1.20089,0.35,4.50
2012.06.13 15:44:21.424,1.20081,1.20088,0.35,2.25
2012.06.13 15:44:21.624,1.20081,1.20088,0.35,1.50
2012.06.13 15:44:25.026,1.20081,1.20088,0.35,2.25
2012.06.13 15:44:32.521,1.20081,1.20085,0.35,1.50
2012.06.13 15:44:33.229,1.20081,1.20086,0.35,1.81
2012.06.13 15:44:33.588,1.20081,1.20086,0.35,1.50
2012.06.13 15:44:36.535,1.20081,1.20087,0.35,2.25
2012.06.13 15:44:37.124,1.20081,1.20088,0.35,5.63
2012.06.13 15:44:39.209,1.20081,1.20087,0.35,2.25
2012.06.13 15:44:40.465,1.20081,1.20087,0.35,1.50
2012.06.13 15:44:40.968,1.20081,1.20087,0.35,1.50
2012.06.13 15:44:41.711,1.20081,1.20087,0.35,2.25
2012.06.13 15:44:42.530,1.20081,1.20087,0.35,2.25
2012.06.13 15:44:42.987,1.20081,1.20087,0.35,2.25
2012.06.13 15:44:43.129,1.20081,1.20087,0.35,2.25
2012.06.13 15:44:43.687,1.20081,1.20087,0.35,1.50
2012.06.13 15:44:45.275,1.20081,1.20087,0.35,1.50
2012.06.13 15:44:46.120,1.20081,1.20088,0.35,4.88
2012.06.13 15:44:46.548,1.20081,1.20088,0.35,4.13
2012.06.13 15:44:46.798,1.20081,1.20088,0.35,2.63
2012.06.13 15:44:46.923,1.20081,1.20088,0.35,2.63
2012.06.13 15:44:51.677,1.20081,1.20087,0.35,2.63
2012.06.13 15:44:52.657,1.20081,1.20087,0.35,3.38
2012.06.13 15:44:53.159,1.20081,1.20087,0.35,4.13
2012.06.13 15:44:53.447,1.20081,1.20087,0.35,4.13
2012.06.13 15:44:53.724,1.20081,1.20087,0.35,3.38
2012.06.13 15:44:56.516,1.20081,1.20087,0.35,1.50
2012.06.13 15:44:57.430,1.20081,1.20088,0.35,3.00
2012.06.13 15:45:16.372,1.20081,1.20084,0.35,1.50
2012.06.13 15:45:32.149,1.20081,1.20087,0.35,1.50
2012.06.13 15:45:34.456,1.20081,1.20087,0.35,2.25
2012.06.13 15:45:35.164,1.20081,1.20087,0.35,1.50
2012.06.13 15:45:35.783,1.20081,1.20085,0.35,1.50
2012.06.13 15:45:36.739,1.20081,1.20086,0.35,1.50
2012.06.13 15:45:37.304,1.20081,1.20087,0.35,1.50
2012.06.13 15:45:38.467,1.20081,1.20087,0.35,2.25
2012.06.13 15:45:39.024,1.20081,1.20086,0.35,2.25
2012.06.13 15:45:40.119,1.20081,1.20088,1.35,1.50
2012.06.13 15:45:40.201,1.20081,1.20086,1.35,2.25
2012.06.13 15:45:40.774,1.20082,1.20086,1.88,2.25
2012.06.13 15:45:41.779,1.20082,1.20086,1.88,1.50
2012.06.13 15:45:42.296,1.20082,1.20089,1.88,1.50
2012.06.13 15:45:44.523,1.20081,1.20089,2.85,1.50
2012.06.13 15:45:45.560,1.20081,1.20089,2.85,4.50
2012.06.13 15:45:54.738,1.20081,1.20089,2.85,3.00
2012.06.13 15:45:56.380,1.20082,1.20089,0.35,1.50
2012.06.13 15:46:05.785,1.20081,1.20089,1.88,1.50
2012.06.13 15:46:11.808,1.20082,1.20089,1.88,2.25
2012.06.13 15:46:12.019,1.2008,1.20089,3.50,2.25
2012.06.13 15:46:12.097,1.2008,1.20089,1.00,2.25
2012.06.13 15:46:13.196,1.2008,1.20091,1.00,4.13
2012.06.13 15:46:16.765,1.2008,1.20091,1.00,2.63
2012.06.13 15:46:17.304,1.2008,1.2009,1.00,3.38
2012.06.13 15:46:17.705,1.20082,1.2009,0.40,3.38
2012.06.13 15:46:18.105,1.20082,1.20088,0.40,2.25
2012.06.13 15:46:21.908,1.20082,1.20085,0.40,1.50
2012.06.13 15:46:35.207,1.20082,1.20086,0.40,1.50
2012.06.13 15:46:46.331,1.20082,1.20084,0.40,1.50
2012.06.13 15:46:47.239,1.20082,1.20086,0.40,1.50
2012.06.13 15:47:07.527,1.20082,1.20088,0.40,1.50
2012.06.13 15:47:23.908,1.20082,1.20088,0.40,2.25
2012.06.13 15:47:24.479,1.20082,1.20088,0.40,2.25
2012.06.13 15:47:26.268,1.20082,1.20088,0.40,3.00
2012.06.13 15:47:26.814,1.20082,1.20088,0.40,1.50
2012.06.13 15:47:47.533,1.20082,1.20087,0.40,1.50
2012.06.13 15:47:54.471,1.20082,1.20086,0.40,1.50
2012.06.13 15:47:56.265,1.20082,1.20085,0.40,2.25
2012.06.13 15:47:57.708,1.20082,1.20085,0.40,1.50
2012.06.13 15:47:57.989,1.20082,1.20085,0.40,3.31
2012.06.13 15:47:58.199,1.20082,1.20085,0.40,1.50
2012.06.13 15:47:59.457,1.20082,1.20084,0.40,2.25
2012.06.13 15:48:01.709,1.2008,1.20082,1.00,1.50
2012.06.13 15:48:02.192,1.2008,1.20088,1.00,3.00
2012.06.13 15:48:06.411,1.2008,1.20087,1.00,2.25
2012.06.13 15:48:06.766,1.2008,1.20085,1.00,2.56
2012.06.13 15:48:07.027,1.2008,1.20087,1.00,3.00
2012.06.13 15:48:07.554,1.2008,1.20087,1.00,4.13
2012.06.13 15:48:08.088,1.2008,1.20087,1.00,2.63
2012.06.13 15:48:08.226,1.2008,1.20087,1.00,3.00
2012.06.13 15:48:08.371,1.2008,1.20087,1.00,4.13
2012.06.13 15:48:09.021,1.2008,1.20087,1.00,1.50
2012.06.13 15:48:10.896,1.2008,1.20087,1.00,3.38
2012.06.13 15:48:11.586,1.2008,1.20085,1.00,1.50
2012.06.13 15:48:11.656,1.2008,1.20086,1.00,2.25
2012.06.13 15:48:12.348,1.2008,1.20085,1.00,2.56
2012.06.13 15:48:12.488,1.2008,1.20086,1.00,3.00
2012.06.13 15:48:13.418,1.2008,1.20087,1.00,4.50
2012.06.13 15:48:13.929,1.2008,1.20086,1.00,1.50
2012.06.13 15:48:14.757,1.2008,1.20085,1.00,2.25
2012.06.13 15:48:15.308,1.2008,1.20085,1.00,2.25
2012.06.13 15:48:19.277,1.2008,1.20085,1.00,2.25
2012.06.13 15:48:20.518,1.2008,1.20085,1.00,2.25
2012.06.13 15:48:20.704,1.2008,1.20085,1.00,3.00
2012.06.13 15:48:20.967,1.2008,1.20085,1.00,2.25
2012.06.13 15:48:22.445,1.2008,1.20086,1.00,2.25
2012.06.13 15:48:34.717,1.2008,1.20084,1.00,1.88
2012.06.13 15:48:35.188,1.2008,1.20084,1.00,3.31
2012.06.13 15:48:35.258,1.2008,1.20084,1.00,1.50
2012.06.13 15:48:37.646,1.2008,1.20084,1.00,2.25
2012.06.13 15:48:38.275,1.2008,1.20084,1.00,2.25
2012.06.13 15:48:38.484,1.2008,1.20084,1.00,1.50
2012.06.13 15:48:46.140,1.2008,1.20084,1.00,1.88
2012.06.13 15:48:46.664,1.2008,1.20084,1.00,1.50
2012.06.13 15:48:56.169,1.2008,1.20084,1.00,3.31
2012.06.13 15:48:56.846,1.2008,1.20084,1.00,1.50
2012.06.13 15:48:57.131,1.2008,1.20086,3.50,1.50
2012.06.13 15:48:58.592,1.2008,1.20086,3.50,3.31
2012.06.13 15:48:59.329,1.2008,1.20086,3.50,1.50
2012.06.13 15:49:01.430,1.2008,1.20086,1.00,3.75
2012.06.13 15:49:01.888,1.2008,1.20085,1.00,1.81
2012.06.13 15:49:02.306,1.2008,1.20086,1.00,4.88
2012.06.13 15:49:21.417,1.2008,1.20085,1.00,1.50
2012.06.13 15:49:24.846,1.2008,1.20085,1.00,2.25
2012.06.13 15:49:25.735,1.2008,1.20085,1.00,1.50
2012.06.13 15:49:32.858,1.2008,1.20085,1.00,2.25
2012.06.13 15:49:33.396,1.2008,1.20085,1.00,1.50
2012.06.13 15:49:34.195,1.2008,1.20085,1.00,2.25
2012.06.13 15:49:34.807,1.2008,1.20085,1.00,1.50
2012.06.13 15:49:35.669,1.2008,1.20085,1.00,1.88
2012.06.13 15:49:37.275,1.2008,1.20082,1.00,1.50
2012.06.13 15:49:54.556,1.2008,1.20083,1.00,1.50
2012.06.13 15:49:58.164,1.2008,1.20085,1.00,1.50
2012.06.13 15:50:07.136,1.2008,1.20088,1.00,4.34
2012.06.13 15:50:12.196,1.2008,1.20088,1.00,4.34
2012.06.13 15:50:12.737,1.2008,1.20088,1.00,2.84
2012.06.13 15:50:13.277,1.2008,1.20088,1.00,1.34
2012.06.13 15:50:19.038,1.2008,1.20085,1.00,1.50
2012.06.13 15:50:39.140,1.2008,1.20083,1.00,1.50
2012.06.13 15:50:55.643,1.2008,1.20086,1.00,1.50
2012.06.13 15:50:57.377,1.2008,1.20086,1.00,2.25
2012.06.13 15:50:58.774,1.2008,1.20086,1.00,2.25
2012.06.13 15:50:59.424,1.2008,1.20086,1.00,3.00
2012.06.13 15:51:01.103,1.2008,1.20086,1.00,2.25
2012.06.13 15:51:03.717,1.2008,1.20086,1.00,3.75
2012.06.13 15:51:05.564,1.2008,1.20086,1.00,1.50
2012.06.13 15:51:08.147,1.2008,1.20082,1.00,1.50
2012.06.13 15:51:08.921,1.2008,1.20085,1.00,1.50
2012.06.13 15:51:12.948,1.2008,1.20082,1.00,1.50
2012.06.13 15:51:15.607,1.2008,1.20083,1.00,1.43
2012.06.13 15:51:25.045,1.2008,1.20085,1.00,1.43
2012.06.13 15:51:26.030,1.2008,1.20085,1.00,3.75
2012.06.13 15:51:33.655,1.2008,1.20085,1.00,3.00
2012.06.13 15:51:36.936,1.2008,1.20085,1.00,2.25
2012.06.13 15:51:43.595,1.2008,1.20084,1.00,1.50
2012.06.13 15:51:45.344,1.2008,1.20084,1.00,2.25
2012.06.13 15:51:54.117,1.2008,1.20084,1.00,1.50
2012.06.13 15:52:01.721,1.2008,1.20086,1.00,1.50
2012.06.13 15:52:03.287,1.2008,1.20088,1.00,2.40
2012.06.13 15:52:04.897,1.2008,1.20088,1.00,2.40
2012.06.13 15:52:08.852,1.2008,1.20087,1.00,1.50
2012.06.13 15:52:09.389,1.2008,1.20087,1.00,1.50
2012.06.13 15:52:15.344,1.2008,1.20086,1.00,2.40
2012.06.13 15:52:24.207,1.2008,1.20087,1.00,3.38
2012.06.13 15:52:24.755,1.2008,1.20087,1.00,2.25
2012.06.13 15:52:26.215,1.2008,1.20087,3.50,2.25
2012.06.13 15:52:26.647,1.2008,1.20087,3.50,2.25
2012.06.13 15:52:27.217,1.2008,1.20087,3.50,3.31
2012.06.13 15:52:27.285,1.2008,1.20087,3.50,1.50
2012.06.13 15:52:27.800,1.2008,1.20087,3.50,3.00
2012.06.13 15:52:27.877,1.2008,1.20087,3.50,1.50
2012.06.13 15:52:27.945,1.2008,1.20087,3.50,2.25
2012.06.13 15:52:31.796,1.2008,1.20086,3.50,1.81
2012.06.13 15:52:37.154,1.2008,1.20087,3.50,3.31
2012.06.13 15:52:38.945,1.2008,1.20088,3.50,3.00
2012.06.13 15:52:41.124,1.2008,1.20088,3.50,2.25
2012.06.13 15:52:44.101,1.2008,1.20088,3.50,2.25
2012.06.13 15:52:44.323,1.2008,1.20088,3.50,2.25
2012.06.13 15:52:44.865,1.2008,1.20087,3.50,1.50
2012.06.13 15:52:46.707,1.2008,1.20086,3.50,1.50
2012.06.13 15:52:47.730,1.2008,1.20086,1.00,1.50
2012.06.13 15:52:48.296,1.2008,1.20086,1.00,2.25
2012.06.13 15:52:48.846,1.2008,1.20086,1.00,1.50
2012.06.13 15:52:50.897,1.2008,1.20086,1.00,2.25
2012.06.13 15:52:51.407,1.2008,1.20086,1.00,2.56
2012.06.13 15:52:53.215,1.2008,1.20087,1.00,1.50
2012.06.13 15:52:54.440,1.2008,1.20087,1.00,2.25
2012.06.13 15:52:56.089,1.2008,1.20086,1.00,2.25
2012.06.13 15:52:56.943,1.2008,1.20086,1.00,3.75
2012.06.13 15:52:57.194,1.2008,1.20086,1.00,3.00
2012.06.13 15:52:57.718,1.2008,1.20086,1.00,4.06
2012.06.13 15:52:58.957,1.2008,1.20086,1.00,3.00
2012.06.13 15:52:59.310,1.2008,1.20085,1.00,3.00
2012.06.13 15:53:01.680,1.2008,1.20086,1.00,2.25
2012.06.13 15:53:33.868,1.2008,1.20088,1.00,2.84
2012.06.13 15:53:37.871,1.2008,1.20088,1.00,2.84
2012.06.13 15:53:38.239,1.2008,1.20085,1.00,1.43
2012.06.13 15:53:39.328,1.2008,1.20084,1.00,1.50
2012.06.13 15:53:39.471,1.2008,1.20088,1.00,4.34
2012.06.13 15:53:44.293,1.2008,1.20088,1.00,2.84
2012.06.13 15:53:45.004,1.2008,1.20088,1.00,2.84
2012.06.13 15:53:45.596,1.2008,1.20088,1.00,2.84
2012.06.13 15:53:46.758,1.2008,1.20088,1.00,2.09
2012.06.13 15:53:47.305,1.2008,1.20088,1.00,1.34
2012.06.13 15:53:48.575,1.2008,1.20088,1.00,1.34
2012.06.13 15:53:52.445,1.2008,1.20088,1.00,1.50
2012.06.13 15:53:55.344,1.2008,1.20089,1.00,2.69
2012.06.13 15:53:55.846,1.2008,1.20089,1.00,1.94
2012.06.13 15:53:56.354,1.2008,1.20088,1.00,1.50
2012.06.13 15:53:56.872,1.2008,1.20087,1.00,1.50
2012.06.13 15:53:56.948,1.2008,1.20087,1.00,3.31
2012.06.13 15:53:57.834,1.2008,1.20088,1.00,2.25
2012.06.13 15:54:03.767,1.2008,1.20086,1.00,2.25
2012.06.13 15:54:06.088,1.2008,1.20086,1.00,3.75
2012.06.13 15:54:06.617,1.2008,1.20086,1.00,1.88
2012.06.13 15:54:10.235,1.2008,1.20085,1.00,2.63
2012.06.13 15:54:10.867,1.2008,1.20085,1.00,1.50
2012.06.13 15:54:16.028,1.2008,1.20088,1.00,5.25
2012.06.13 15:54:20.320,1.2008,1.20088,1.00,4.50
2012.06.13 15:54:24.576,1.2008,1.20088,1.00,2.25
2012.06.13 15:54:25.263,1.2008,1.20089,1.00,2.54
2012.06.13 15:54:26.375,1.2008,1.20089,1.00,2.91
2012.06.13 15:54:26.966,1.2008,1.20088,1.00,1.13
2012.06.13 15:54:29.405,1.2008,1.20086,1.00,1.28
2012.06.13 15:54:31.927,1.2008,1.20086,1.00,2.85
2012.06.13 15:54:32.247,1.2008,1.20086,1.00,2.10
2012.06.13 15:54:58.307,1.2008,1.20085,1.00,1.50
2012.06.13 15:54:58.648,1.2008,1.20085,1.00,1.50
2012.06.13 15:55:02.736,1.2008,1.20086,1.00,3.75
2012.06.13 15:55:03.086,1.2008,1.20086,1.00,1.50
2012.06.13 15:55:03.636,1.2008,1.20087,1.00,2.25
2012.06.13 15:55:06.067,1.2008,1.20087,1.00,2.25
2012.06.13 15:55:06.605,1.2008,1.20087,1.00,3.00
2012.06.13 15:55:14.607,1.2008,1.20087,1.00,2.25
2012.06.13 15:55:16.493,1.2008,1.20087,1.00,3.00
2012.06.13 15:55:29.626,1.2008,1.20088,1.00,2.25
2012.06.13 15:55:30.131,1.2008,1.20088,1.00,2.93
2012.06.13 15:55:36.042,1.2008,1.20089,1.00,2.18
2012.06.13 15:55:36.114,1.2008,1.20088,1.00,3.00
2012.06.13 15:55:39.807,1.2008,1.20088,1.00,1.50
2012.06.13 15:55:56.188,1.2008,1.20088,1.00,1.50
2012.06.13 15:56:10.377,1.2008,1.20087,1.00,1.50
2012.06.13 15:56:10.937,1.2008,1.20087,1.00,2.25
2012.06.13 15:56:12.993,1.2008,1.20087,1.00,1.50
2012.06.13 15:56:13.528,1.2008,1.20088,1.00,2.25
2012.06.13 15:56:25.607,1.2008,1.20088,1.00,6.00
2012.06.13 15:56:26.378,1.2008,1.20087,1.00,1.50
2012.06.13 15:56:27.679,1.2008,1.20088,1.00,3.00
2012.06.13 15:56:28.198,1.2008,1.20088,1.00,1.50
2012.06.13 15:56:33.274,1.2008,1.2009,1.00,3.00
2012.06.13 15:56:34.387,1.2008,1.2009,1.00,1.50
2012.06.13 15:56:35.504,1.20082,1.20094,1.50,2.76
2012.06.13 15:56:36.730,1.20084,1.20094,1.50,3.00
2012.06.13 15:56:37.346,1.20083,1.20093,1.88,3.75
2012.06.13 15:56:37.865,1.20083,1.20091,1.88,2.25
2012.06.13 15:56:38.368,1.20083,1.20091,1.88,2.25
2012.06.13 15:56:38.905,1.20083,1.20094,2.63,3.00
2012.06.13 15:56:39.447,1.20083,1.20093,1.88,3.75
2012.06.13 15:56:40.277,1.20083,1.20093,2.63,2.25
2012.06.13 15:56:40.802,1.20083,1.20093,1.88,2.25
2012.06.13 15:56:50.744,1.20083,1.20088,1.88,1.50
2012.06.13 15:56:51.565,1.20083,1.20091,1.88,2.25
2012.06.13 15:56:52.173,1.20083,1.20089,1.88,1.50
2012.06.13 15:56:54.016,1.20083,1.20091,1.88,2.25
2012.06.13 15:57:06.033,1.20083,1.20091,1.88,2.25
2012.06.13 15:57:06.906,1.20083,1.2009,1.88,3.00
2012.06.13 15:57:07.347,1.20082,1.20091,1.88,2.25
2012.06.13 15:57:08.815,1.20082,1.2009,1.88,4.50
2012.06.13 15:57:10.468,1.20082,1.2009,1.88,2.25
2012.06.13 15:57:11.596,1.20082,1.20092,1.88,2.25
2012.06.13 15:57:16.555,1.20081,1.20092,2.63,2.25
2012.06.13 15:57:16.629,1.2008,1.20084,1.80,1.50
2012.06.13 15:57:16.695,1.2008,1.20088,1.80,1.50
2012.06.13 15:57:22.868,1.2008,1.20088,2.00,1.50
2012.06.13 15:57:26.386,1.2008,1.20089,1.00,4.50
2012.06.13 15:57:31.159,1.2008,1.20088,1.00,1.50
2012.06.13 15:57:57.478,1.2008,1.20086,1.00,1.50
2012.06.13 15:58:02.196,1.2008,1.2009,1.00,4.13
2012.06.13 15:58:02.436,1.2008,1.20089,1.00,1.50
2012.06.13 15:58:19.596,1.2008,1.20087,1.00,1.50
2012.06.13 15:58:19.998,1.2008,1.20087,1.00,2.10
2012.06.13 15:58:20.125,1.2008,1.20087,1.00,2.25
2012.06.13 15:58:20.684,1.2008,1.20087,1.00,2.63
2012.06.13 15:58:21.199,1.2008,1.20087,1.00,2.25
2012.06.13 15:58:23.707,1.2008,1.20087,1.00,2.63
2012.06.13 15:58:25.591,1.2008,1.20087,1.00,2.25
2012.06.13 15:58:26.218,1.2008,1.20087,1.00,1.50
2012.06.13 15:58:56.417,1.2008,1.20087,1.00,3.00
2012.06.13 15:59:22.029,1.2008,1.20086,1.00,1.50
2012.06.13 15:59:46.958,1.2008,1.20085,1.00,2.63
2012.06.13 15:59:47.466,1.2008,1.20085,1.00,2.25
2012.06.13 15:59:50.493,1.2008,1.20085,1.00,2.25
