2014.02.07 18:00:00.118,1.22351,1.22361,1.00,3.00
2014.02.07 18:00:00.170,1.22351,1.22359,1.00,1.00
2014.02.07 18:00:00.477,1.22347,1.22358,1.88,1.30
2014.02.07 18:00:00.834,1.22346,1.22357,1.00,1.00
2014.02.07 18:00:01.342,1.22345,1.22357,1.00,1.50
2014.02.07 18:00:01.865,1.22345,1.22356,1.00,1.00
2014.02.07 18:00:01.916,1.22343,1.22355,1.50,1.00
2014.02.07 18:00:02.018,1.22345,1.22357,1.00,1.00
2014.02.07 18:00:02.529,1.22345,1.22356,1.00,1.00
2014.02.07 18:00:03.039,1.22345,1.22355,1.00,1.00
2014.02.07 18:00:06.950,1.22345,1.22356,1.00,1.00
2014.02.07 18:00:07.203,1.22342,1.22354,1.00,1.00
2014.02.07 18:00:08.281,1.22344,1.22356,1.00,1.50
2014.02.07 18:00:13.733,1.22346,1.22357,1.00,2.25
2014.02.07 18:00:14.248,1.22346,1.22356,1.00,1.00
2014.02.07 18:00:14.906,1.22346,1.22355,1.00,1.00
2014.02.07 18:00:15.282,1.22346,1.22353,1.00,1.00
2014.02.07 18:00:15.943,1.22346,1.22356,1.00,1.00
2014.02.07 18:00:16.247,1.22346,1.22354,1.00,1.00
2014.02.07 18:00:18.804,1.22346,1.22355,1.00,1.00
2014.02.07 18:00:19.906,1.22346,1.22357,1.00,1.00
2014.02.07 18:00:19.957,1.22348,1.22359,1.00,1.00
2014.02.07 18:00:23.051,1.22348,1.2236,1.00,2.25
2014.02.07 18:00:34.607,1.22348,1.22359,1.00,1.00
2014.02.07 18:00:35.736,1.22347,1.22358,1.00,1.00
2014.02.07 18:00:36.281,1.22346,1.22358,1.00,1.00
2014.02.07 18:00:37.627,1.22344,1.22356,3.00,1.38
2014.02.07 18:00:37.991,1.22342,1.22353,1.00,1.00
2014.02.07 18:00:39.054,1.22345,1.22353,1.00,1.00
2014.02.07 18:00:39.561,1.22345,1.22355,1.00,1.38
2014.02.07 18:00:40.068,1.22345,1.22355,1.00,1.00
2014.02.07 18:00:42.984,1.22347,1.22355,1.00,1.00
2014.02.07 18:00:43.490,1.22347,1.22356,1.00,1.00
2014.02.07 18:00:44.370,1.22345,1.22356,1.00,1.00
2014.02.07 18:00:46.387,1.22345,1.22354,1.00,1.00
2014.02.07 18:00:48.433,1.22343,1.22354,1.00,1.00
2014.02.07 18:00:50.811,1.22345,1.22354,1.00,1.00
2014.02.07 18:00:51.244,1.22343,1.22354,1.00,1.00
2014.02.07 18:00:51.396,1.22345,1.22354,1.00,1.00
2014.02.07 18:00:53.013,1.22343,1.22354,1.00,1.00
2014.02.07 18:00:54.942,1.22349,1.22354,1.00,1.00
2014.02.07 18:00:58.063,1.22349,1.22355,1.00,1.00
2014.02.07 18:00:59.612,1.22349,1.22356,1.00,1.00
2014.02.07 18:01:00.118,1.2235,1.22356,1.00,1.00
2014.02.07 18:01:06.344,1.2235,1.22355,1.00,1.00
2014.02.07 18:01:06.654,1.2235,1.22357,1.00,1.50
2014.02.07 18:01:09.851,1.2235,1.22356,1.00,1.00
2014.02.07 18:01:11.045,1.2235,1.22356,2.85,1.00
2014.02.07 18:01:11.096,1.22352,1.22358,1.38,1.50
2014.02.07 18:01:11.400,1.22356,1.22363,1.00,1.57
2014.02.07 18:01:11.502,1.22356,1.22363,1.00,1.57
2014.02.07 18:01:12.096,1.22356,1.22363,1.00,1.00
2014.02.07 18:01:13.938,1.22356,1.22362,1.00,1.13
2014.02.07 18:01:14.090,1.22356,1.22363,1.00,2.07
2014.02.07 18:01:14.293,1.22356,1.22361,1.00,1.00
2014.02.07 18:01:14.495,1.22356,1.22363,1.00,2.07
2014.02.07 18:01:15.300,1.22356,1.22363,1.00,2.07
2014.02.07 18:01:15.986,1.22356,1.22362,1.00,1.13
2014.02.07 18:01:16.087,1.22357,1.22363,1.00,1.50
2014.02.07 18:01:16.239,1.22359,1.22363,1.00,1.00
2014.02.07 18:01:16.543,1.22361,1.22366,1.00,1.88
2014.02.07 18:01:17.473,1.22362,1.22366,1.00,2.82
2014.02.07 18:01:19.655,1.22362,1.22369,1.50,1.00
2014.02.07 18:01:19.807,1.22364,1.22372,1.00,1.57
2014.02.07 18:01:20.313,1.22364,1.22372,1.00,1.32
2014.02.07 18:01:20.823,1.22365,1.22372,1.00,1.32
2014.02.07 18:01:23.679,1.22365,1.22371,1.00,1.13
2014.02.07 18:01:24.677,1.22365,1.22372,1.00,1.00
2014.02.07 18:01:24.830,1.22367,1.22373,1.00,1.13
2014.02.07 18:01:24.931,1.2237,1.22377,1.00,1.13
2014.02.07 18:01:25.134,1.22372,1.22377,1.00,1.13
2014.02.07 18:01:25.438,1.22372,1.22379,1.00,1.00
2014.02.07 18:01:26.126,1.22372,1.2238,1.00,1.50
2014.02.07 18:01:26.632,1.22372,1.22379,1.00,1.00
2014.02.07 18:01:27.551,1.22372,1.2238,1.00,1.50
2014.02.07 18:01:28.981,1.22372,1.22381,1.00,2.25
2014.02.07 18:01:29.082,1.22374,1.22381,1.00,2.25
2014.02.07 18:01:29.587,1.22374,1.2238,1.00,1.00
2014.02.07 18:01:30.092,1.22374,1.22381,1.00,2.25
2014.02.07 18:01:30.800,1.22374,1.22379,1.00,1.00
2014.02.07 18:01:31.205,1.22375,1.22381,1.00,1.00
2014.02.07 18:01:31.730,1.22376,1.22384,1.50,1.50
2014.02.07 18:01:32.250,1.22377,1.22384,1.00,1.50
2014.02.07 18:01:32.707,1.22379,1.22385,1.00,1.00
2014.02.07 18:01:33.234,1.2238,1.22385,1.00,1.00
2014.02.07 18:01:37.629,1.2238,1.22387,1.00,1.50
2014.02.07 18:01:41.797,1.2238,1.22388,1.00,1.00
2014.02.07 18:01:41.899,1.2238,1.2239,1.00,3.75
2014.02.07 18:01:41.949,1.22382,1.2239,1.00,3.00
2014.02.07 18:01:42.253,1.22382,1.22388,1.00,1.00
2014.02.07 18:01:44.372,1.2238,1.22388,1.00,1.50
2014.02.07 18:01:44.524,1.22379,1.22386,1.00,1.00
2014.02.07 18:01:44.625,1.22379,1.22388,1.00,2.25
2014.02.07 18:01:44.778,1.22379,1.22386,1.00,1.00
2014.02.07 18:01:44.980,1.22377,1.22386,1.00,1.50
2014.02.07 18:01:46.194,1.22377,1.22387,1.00,1.00
2014.02.07 18:01:46.857,1.22377,1.22386,1.00,1.00
2014.02.07 18:01:47.905,1.22378,1.22386,1.00,1.00
2014.02.07 18:01:48.447,1.22379,1.22386,1.00,1.00
2014.02.07 18:01:49.430,1.22379,1.22388,1.00,3.75
2014.02.07 18:01:49.895,1.22381,1.22387,1.00,1.00
2014.02.07 18:01:53.108,1.22379,1.22387,1.00,1.00
2014.02.07 18:01:55.881,1.22379,1.22383,1.00,1.00
2014.02.07 18:01:56.134,1.22378,1.22385,1.00,1.00
2014.02.07 18:02:04.340,1.22377,1.22385,1.00,1.00
2014.02.07 18:02:05.930,1.22377,1.22386,1.00,1.50
2014.02.07 18:02:06.729,1.22376,1.22386,1.00,1.50
2014.02.07 18:02:07.390,1.22375,1.22386,1.00,2.25
2014.02.07 18:02:07.915,1.22375,1.22385,1.00,1.00
2014.02.07 18:02:22.322,1.22375,1.22385,1.00,1.57
2014.02.07 18:02:22.728,1.22374,1.22386,1.50,2.25
2014.02.07 18:02:23.233,1.22374,1.22385,1.50,1.00
2014.02.07 18:02:24.588,1.22374,1.22386,1.50,1.00
2014.02.07 18:02:25.138,1.22375,1.22386,1.00,1.00
2014.02.07 18:02:25.644,1.22375,1.22385,1.00,1.00
2014.02.07 18:02:26.167,1.22375,1.22386,1.00,1.00
2014.02.07 18:02:27.191,1.22375,1.22387,1.50,1.50
2014.02.07 18:02:45.950,1.22375,1.22385,1.00,1.00
2014.02.07 18:02:50.169,1.22376,1.22385,1.00,1.00
2014.02.07 18:02:50.220,1.22377,1.22387,1.00,1.00
2014.02.07 18:02:50.721,1.22378,1.22388,1.00,1.50
2014.02.07 18:02:51.387,1.22378,1.22386,1.00,1.00
2014.02.07 18:02:53.526,1.22378,1.22388,1.00,1.50
2014.02.07 18:02:58.223,1.22378,1.22386,1.00,1.00
2014.02.07 18:03:01.931,1.22377,1.22386,2.25,1.32
2014.02.07 18:03:02.445,1.22377,1.22385,1.00,1.00
2014.02.07 18:03:09.307,1.22377,1.22384,1.00,1.00
2014.02.07 18:03:09.460,1.22374,1.22385,1.50,2.07
2014.02.07 18:03:10.258,1.22374,1.22385,1.00,1.50
2014.02.07 18:03:14.669,1.22375,1.22386,1.50,1.00
2014.02.07 18:03:15.185,1.22375,1.22387,1.50,1.50
2014.02.07 18:03:17.992,1.22376,1.22387,1.00,1.50
2014.02.07 18:03:21.094,1.22377,1.22387,1.00,1.00
2014.02.07 18:03:21.629,1.22378,1.22388,1.00,1.00
2014.02.07 18:03:26.658,1.22378,1.22389,1.00,1.00
2014.02.07 18:03:33.676,1.22379,1.22389,1.00,1.00
2014.02.07 18:03:35.982,1.22379,1.2239,1.50,1.50
2014.02.07 18:03:39.193,1.22379,1.2239,1.50,1.38
2014.02.07 18:03:39.446,1.22376,1.22388,1.00,1.00
2014.02.07 18:03:39.498,1.22376,1.22388,1.08,1.00
2014.02.07 18:04:00.199,1.22378,1.22389,1.11,1.00
2014.02.07 18:04:14.285,1.22379,1.22389,1.32,1.00
2014.02.07 18:04:14.538,1.22382,1.22394,1.08,1.00
2014.02.07 18:04:21.682,1.22386,1.22394,1.13,1.00
2014.02.07 18:04:21.784,1.22386,1.22395,1.00,1.00
2014.02.07 18:04:21.835,1.22386,1.22397,1.00,1.00
2014.02.07 18:04:22.371,1.22385,1.22396,1.11,1.00
2014.02.07 18:04:23.076,1.22387,1.22396,1.00,1.00
2014.02.07 18:04:24.486,1.22387,1.22397,1.00,1.50
2014.02.07 18:04:27.771,1.22387,1.22398,1.00,2.44
2014.02.07 18:04:28.177,1.22386,1.22396,1.50,1.00
2014.02.07 18:04:28.430,1.22386,1.22398,1.58,1.00
2014.02.07 18:04:29.392,1.22386,1.22396,1.11,1.50
2014.02.07 18:04:29.898,1.22385,1.22396,1.11,1.50
2014.02.07 18:04:33.079,1.22386,1.22397,1.00,1.00
2014.02.07 18:04:46.037,1.22386,1.22396,1.50,1.00
2014.02.07 18:04:46.986,1.22386,1.22397,1.50,1.00
2014.02.07 18:04:47.290,1.22386,1.22396,1.00,1.57
2014.02.07 18:04:47.798,1.22386,1.22396,1.00,1.00
2014.02.07 18:04:49.762,1.22385,1.22396,1.11,1.00
2014.02.07 18:04:52.537,1.22385,1.22395,1.11,1.00
2014.02.07 18:04:53.292,1.22384,1.22394,1.08,1.00
2014.02.07 18:05:26.281,1.22384,1.22394,1.00,1.00
2014.02.07 18:05:26.685,1.22381,1.22392,1.16,1.00
2014.02.07 18:05:42.987,1.22382,1.22394,1.16,1.00
2014.02.07 18:05:43.038,1.22382,1.22394,1.16,1.00
2014.02.07 18:05:45.470,1.22384,1.22395,1.08,1.00
2014.02.07 18:05:45.992,1.22384,1.22395,1.08,1.00
2014.02.07 18:05:47.995,1.22384,1.22396,1.08,1.00
2014.02.07 18:06:04.169,1.22384,1.22396,1.00,1.00
2014.02.07 18:06:19.170,1.22383,1.22394,1.18,1.00
2014.02.07 18:06:20.315,1.22382,1.22394,1.18,1.00
2014.02.07 18:06:25.151,1.22384,1.22396,1.00,1.50
2014.02.07 18:06:25.253,1.22386,1.22398,1.00,1.50
2014.02.07 18:06:25.557,1.22384,1.22396,1.08,1.00
2014.02.07 18:06:25.863,1.22386,1.22398,1.08,1.50
2014.02.07 18:06:26.566,1.22384,1.22396,1.08,1.00
2014.02.07 18:06:27.022,1.22382,1.22394,1.16,1.00
2014.02.07 18:06:27.123,1.22382,1.22394,1.16,1.00
2014.02.07 18:06:36.772,1.22381,1.22391,1.00,1.00
2014.02.07 18:06:36.874,1.22379,1.22391,1.00,1.00
2014.02.07 18:06:53.590,1.22381,1.22392,1.00,1.00
2014.02.07 18:06:54.198,1.22381,1.22393,1.00,1.50
2014.02.07 18:06:55.945,1.22381,1.22393,1.08,1.00
2014.02.07 18:06:56.716,1.22381,1.22393,1.00,1.00
2014.02.07 18:06:58.415,1.22379,1.22391,1.00,1.00
2014.02.07 18:06:58.922,1.22379,1.22391,1.08,1.00
2014.02.07 18:06:59.424,1.22379,1.22391,1.08,1.00
2014.02.07 18:07:02.413,1.22387,1.22392,1.00,1.00
2014.02.07 18:07:02.464,1.22388,1.22393,1.00,1.00
2014.02.07 18:07:02.516,1.22383,1.22393,1.58,1.00
2014.02.07 18:07:02.617,1.22383,1.22395,1.58,1.00
2014.02.07 18:07:02.770,1.22383,1.22395,1.58,1.00
2014.02.07 18:07:03.224,1.22381,1.22393,1.08,1.00
2014.02.07 18:07:21.780,1.22381,1.22393,1.00,1.00
2014.02.07 18:07:22.194,1.22381,1.22393,1.08,1.00
2014.02.07 18:07:28.714,1.22383,1.22395,1.11,1.00
2014.02.07 18:07:32.169,1.22382,1.22393,1.08,1.00
2014.02.07 18:07:33.542,1.22381,1.22393,1.00,1.00
2014.02.07 18:07:34.158,1.22381,1.22393,1.08,1.00
2014.02.07 18:07:39.274,1.22381,1.22393,1.08,1.00
2014.02.07 18:07:50.727,1.22383,1.22393,1.08,1.00
2014.02.07 18:07:50.778,1.22384,1.22396,1.08,1.00
2014.02.07 18:07:51.284,1.22384,1.22396,1.08,1.00
2014.02.07 18:08:01.615,1.22386,1.22398,1.11,1.00
2014.02.07 18:08:08.334,1.22384,1.22396,1.08,1.00
2014.02.07 18:08:13.298,1.22382,1.22394,1.66,1.00
2014.02.07 18:08:34.097,1.22382,1.22394,1.18,1.00
2014.02.07 18:08:34.848,1.22383,1.22395,1.08,1.00
2014.02.07 18:08:52.054,1.22383,1.22394,1.00,1.00
2014.02.07 18:08:52.155,1.22381,1.22392,1.08,1.00
2014.02.07 18:08:52.663,1.22379,1.22391,1.28,1.00
2014.02.07 18:08:52.916,1.22381,1.22393,1.16,1.00
2014.02.07 18:08:53.427,1.22381,1.22393,1.16,1.00
2014.02.07 18:08:53.933,1.22381,1.22393,1.16,1.00
2014.02.07 18:08:55.813,1.22381,1.22388,1.16,1.00
2014.02.07 18:08:57.231,1.22379,1.22387,1.18,1.00
2014.02.07 18:08:57.333,1.22379,1.22387,1.21,1.00
2014.02.07 18:08:59.187,1.22379,1.22387,1.18,1.00
2014.02.07 18:09:03.782,1.22379,1.22386,1.18,1.00
2014.02.07 18:09:07.094,1.22377,1.22385,1.16,1.00
2014.02.07 18:09:07.246,1.22376,1.22384,1.00,1.50
2014.02.07 18:09:07.348,1.22376,1.22384,1.08,1.00
2014.02.07 18:09:08.466,1.22374,1.22382,1.13,1.00
2014.02.07 18:09:08.567,1.22373,1.22379,1.00,1.00
2014.02.07 18:09:08.669,1.22373,1.22381,1.00,1.00
2014.02.07 18:09:08.879,1.22371,1.22379,1.00,1.00
2014.02.07 18:09:09.450,1.2237,1.22379,1.11,1.00
2014.02.07 18:09:10.316,1.22369,1.22379,1.50,1.00
2014.02.07 18:09:10.679,1.22369,1.22377,1.00,1.00
2014.02.07 18:09:11.195,1.22367,1.22376,1.08,1.00
2014.02.07 18:09:11.602,1.22367,1.22374,1.08,1.00
2014.02.07 18:09:11.653,1.22364,1.22374,1.00,1.38
2014.02.07 18:09:11.704,1.22364,1.2237,1.00,1.00
2014.02.07 18:09:11.755,1.2236,1.2237,1.08,1.00
2014.02.07 18:09:12.109,1.22358,1.22369,1.11,1.00
2014.02.07 18:09:13.583,1.22358,1.2237,1.58,1.00
2014.02.07 18:09:16.554,1.2236,1.22372,1.00,1.00
2014.02.07 18:09:28.711,1.22359,1.2237,1.00,1.00
2014.02.07 18:09:29.234,1.22358,1.2237,1.00,1.00
2014.02.07 18:09:31.532,1.2236,1.22371,1.00,1.00
2014.02.07 18:09:32.088,1.2236,1.22372,1.00,1.00
2014.02.07 18:09:52.182,1.22361,1.22373,1.00,1.50
2014.02.07 18:10:25.795,1.22361,1.2237,1.00,1.00
2014.02.07 18:10:25.896,1.22361,1.22373,1.00,1.00
2014.02.07 18:10:26.099,1.2236,1.22371,1.00,1.00
2014.02.07 18:10:26.653,1.22359,1.22371,1.00,1.00
2014.02.07 18:10:31.953,1.22361,1.22372,1.00,1.00
2014.02.07 18:10:32.257,1.22364,1.22375,1.00,1.00
2014.02.07 18:10:32.764,1.22365,1.22376,1.11,1.00
2014.02.07 18:10:32.985,1.22366,1.22378,1.00,1.00
2014.02.07 18:10:34.430,1.22368,1.22378,1.50,1.00
2014.02.07 18:10:34.531,1.2237,1.22382,1.50,1.00
2014.02.07 18:10:34.633,1.22372,1.22384,1.00,1.00
2014.02.07 18:10:35.358,1.22371,1.22382,1.00,1.00
2014.02.07 18:10:35.611,1.22368,1.2238,2.25,1.00
2014.02.07 18:10:51.833,1.22368,1.22379,1.00,1.00
2014.02.07 18:10:51.885,1.22366,1.22378,1.50,1.00
2014.02.07 18:10:52.038,1.22366,1.22376,1.00,1.00
2014.02.07 18:10:52.089,1.22364,1.22376,1.00,1.50
2014.02.07 18:10:54.092,1.22366,1.22377,1.00,1.50
2014.02.07 18:10:54.599,1.22366,1.22378,1.00,1.00
2014.02.07 18:10:55.156,1.22365,1.22376,1.00,1.32
2014.02.07 18:10:55.661,1.22364,1.22376,1.00,1.00
2014.02.07 18:10:58.612,1.22364,1.22374,1.00,1.00
2014.02.07 18:10:59.434,1.22364,1.22375,1.00,1.00
2014.02.07 18:11:01.748,1.22362,1.22374,1.00,1.00
2014.02.07 18:11:22.190,1.22361,1.22373,1.00,1.00
2014.02.07 18:11:34.353,1.22359,1.22371,1.00,1.00
2014.02.07 18:11:43.423,1.22361,1.22373,1.00,1.50
2014.02.07 18:12:08.197,1.22363,1.22375,1.11,1.50
2014.02.07 18:12:08.502,1.22365,1.22377,1.00,1.50
2014.02.07 18:12:17.783,1.22365,1.22375,1.00,1.00
2014.02.07 18:12:17.985,1.22362,1.22374,1.00,1.00
2014.02.07 18:12:27.357,1.22362,1.22374,1.08,1.00
2014.02.07 18:12:27.873,1.22362,1.22374,1.00,1.00
2014.02.07 18:12:42.117,1.22362,1.22372,1.00,1.00
2014.02.07 18:12:47.065,1.22362,1.22374,1.00,1.50
2014.02.07 18:12:47.117,1.22364,1.22374,1.00,1.00
2014.02.07 18:12:54.541,1.22362,1.22374,1.00,1.50
2014.02.07 18:12:59.168,1.22362,1.22372,1.00,1.00
2014.02.07 18:13:05.130,1.22361,1.22371,1.00,1.00
2014.02.07 18:13:05.182,1.22359,1.22371,1.00,1.00
2014.02.07 18:13:07.564,1.22359,1.2237,1.00,1.00
2014.02.07 18:13:08.019,1.22357,1.22368,1.00,1.00
2014.02.07 18:13:08.559,1.22357,1.22369,1.00,1.50
2014.02.07 18:13:18.787,1.22357,1.22366,1.00,1.00
2014.02.07 18:13:20.015,1.22357,1.22368,1.00,1.00
2014.02.07 18:13:20.521,1.22357,1.22369,1.00,1.50
2014.02.07 18:13:22.983,1.22356,1.22367,1.00,1.00
2014.02.07 18:13:23.309,1.22359,1.22369,1.00,1.00
2014.02.07 18:13:23.469,1.22364,1.22376,1.00,1.50
2014.02.07 18:13:23.672,1.22364,1.22376,1.58,1.00
2014.02.07 18:13:23.975,1.22366,1.22378,1.11,1.38
2014.02.07 18:13:24.525,1.22366,1.22378,1.11,1.00
2014.02.07 18:13:27.171,1.22366,1.22378,1.08,1.00
2014.02.07 18:13:28.170,1.22367,1.22378,3.08,1.00
2014.02.07 18:13:28.221,1.22368,1.2238,1.08,1.00
2014.02.07 18:13:28.394,1.22368,1.2238,1.08,1.00
2014.02.07 18:13:30.037,1.22368,1.2238,1.00,1.00
2014.02.07 18:13:30.189,1.22367,1.22378,1.00,1.00
2014.02.07 18:13:30.696,1.22366,1.22378,1.00,1.00
2014.02.07 18:13:53.569,1.22364,1.22376,1.00,1.50
2014.02.07 18:13:53.872,1.22362,1.22374,1.50,1.00
2014.02.07 18:13:54.227,1.22364,1.22376,1.00,1.00
2014.02.07 18:14:14.251,1.22365,1.22377,1.00,1.00
2014.02.07 18:14:19.283,1.22364,1.22375,1.00,1.00
2014.02.07 18:14:19.801,1.22363,1.22375,1.11,1.00
2014.02.07 18:14:22.215,1.22361,1.22373,1.08,1.00
2014.02.07 18:14:25.130,1.22361,1.22373,1.11,1.00
2014.02.07 18:14:26.597,1.22361,1.22373,1.08,1.00
2014.02.07 18:14:27.255,1.22361,1.22373,1.11,1.00
2014.02.07 18:14:29.779,1.22361,1.22373,1.08,1.00
2014.02.07 18:14:30.083,1.22361,1.22373,1.11,1.00
2014.02.07 18:14:33.057,1.22361,1.22373,1.08,1.00
2014.02.07 18:14:33.312,1.22361,1.22373,1.11,1.00
2014.02.07 18:14:36.930,1.22361,1.22373,1.08,1.00
2014.02.07 18:14:37.143,1.22361,1.22373,1.11,1.00
2014.02.07 18:14:37.346,1.22361,1.22373,1.08,1.00
2014.02.07 18:14:37.651,1.2236,1.22371,1.08,1.00
2014.02.07 18:14:37.701,1.2236,1.22371,1.08,1.00
2014.02.07 18:14:40.357,1.22361,1.22373,1.11,1.00
2014.02.07 18:14:40.459,1.22361,1.22373,1.08,1.00
2014.02.07 18:14:40.662,1.22361,1.22373,1.11,1.00
2014.02.07 18:14:48.272,1.22361,1.22373,1.08,1.00
2014.02.07 18:14:50.316,1.22361,1.22373,1.11,1.00
2014.02.07 18:15:00.244,1.22361,1.22371,1.00,1.00
2014.02.07 18:15:00.447,1.22358,1.2237,1.11,2.44
2014.02.07 18:15:00.498,1.22358,1.22367,1.11,1.00
2014.02.07 18:15:00.701,1.22353,1.22364,1.96,1.00
2014.02.07 18:15:00.840,1.22353,1.22362,1.96,1.00
2014.02.07 18:15:01.991,1.2235,1.22362,1.00,1.00
2014.02.07 18:15:02.296,1.22349,1.2236,1.00,1.00
2014.02.07 18:15:02.859,1.22348,1.2236,1.00,1.00
2014.02.07 18:15:11.255,1.2235,1.22361,1.00,1.00
2014.02.07 18:15:11.781,1.2235,1.22362,1.00,1.00
2014.02.07 18:15:23.327,1.22352,1.22363,1.11,1.50
2014.02.07 18:15:23.833,1.22352,1.22364,1.00,1.50
2014.02.07 18:15:44.158,1.22353,1.22365,1.00,1.50
2014.02.07 18:15:53.998,1.22354,1.22365,1.08,1.00
2014.02.07 18:15:54.424,1.22353,1.22365,1.58,1.00
2014.02.07 18:15:54.883,1.22353,1.22365,1.08,1.00
2014.02.07 18:15:55.238,1.22353,1.22365,1.00,1.00
2014.02.07 18:15:55.440,1.22353,1.22365,1.08,1.00
2014.02.07 18:15:57.539,1.22353,1.22365,1.00,1.00
2014.02.07 18:15:59.924,1.22353,1.22365,1.08,1.00
2014.02.07 18:15:59.974,1.22355,1.22367,1.11,1.50
2014.02.07 18:16:19.311,1.22355,1.22366,1.00,1.00
2014.02.07 18:16:19.362,1.22353,1.22365,1.11,1.00
2014.02.07 18:16:24.103,1.22354,1.22365,1.00,1.00
2014.02.07 18:16:24.154,1.22355,1.22367,1.08,1.50
2014.02.07 18:16:24.357,1.22353,1.22365,1.50,1.00
2014.02.07 18:16:38.603,1.22351,1.22363,1.50,1.00
2014.02.07 18:16:53.422,1.22351,1.22363,1.58,1.50
2014.02.07 18:16:53.776,1.22353,1.22365,1.00,1.50
2014.02.07 18:17:07.820,1.22353,1.22364,1.00,1.00
2014.02.07 18:17:07.923,1.22351,1.22363,1.50,1.00
2014.02.07 18:17:07.974,1.22353,1.22363,1.00,1.00
2014.02.07 18:17:08.521,1.22353,1.22364,1.50,1.00
2014.02.07 18:17:16.699,1.22353,1.22364,1.08,1.00
2014.02.07 18:17:18.249,1.22353,1.22365,1.08,1.50
2014.02.07 18:17:47.131,1.22353,1.22361,1.08,1.00
2014.02.07 18:17:47.182,1.22353,1.22361,1.00,1.00
2014.02.07 18:17:47.233,1.22349,1.22361,2.41,1.00
2014.02.07 18:17:47.335,1.22351,1.22363,1.11,1.00
2014.02.07 18:17:47.385,1.22351,1.22363,1.08,1.00
2014.02.07 18:17:47.739,1.22353,1.22365,1.08,1.50
2014.02.07 18:18:08.621,1.22353,1.22365,1.08,1.50
2014.02.07 18:18:08.824,1.22353,1.22365,1.08,1.50
2014.02.07 18:18:09.512,1.22353,1.22364,1.08,1.00
2014.02.07 18:18:09.715,1.22353,1.22365,1.08,1.50
2014.02.07 18:18:10.070,1.22353,1.22365,1.08,1.50
2014.02.07 18:18:13.014,1.22353,1.22365,1.08,1.00
2014.02.07 18:18:47.777,1.22353,1.22368,1.08,1.00
2014.02.07 18:18:48.427,1.22353,1.22366,1.08,1.00
2014.02.07 18:18:48.952,1.22353,1.22367,1.08,1.00
2014.02.07 18:19:09.216,1.22354,1.22366,1.08,1.00
2014.02.07 18:19:10.201,1.22354,1.22366,1.00,1.50
2014.02.07 18:19:20.593,1.22354,1.22364,1.00,1.00
2014.02.07 18:19:20.644,1.22352,1.22363,1.00,1.00
2014.02.07 18:19:24.145,1.22353,1.22365,1.00,1.00
2014.02.07 18:19:28.383,1.22352,1.22363,1.50,1.00
2014.02.07 18:19:36.311,1.22351,1.22363,1.00,1.00
2014.02.07 18:19:46.930,1.22351,1.22363,1.58,1.00
2014.02.07 18:19:49.239,1.22352,1.22364,1.11,1.00
2014.02.07 18:19:54.158,1.22351,1.22362,2.33,1.00
2014.02.07 18:20:02.663,1.22352,1.22363,1.11,1.00
2014.02.07 18:20:03.365,1.22352,1.22364,1.11,1.00
2014.02.07 18:20:06.209,1.22354,1.22365,1.00,1.00
2014.02.07 18:20:06.513,1.22356,1.22368,1.58,1.00
2014.02.07 18:20:06.817,1.22358,1.2237,1.08,1.00
2014.02.07 18:20:16.837,1.22359,1.2237,1.38,1.00
2014.02.07 18:20:16.939,1.22362,1.22374,1.00,1.00
2014.02.07 18:20:17.867,1.22364,1.22375,1.00,1.00
2014.02.07 18:20:18.170,1.2237,1.22382,1.00,1.50
2014.02.07 18:20:38.137,1.22371,1.22383,1.00,1.00
2014.02.07 18:20:59.171,1.22372,1.22384,1.00,1.00
2014.02.07 18:21:08.959,1.22372,1.22383,1.00,1.00
2014.02.07 18:21:09.111,1.2237,1.22382,1.00,1.50
2014.02.07 18:21:09.365,1.2237,1.2238,1.00,1.00
2014.02.07 18:21:09.416,1.22368,1.2238,1.00,1.50
2014.02.07 18:21:30.198,1.22369,1.22381,1.00,1.00
2014.02.07 18:21:43.895,1.22367,1.22379,1.00,1.00
2014.02.07 18:22:15.308,1.22369,1.2238,1.00,1.00
2014.02.07 18:22:15.813,1.22369,1.22381,1.00,1.00
2014.02.07 18:22:35.732,1.22368,1.2238,1.00,1.00
2014.02.07 18:22:56.261,1.22369,1.22381,1.00,1.50
2014.02.07 18:23:14.456,1.22367,1.22379,1.00,1.00
2014.02.07 18:23:39.659,1.22366,1.22377,1.00,1.00
2014.02.07 18:23:40.170,1.22365,1.22377,1.00,1.50
2014.02.07 18:23:40.808,1.22365,1.22376,1.00,1.00
2014.02.07 18:23:44.616,1.22365,1.22374,1.00,1.00
2014.02.07 18:23:45.137,1.22365,1.22375,1.00,1.00
2014.02.07 18:23:48.449,1.22365,1.22374,1.00,1.00
2014.02.07 18:23:48.500,1.22362,1.22374,1.00,1.50
2014.02.07 18:23:48.551,1.22362,1.22372,1.00,1.00
2014.02.07 18:23:48.602,1.22359,1.22371,1.00,1.00
2014.02.07 18:23:54.856,1.22357,1.22369,1.00,1.00
2014.02.07 18:24:03.853,1.22358,1.22369,1.00,1.00
2014.02.07 18:24:11.534,1.22357,1.22369,1.00,1.00
2014.02.07 18:24:31.251,1.22357,1.22369,1.38,1.00
2014.02.07 18:24:32.404,1.22359,1.2237,1.00,1.00
2014.02.07 18:24:32.908,1.22359,1.22371,1.00,1.00
2014.02.07 18:24:38.291,1.2236,1.22371,1.08,1.00
2014.02.07 18:24:38.393,1.22361,1.22373,1.08,1.00
2014.02.07 18:24:38.494,1.22361,1.22373,1.11,1.00
2014.02.07 18:24:38.698,1.22361,1.22373,1.08,1.00
2014.02.07 18:24:39.058,1.22364,1.22376,1.08,1.50
2014.02.07 18:24:39.160,1.22363,1.22374,1.08,1.00
2014.02.07 18:24:39.261,1.22363,1.22374,1.00,1.00
2014.02.07 18:24:39.788,1.22362,1.22374,1.00,1.00
2014.02.07 18:24:39.991,1.22365,1.22375,1.00,1.00
2014.02.07 18:24:40.042,1.22365,1.22377,1.00,1.00
2014.02.07 18:24:40.143,1.22365,1.22377,1.08,1.00
2014.02.07 18:24:43.044,1.22367,1.22379,1.08,1.50
2014.02.07 18:24:43.248,1.22367,1.22379,1.08,1.50
2014.02.07 18:24:43.448,1.22368,1.22379,1.08,1.00
2014.02.07 18:24:43.499,1.22369,1.22381,1.11,1.50
2014.02.07 18:24:44.830,1.22369,1.2238,1.11,1.00
2014.02.07 18:24:45.084,1.22367,1.22379,1.00,1.00
2014.02.07 18:25:05.211,1.22366,1.22378,1.58,1.00
2014.02.07 18:25:26.187,1.22367,1.22379,1.00,2.25
2014.02.07 18:25:39.633,1.22365,1.22377,1.08,1.00
2014.02.07 18:25:41.819,1.22365,1.22376,1.08,1.00
2014.02.07 18:25:42.123,1.22366,1.22378,1.08,2.07
2014.02.07 18:25:42.275,1.22364,1.22376,1.08,1.00
2014.02.07 18:25:55.134,1.22364,1.22376,1.08,1.00
2014.02.07 18:25:57.129,1.22364,1.22376,1.21,1.00
2014.02.07 18:26:02.003,1.22366,1.22378,1.11,2.07
2014.02.07 18:26:06.515,1.22366,1.22378,1.11,2.63
2014.02.07 18:26:06.617,1.22368,1.22378,1.11,1.00
2014.02.07 18:26:06.921,1.22368,1.22375,1.08,1.13
2014.02.07 18:26:07.478,1.22364,1.22375,1.21,1.13
2014.02.07 18:26:07.680,1.22364,1.22375,1.08,1.13
2014.02.07 18:26:25.247,1.22364,1.22376,1.08,1.00
2014.02.07 18:26:25.349,1.22366,1.22378,1.11,1.50
2014.02.07 18:26:25.551,1.22366,1.22377,1.11,1.13
2014.02.07 18:26:29.784,1.22366,1.22375,1.11,1.13
2014.02.07 18:26:42.428,1.22363,1.22373,1.08,1.13
2014.02.07 18:26:42.580,1.22361,1.22373,1.00,3.38
2014.02.07 18:26:43.187,1.22361,1.22372,1.00,1.13
2014.02.07 18:26:46.900,1.22361,1.22373,1.00,3.00
2014.02.07 18:26:46.951,1.22361,1.22373,1.08,1.00
2014.02.07 18:26:47.052,1.22363,1.22375,1.08,1.88
2014.02.07 18:26:47.204,1.22363,1.22375,1.00,1.88
2014.02.07 18:26:48.119,1.22363,1.22375,1.00,3.00
2014.02.07 18:26:48.625,1.22361,1.22373,1.08,1.00
2014.02.07 18:27:09.221,1.22362,1.22374,1.11,1.88
2014.02.07 18:27:23.374,1.2236,1.22372,1.08,1.00
2014.02.07 18:27:30.288,1.2236,1.22372,1.08,1.00
2014.02.07 18:27:44.284,1.22361,1.22373,1.11,1.00
2014.02.07 18:27:47.058,1.22358,1.22368,1.58,1.13
2014.02.07 18:27:47.114,1.22358,1.22368,1.11,1.13
2014.02.07 18:27:47.166,1.22358,1.22366,1.11,1.13
2014.02.07 18:27:47.722,1.22354,1.22366,1.46,1.00
2014.02.07 18:27:47.976,1.22356,1.22368,2.14,1.00
2014.02.07 18:27:48.026,1.22357,1.22368,1.08,1.00
2014.02.07 18:27:48.078,1.22358,1.2237,1.08,1.00
2014.02.07 18:27:48.686,1.22358,1.2237,1.08,1.38
2014.02.07 18:27:48.788,1.22358,1.2237,1.08,1.38
2014.02.07 18:27:49.293,1.22358,1.2237,1.08,1.38
2014.02.07 18:27:49.660,1.22358,1.2237,1.08,1.13
2014.02.07 18:27:50.545,1.22358,1.22367,1.08,1.13
2014.02.07 18:27:51.000,1.22354,1.22365,1.46,1.13
2014.02.07 18:27:52.121,1.22354,1.22366,1.46,1.32
2014.02.07 18:27:55.594,1.22358,1.22367,1.11,1.00
2014.02.07 18:27:55.695,1.22358,1.22369,1.67,1.00
2014.02.07 18:27:55.747,1.22361,1.22373,1.00,3.19
2014.02.07 18:27:56.052,1.22361,1.22373,1.08,1.69
2014.02.07 18:27:56.268,1.22361,1.22373,1.08,1.32
2014.02.07 18:27:56.778,1.2236,1.22371,1.08,1.32
2014.02.07 18:27:56.879,1.22359,1.22371,1.08,1.32
2014.02.07 18:27:56.981,1.22359,1.22371,1.08,1.69
2014.02.07 18:27:58.276,1.22359,1.22371,1.08,1.00
2014.02.07 18:28:00.572,1.22359,1.22371,1.08,1.88
2014.02.07 18:28:00.876,1.22359,1.22368,1.11,1.13
2014.02.07 18:28:01.382,1.22356,1.22368,1.21,1.88
2014.02.07 18:28:03.134,1.22356,1.22368,1.21,1.00
2014.02.07 18:28:03.663,1.22356,1.22368,1.21,1.00
2014.02.07 18:28:12.271,1.22357,1.22368,1.08,1.00
2014.02.07 18:28:12.373,1.22358,1.2237,1.21,1.00
2014.02.07 18:28:22.674,1.22358,1.2237,1.08,1.38
2014.02.07 18:28:23.021,1.22352,1.22364,1.21,1.00
2014.02.07 18:28:24.999,1.22352,1.22359,1.21,1.13
2014.02.07 18:28:25.151,1.22351,1.22362,1.08,1.88
2014.02.07 18:28:41.523,1.2235,1.22359,1.08,1.13
2014.02.07 18:28:50.684,1.2235,1.2236,1.08,1.13
2014.02.07 18:28:54.155,1.2235,1.22358,1.08,1.13
2014.02.07 18:28:59.120,1.22348,1.2236,1.21,1.88
2014.02.07 18:28:59.221,1.22348,1.2236,1.21,1.88
2014.02.07 18:29:04.648,1.22351,1.22356,1.00,1.13
2014.02.07 18:29:04.751,1.22349,1.22361,1.08,1.88
2014.02.07 18:29:05.257,1.22349,1.22361,1.08,1.00
2014.02.07 18:29:05.713,1.22351,1.22363,1.08,2.82
2014.02.07 18:29:06.985,1.22351,1.22363,1.08,1.69
2014.02.07 18:29:07.289,1.22351,1.22358,1.08,1.13
2014.02.07 18:29:07.441,1.22349,1.22361,1.08,1.88
2014.02.07 18:29:07.492,1.22349,1.22361,1.08,1.88
2014.02.07 18:29:07.543,1.22349,1.22361,1.39,1.00
2014.02.07 18:29:07.697,1.22352,1.22364,1.08,1.50
2014.02.07 18:29:08.001,1.22354,1.2236,1.00,1.13
2014.02.07 18:29:08.845,1.22354,1.22362,1.00,1.13
2014.02.07 18:29:08.997,1.22351,1.22363,1.08,2.07
2014.02.07 18:29:09.200,1.22351,1.22362,1.08,1.13
2014.02.07 18:29:10.723,1.22351,1.2236,1.08,1.13
2014.02.07 18:29:13.046,1.22349,1.22361,1.08,1.32
2014.02.07 18:29:13.602,1.22351,1.22363,1.08,2.07
2014.02.07 18:29:14.908,1.22351,1.22362,1.08,1.13
2014.02.07 18:29:16.563,1.22351,1.22362,1.08,1.50
2014.02.07 18:29:16.867,1.22349,1.22358,1.08,1.13
2014.02.07 18:29:17.784,1.22349,1.2236,1.08,1.13
2014.02.07 18:29:25.193,1.22349,1.22358,1.58,1.13
2014.02.07 18:29:25.699,1.22349,1.2236,1.96,1.13
2014.02.07 18:29:25.852,1.22349,1.22361,1.96,1.50
2014.02.07 18:29:25.953,1.22351,1.22363,1.08,1.32
2014.02.07 18:29:26.055,1.22351,1.22363,1.08,1.32
2014.02.07 18:29:26.258,1.22351,1.22363,1.08,1.32
2014.02.07 18:29:31.303,1.22351,1.22363,1.08,1.69
2014.02.07 18:29:31.607,1.22351,1.22359,1.08,1.13
2014.02.07 18:29:31.658,1.22351,1.2236,1.08,1.13
2014.02.07 18:29:35.178,1.22349,1.22358,1.58,1.13
2014.02.07 18:29:42.189,1.22349,1.22361,1.21,1.32
2014.02.07 18:29:42.394,1.22349,1.22358,1.08,1.13
2014.02.07 18:29:45.919,1.22347,1.22356,1.88,1.13
2014.02.07 18:29:50.763,1.22347,1.22355,1.50,1.13
2014.02.07 18:29:52.950,1.22347,1.22358,2.33,1.82
2014.02.07 18:29:53.052,1.22347,1.22359,2.71,1.57
2014.02.07 18:29:53.153,1.22349,1.22361,1.08,2.07
2014.02.07 18:29:53.406,1.22349,1.2236,1.08,1.13
2014.02.07 18:29:53.625,1.22349,1.22361,1.08,1.32
2014.02.07 18:29:53.929,1.22349,1.2236,1.08,1.13
2014.02.07 18:29:59.052,1.22349,1.2236,1.08,1.13
2014.02.07 18:29:59.567,1.22349,1.22361,1.08,1.32
2014.02.07 18:30:00.229,1.22349,1.22361,1.08,1.69
2014.02.07 18:30:00.735,1.22349,1.22361,1.08,1.32
2014.02.07 18:30:01.102,1.22349,1.2236,1.08,1.13
2014.02.07 18:30:01.761,1.22349,1.22361,1.08,1.32
2014.02.07 18:30:02.193,1.22349,1.2236,1.08,1.13
2014.02.07 18:30:02.661,1.22349,1.22361,1.08,1.00
2014.02.07 18:30:03.079,1.22351,1.22363,1.08,1.32
2014.02.07 18:30:23.152,1.22352,1.22364,1.11,2.07
2014.02.07 18:30:27.685,1.22352,1.22363,1.11,1.13
2014.02.07 18:30:28.090,1.22352,1.22364,1.11,1.32
2014.02.07 18:30:28.746,1.22352,1.22362,1.11,1.13
2014.02.07 18:30:29.071,1.2235,1.22359,1.08,1.13
2014.02.07 18:30:29.122,1.2235,1.22362,1.08,2.25
2014.02.07 18:30:29.224,1.2235,1.22359,1.08,1.13
2014.02.07 18:30:29.782,1.2235,1.22362,1.08,1.88
2014.02.07 18:30:30.289,1.2235,1.22359,1.08,1.13
2014.02.07 18:30:30.962,1.22349,1.2236,1.08,1.32
2014.02.07 18:30:31.643,1.2235,1.22362,1.58,2.07
2014.02.07 18:30:31.694,1.2235,1.22362,1.50,1.32
2014.02.07 18:30:55.555,1.2235,1.22362,1.08,1.00
2014.02.07 18:30:56.061,1.2235,1.22361,1.08,1.00
2014.02.07 18:31:02.714,1.22349,1.2236,1.08,1.00
2014.02.07 18:31:15.144,1.2235,1.22362,1.08,1.50
2014.02.07 18:31:17.221,1.2235,1.22362,1.96,1.50
2014.02.07 18:31:17.425,1.2235,1.22362,1.08,1.00
2014.02.07 18:31:37.142,1.2235,1.2236,1.08,1.35
2014.02.07 18:31:37.446,1.22339,1.22344,1.50,1.88
2014.02.07 18:31:37.547,1.22331,1.22339,1.13,1.00
2014.02.07 18:31:37.599,1.22328,1.22339,1.38,1.38
2014.02.07 18:31:37.650,1.22328,1.22337,1.00,1.13
2014.02.07 18:31:37.701,1.22326,1.22333,1.00,1.00
2014.02.07 18:31:38.119,1.22321,1.22328,1.50,1.50
2014.02.07 18:31:38.323,1.22313,1.22324,1.00,1.38
2014.02.07 18:31:38.374,1.22315,1.22324,1.00,1.38
2014.02.07 18:31:38.680,1.22317,1.22324,1.00,1.75
2014.02.07 18:31:38.732,1.22317,1.22325,1.00,1.38
2014.02.07 18:31:38.784,1.22317,1.22325,1.00,1.00
2014.02.07 18:31:38.936,1.22317,1.22327,1.00,1.00
2014.02.07 18:31:39.037,1.22317,1.22325,2.25,1.00
2014.02.07 18:31:39.242,1.22318,1.22327,1.00,1.00
2014.02.07 18:31:39.546,1.2232,1.22331,1.00,1.88
2014.02.07 18:31:39.647,1.2232,1.22331,1.00,1.00
2014.02.07 18:31:39.750,1.2232,1.22333,1.00,1.88
2014.02.07 18:31:40.256,1.22321,1.22333,1.00,1.50
2014.02.07 18:31:41.527,1.2232,1.22335,1.00,5.25
2014.02.07 18:31:43.181,1.22319,1.22334,1.13,1.88
2014.02.07 18:31:43.437,1.22319,1.2233,1.00,1.00
2014.02.07 18:31:43.961,1.22319,1.22329,1.00,1.00
2014.02.07 18:31:47.815,1.22318,1.22329,1.00,1.00
2014.02.07 18:31:48.220,1.22319,1.22331,1.05,1.00
2014.02.07 18:32:02.174,1.22319,1.22331,1.38,1.00
2014.02.07 18:32:04.879,1.22319,1.22331,1.13,1.13
2014.02.07 18:32:08.591,1.22318,1.2233,2.63,1.00
2014.02.07 18:32:10.746,1.22318,1.2233,2.63,1.00
2014.02.07 18:32:19.492,1.22321,1.22328,1.00,1.00
2014.02.07 18:32:19.645,1.22318,1.2233,2.25,1.00
2014.02.07 18:32:19.899,1.2232,1.2233,2.25,1.00
2014.02.07 18:32:20.001,1.22321,1.22333,3.00,1.00
2014.02.07 18:32:20.102,1.22323,1.22335,1.00,1.00
2014.02.07 18:32:21.214,1.22323,1.22335,1.38,1.00
2014.02.07 18:32:36.530,1.22323,1.22335,1.38,1.00
2014.02.07 18:32:36.833,1.22325,1.22337,1.00,1.00
2014.02.07 18:32:36.986,1.22325,1.22334,1.00,1.00
2014.02.07 18:32:37.494,1.22323,1.22335,1.38,1.00
2014.02.07 18:32:38.857,1.22325,1.22336,1.00,1.00
2014.02.07 18:32:39.521,1.22325,1.22337,1.00,1.00
2014.02.07 18:32:40.983,1.22325,1.22335,1.00,1.00
2014.02.07 18:32:41.202,1.22323,1.22335,1.00,1.88
2014.02.07 18:32:41.304,1.22323,1.22333,1.00,1.00
2014.02.07 18:32:41.406,1.22323,1.22335,1.00,1.88
2014.02.07 18:32:41.972,1.22323,1.22335,1.38,1.50
2014.02.07 18:32:47.037,1.22323,1.22335,1.00,1.88
2014.02.07 18:32:48.384,1.22323,1.22333,1.00,1.00
2014.02.07 18:32:54.703,1.22321,1.22333,1.13,1.50
2014.02.07 18:33:30.718,1.22321,1.22332,1.60,1.00
2014.02.07 18:33:35.263,1.22322,1.22332,1.00,1.00
2014.02.07 18:33:38.856,1.22321,1.22331,0.60,1.00
2014.02.07 18:33:39.940,1.22321,1.2233,0.60,1.00
2014.02.07 18:33:42.891,1.22321,1.22332,1.98,1.00
2014.02.07 18:33:42.993,1.22322,1.22334,1.38,1.00
2014.02.07 18:33:43.498,1.22324,1.22335,1.00,1.00
2014.02.07 18:33:46.974,1.22324,1.22336,1.00,2.25
2014.02.07 18:33:50.815,1.22324,1.22336,1.38,1.00
2014.02.07 18:33:51.473,1.22326,1.22337,1.00,1.13
2014.02.07 18:33:57.573,1.22326,1.22338,1.00,1.50
2014.02.07 18:34:04.099,1.22327,1.22338,1.00,1.00
2014.02.07 18:34:04.200,1.22328,1.2234,1.00,3.38
2014.02.07 18:34:18.901,1.22329,1.2234,1.13,1.00
2014.02.07 18:34:19.546,1.2233,1.22342,1.00,1.88
2014.02.07 18:34:20.916,1.2233,1.2234,1.00,1.00
2014.02.07 18:34:38.218,1.2233,1.2234,1.00,1.50
2014.02.07 18:34:39.154,1.22329,1.2234,1.50,1.50
2014.02.07 18:34:43.462,1.22329,1.2234,1.00,1.50
2014.02.07 18:34:45.879,1.22328,1.22339,1.00,1.38
2014.02.07 18:34:46.426,1.22327,1.22339,1.00,1.50
2014.02.07 18:34:52.386,1.22327,1.22339,1.00,1.88
2014.02.07 18:34:52.538,1.22323,1.22335,1.38,1.00
2014.02.07 18:34:53.014,1.22326,1.22337,1.13,1.38
2014.02.07 18:34:53.523,1.22327,1.22338,1.00,1.38
2014.02.07 18:34:53.928,1.22327,1.22338,1.00,1.38
2014.02.07 18:34:53.979,1.22327,1.22339,1.00,2.63
2014.02.07 18:34:54.754,1.22327,1.22338,1.00,1.00
2014.02.07 18:34:56.034,1.22327,1.22339,1.00,1.50
2014.02.07 18:35:00.870,1.22327,1.22339,1.38,1.00
2014.02.07 18:35:01.127,1.22329,1.22341,1.13,1.50
2014.02.07 18:35:02.622,1.22329,1.22341,1.38,1.00
2014.02.07 18:35:07.613,1.22329,1.22341,1.13,1.13
2014.02.07 18:35:08.399,1.22329,1.22341,1.38,1.00
2014.02.07 18:35:27.871,1.22329,1.22341,1.13,1.13
2014.02.07 18:35:43.140,1.22329,1.22341,1.38,1.00
2014.02.07 18:35:45.289,1.22329,1.22341,1.00,1.38
2014.02.07 18:35:52.391,1.22329,1.22341,1.13,1.88
2014.02.07 18:36:02.229,1.22328,1.2234,1.38,1.00
2014.02.07 18:36:22.174,1.22329,1.22341,1.13,2.63
2014.02.07 18:36:23.497,1.22329,1.22341,1.38,1.50
2014.02.07 18:36:24.814,1.22331,1.22341,1.13,1.00
2014.02.07 18:36:24.865,1.22331,1.22343,1.13,2.25
2014.02.07 18:36:25.270,1.22335,1.22344,1.00,1.13
2014.02.07 18:37:24.942,1.22335,1.22346,1.00,1.88
2014.02.07 18:37:25.257,1.22333,1.22346,1.13,1.88
2014.02.07 18:37:37.037,1.22336,1.22346,2.10,1.88
2014.02.07 18:37:37.341,1.22343,1.22351,1.88,1.38
2014.02.07 18:37:37.392,1.22345,1.22351,1.00,1.00
2014.02.07 18:37:37.546,1.22345,1.22355,1.00,1.00
2014.02.07 18:37:40.685,1.22345,1.22357,1.00,1.00
2014.02.07 18:37:42.615,1.22346,1.22357,1.00,1.00
2014.02.07 18:37:43.264,1.22346,1.22357,1.13,1.38
2014.02.07 18:37:43.366,1.22346,1.22357,1.13,1.00
2014.02.07 18:37:43.469,1.22346,1.22354,1.00,1.00
2014.02.07 18:37:43.571,1.22344,1.22354,1.13,1.00
2014.02.07 18:37:45.056,1.22344,1.22354,1.00,1.38
2014.02.07 18:37:45.261,1.22345,1.22351,1.00,1.00
2014.02.07 18:37:45.843,1.22345,1.22352,1.00,1.50
2014.02.07 18:37:45.996,1.22346,1.22355,1.00,1.13
2014.02.07 18:38:02.345,1.22345,1.22355,1.13,1.00
2014.02.07 18:38:06.259,1.22345,1.22356,1.13,1.00
2014.02.07 18:38:09.620,1.22346,1.22356,1.00,1.00
2014.02.07 18:38:09.925,1.22346,1.22358,1.50,1.00
2014.02.07 18:38:10.431,1.22346,1.22358,1.88,1.00
2014.02.07 18:38:30.158,1.22346,1.22357,1.88,1.00
2014.02.07 18:39:02.938,1.22346,1.22357,1.88,1.00
2014.02.07 18:39:09.329,1.22346,1.22356,1.88,1.00
2014.02.07 18:39:09.430,1.22347,1.22355,1.08,1.00
2014.02.07 18:39:09.836,1.22346,1.22355,1.08,1.00
2014.02.07 18:39:09.937,1.22346,1.22357,1.08,1.50
2014.02.07 18:39:10.090,1.22346,1.22357,1.08,1.50
2014.02.07 18:39:49.908,1.22345,1.22355,1.08,1.88
2014.02.07 18:39:50.431,1.22343,1.22355,1.21,1.88
2014.02.07 18:40:10.226,1.22342,1.22354,3.31,1.00
2014.02.07 18:40:14.295,1.22348,1.22357,1.08,1.13
2014.02.07 18:40:14.396,1.22348,1.22359,1.08,1.00
2014.02.07 18:40:14.902,1.22348,1.2236,1.08,1.13
2014.02.07 18:40:21.051,1.2235,1.22362,1.08,1.00
2014.02.07 18:40:27.882,1.2235,1.22362,1.96,1.00
2014.02.07 18:40:29.469,1.22352,1.22364,1.13,1.13
2014.02.07 18:40:50.078,1.22351,1.22363,1.96,1.00
2014.02.07 18:40:50.691,1.22351,1.22363,1.96,1.00
2014.02.07 18:40:50.742,1.22354,1.22365,1.00,2.25
2014.02.07 18:41:32.179,1.22352,1.22364,2.56,1.00
2014.02.07 18:41:51.068,1.22353,1.22364,1.13,1.00
2014.02.07 18:41:58.183,1.22354,1.22364,1.00,1.00
2014.02.07 18:42:06.888,1.22355,1.22364,1.00,1.00
2014.02.07 18:42:32.188,1.22355,1.22365,1.00,1.00
2014.02.07 18:42:33.620,1.22353,1.22365,1.13,1.00
2014.02.07 18:43:34.324,1.22352,1.22364,2.48,1.00
2014.02.07 18:43:42.954,1.22355,1.22364,1.00,1.00
2014.02.07 18:43:47.966,1.22355,1.22365,1.00,1.50
2014.02.07 18:44:06.063,1.22354,1.22365,1.00,1.00
2014.02.07 18:44:08.194,1.22353,1.22365,1.88,1.50
2014.02.07 18:44:26.275,1.22355,1.22365,1.00,1.50
2014.02.07 18:44:35.660,1.22354,1.22365,1.00,1.50
2014.02.07 18:44:41.705,1.22355,1.22365,1.00,1.50
2014.02.07 18:44:57.427,1.22353,1.22365,1.88,1.50
2014.02.07 18:45:09.234,1.22353,1.22364,1.13,1.00
2014.02.07 18:45:20.436,1.22354,1.22364,1.00,1.00
2014.02.07 18:45:21.457,1.22355,1.22364,1.00,1.38
2014.02.07 18:45:21.558,1.22352,1.22364,1.00,2.25
2014.02.07 18:45:21.660,1.22351,1.22359,1.00,1.00
2014.02.07 18:45:21.711,1.22347,1.22359,1.46,1.00
2014.02.07 18:45:22.252,1.22347,1.22359,1.38,1.00
2014.02.07 18:45:42.145,1.22348,1.2236,1.13,2.25
2014.02.07 18:45:56.728,1.22351,1.22363,1.13,2.25
2014.02.07 18:45:57.508,1.22351,1.22363,1.88,1.00
2014.02.07 18:46:03.734,1.22351,1.2236,1.38,1.00
2014.02.07 18:46:09.001,1.22351,1.22363,1.38,2.25
2014.02.07 18:46:10.436,1.22351,1.22362,1.38,1.00
2014.02.07 18:46:10.942,1.22351,1.22363,1.38,1.50
2014.02.07 18:46:30.014,1.22349,1.22361,1.38,1.00
2014.02.07 18:46:44.603,1.22349,1.22361,1.38,1.00
2014.02.07 18:46:50.354,1.2235,1.22362,1.38,1.00
2014.02.07 18:46:52.009,1.2235,1.2236,1.38,1.00
2014.02.07 18:46:52.313,1.2235,1.22362,1.38,1.50
2014.02.07 18:46:53.035,1.2235,1.22362,1.00,1.00
2014.02.07 18:46:53.826,1.2235,1.22362,1.38,1.00
2014.02.07 18:46:57.126,1.22349,1.2236,1.38,1.00
2014.02.07 18:46:57.734,1.22348,1.2236,1.38,1.00
2014.02.07 18:47:22.417,1.22348,1.2236,1.13,1.13
2014.02.07 18:47:22.518,1.22347,1.22358,1.00,1.00
2014.02.07 18:47:22.822,1.22341,1.22351,1.50,1.00
2014.02.07 18:47:32.215,1.22341,1.22353,1.38,1.00
2014.02.07 18:47:32.569,1.22343,1.22355,1.00,1.50
2014.02.07 18:47:33.075,1.22343,1.22354,1.00,1.00
2014.02.07 18:47:33.227,1.22341,1.22353,1.88,1.00
2014.02.07 18:47:33.481,1.2234,1.22351,1.38,1.00
2014.02.07 18:47:35.655,1.22341,1.22352,1.13,1.00
2014.02.07 18:47:35.973,1.22338,1.22344,1.50,1.00
2014.02.07 18:47:36.024,1.22334,1.22344,1.00,1.38
2014.02.07 18:47:36.278,1.22329,1.22341,1.88,1.00
2014.02.07 18:47:36.829,1.22329,1.22341,1.50,1.00
2014.02.07 18:47:37.372,1.22328,1.22339,1.00,1.00
2014.02.07 18:47:37.879,1.22327,1.22339,1.88,1.00
2014.02.07 18:47:38.565,1.22327,1.22339,1.88,1.00
2014.02.07 18:47:41.138,1.22327,1.22339,1.13,1.13
2014.02.07 18:47:47.810,1.22327,1.22339,1.38,1.00
2014.02.07 18:47:49.101,1.22327,1.22339,1.13,1.13
2014.02.07 18:48:14.123,1.22327,1.22339,2.63,1.00
2014.02.07 18:48:36.781,1.22327,1.22339,1.88,1.00
2014.02.07 18:48:37.402,1.22329,1.2234,1.38,1.00
2014.02.07 18:48:37.525,1.22329,1.22342,1.38,1.13
2014.02.07 18:48:38.078,1.22329,1.22341,1.88,1.00
2014.02.07 18:48:43.219,1.22329,1.22335,1.88,1.00
2014.02.07 18:48:43.421,1.22329,1.22337,1.88,1.00
2014.02.07 18:48:49.738,1.22329,1.22338,1.38,1.00
2014.02.07 18:48:52.145,1.22329,1.22341,1.88,1.00
2014.02.07 18:48:57.972,1.22329,1.22341,1.88,1.00
2014.02.07 18:48:58.474,1.22329,1.22341,1.88,1.00
2014.02.07 18:48:59.192,1.22329,1.22341,1.38,1.00
2014.02.07 18:48:59.710,1.22329,1.22341,1.38,1.00
2014.02.07 18:49:01.783,1.22329,1.22341,1.38,1.00
2014.02.07 18:49:02.110,1.22326,1.22338,1.58,1.00
2014.02.07 18:49:02.619,1.22326,1.22338,1.88,1.00
2014.02.07 18:49:09.394,1.22325,1.22336,1.38,1.00
2014.02.07 18:49:09.498,1.22324,1.22336,1.38,1.00
2014.02.07 18:49:17.563,1.22324,1.22336,1.13,1.50
2014.02.07 18:49:20.420,1.22324,1.22334,1.13,1.00
2014.02.07 18:49:23.207,1.22322,1.22334,1.38,1.50
2014.02.07 18:49:40.524,1.22323,1.22334,1.46,1.00
2014.02.07 18:49:40.575,1.22324,1.22336,1.46,1.00
2014.02.07 18:49:40.880,1.22324,1.22336,1.46,1.00
2014.02.07 18:49:47.731,1.22324,1.22336,1.21,1.57
2014.02.07 18:49:48.368,1.22322,1.22334,1.46,1.50
2014.02.07 18:50:40.980,1.22322,1.22334,1.38,1.50
2014.02.07 18:50:50.240,1.22323,1.22335,1.88,1.00
2014.02.07 18:50:51.510,1.22323,1.22335,1.13,1.57
2014.02.07 18:51:03.045,1.22323,1.22335,1.13,2.07
2014.02.07 18:51:10.175,1.22322,1.22334,1.38,1.00
2014.02.07 18:51:14.542,1.22322,1.22334,1.13,1.13
2014.02.07 18:51:30.220,1.22322,1.22334,1.00,1.69
2014.02.07 18:51:30.812,1.22321,1.22333,1.50,1.13
2014.02.07 18:51:31.318,1.22321,1.22333,1.08,1.94
2014.02.07 18:51:31.853,1.22321,1.22333,1.00,1.38
2014.02.07 18:51:32.987,1.22321,1.22333,1.08,2.25
2014.02.07 18:51:35.853,1.22319,1.22331,2.33,1.00
2014.02.07 18:51:35.955,1.22319,1.22331,1.58,1.00
2014.02.07 18:51:36.209,1.22323,1.22335,1.00,1.38
2014.02.07 18:51:37.550,1.22323,1.22335,1.00,1.32
2014.02.07 18:51:38.143,1.22323,1.22335,1.00,1.57
2014.02.07 18:51:38.775,1.22321,1.22333,1.08,1.00
2014.02.07 18:51:40.817,1.22321,1.22333,1.08,1.88
2014.02.07 18:51:41.121,1.22319,1.2233,1.08,1.82
2014.02.07 18:51:41.627,1.22319,1.22329,1.08,1.13
2014.02.07 18:51:48.614,1.22319,1.22327,1.08,1.13
2014.02.07 18:51:55.868,1.22317,1.22328,1.21,1.00
2014.02.07 18:52:00.084,1.22318,1.2233,1.46,2.44
2014.02.07 18:52:00.889,1.22317,1.22328,1.96,1.00
2014.02.07 18:52:29.885,1.22317,1.22328,1.96,1.00
2014.02.07 18:52:30.410,1.2232,1.22329,1.00,1.00
2014.02.07 18:52:53.893,1.2232,1.2233,1.13,1.00
2014.02.07 18:52:56.079,1.2232,1.22331,1.13,1.00
2014.02.07 18:52:58.273,1.2232,1.22331,1.96,1.00
2014.02.07 18:53:03.224,1.22322,1.22334,1.13,2.63
2014.02.07 18:53:20.037,1.22324,1.22334,1.13,1.00
2014.02.07 18:53:20.088,1.22324,1.22336,1.13,2.25
2014.02.07 18:53:25.064,1.22324,1.22335,1.13,1.00
2014.02.07 18:53:26.270,1.22324,1.22332,1.13,1.00
2014.02.07 18:53:27.162,1.22324,1.22334,1.13,1.00
2014.02.07 18:53:27.802,1.22324,1.22329,1.00,1.00
2014.02.07 18:53:28.865,1.22323,1.22329,1.00,1.00
2014.02.07 18:53:29.219,1.22322,1.22333,1.13,1.00
2014.02.07 18:53:29.323,1.22322,1.22329,1.13,1.00
2014.02.07 18:53:29.577,1.22322,1.22332,1.13,1.00
2014.02.07 18:53:33.978,1.22322,1.22334,1.13,1.88
2014.02.07 18:53:36.181,1.22322,1.2233,1.00,1.00
2014.02.07 18:53:48.502,1.22322,1.22331,1.00,1.00
2014.02.07 18:53:53.815,1.22322,1.22334,1.38,1.50
2014.02.07 18:53:57.980,1.22324,1.22334,1.00,1.50
2014.02.07 18:53:58.082,1.22324,1.22334,1.88,1.00
2014.02.07 18:53:58.234,1.22324,1.22336,3.38,1.00
2014.02.07 18:53:58.769,1.22326,1.22337,1.13,1.00
2014.02.07 18:54:00.731,1.22326,1.22333,1.50,1.00
2014.02.07 18:54:01.237,1.22326,1.22334,1.13,1.00
2014.02.07 18:54:01.869,1.22326,1.22334,1.38,1.00
2014.02.07 18:54:02.073,1.22326,1.22336,1.38,1.00
2014.02.07 18:54:02.481,1.22326,1.22338,1.38,1.50
2014.02.07 18:54:04.167,1.22326,1.22338,1.00,1.88
2014.02.07 18:54:04.675,1.22324,1.22336,1.57,1.00
2014.02.07 18:54:06.238,1.22324,1.22335,1.57,1.00
2014.02.07 18:54:08.348,1.22324,1.22334,1.57,1.00
2014.02.07 18:54:08.897,1.22326,1.22337,1.00,1.00
2014.02.07 18:54:10.202,1.22326,1.22338,1.00,1.88
2014.02.07 18:54:10.711,1.22326,1.22338,1.38,1.00
2014.02.07 18:54:16.624,1.22326,1.22336,1.38,1.00
2014.02.07 18:54:30.664,1.22326,1.22335,1.38,1.00
2014.02.07 18:54:32.196,1.22326,1.22335,1.38,1.00
2014.02.07 18:54:32.502,1.22326,1.22335,1.00,1.00
2014.02.07 18:54:32.553,1.22326,1.22337,1.00,1.13
2014.02.07 18:54:33.212,1.22326,1.22333,1.00,1.00
2014.02.07 18:54:35.048,1.22324,1.22333,1.27,1.00
2014.02.07 18:54:36.317,1.22324,1.22336,1.15,1.00
2014.02.07 18:54:41.611,1.22324,1.22336,1.52,1.00
2014.02.07 18:54:45.081,1.22324,1.22336,1.15,1.00
2014.02.07 18:54:45.840,1.22324,1.22336,1.00,1.00
2014.02.07 18:54:51.573,1.22324,1.22332,1.00,1.00
2014.02.07 18:54:51.826,1.22326,1.22338,1.00,3.57
2014.02.07 18:55:01.388,1.22326,1.22336,1.00,1.00
2014.02.07 18:55:02.148,1.22326,1.22336,1.00,1.50
2014.02.07 18:55:03.331,1.22325,1.22335,1.00,1.13
2014.02.07 18:55:03.381,1.22324,1.22332,1.00,1.00
2014.02.07 18:55:03.686,1.22322,1.2233,1.00,1.13
2014.02.07 18:55:04.091,1.2232,1.22332,1.00,3.75
2014.02.07 18:55:04.994,1.2232,1.22332,1.00,1.88
2014.02.07 18:55:16.795,1.22322,1.22333,1.00,1.50
2014.02.07 18:55:17.330,1.22322,1.22334,1.00,1.88
2014.02.07 18:55:19.070,1.22322,1.22334,1.00,1.88
2014.02.07 18:55:19.222,1.2232,1.22332,1.00,1.00
2014.02.07 18:55:20.459,1.22321,1.22332,1.00,1.00
2014.02.07 18:55:20.965,1.2232,1.22332,1.00,1.50
2014.02.07 18:55:21.473,1.2232,1.22331,1.00,1.13
2014.02.07 18:55:22.029,1.2232,1.2233,1.00,1.00
2014.02.07 18:55:25.983,1.22318,1.2233,1.00,1.88
2014.02.07 18:55:26.186,1.22316,1.22328,1.38,1.00
2014.02.07 18:55:28.058,1.22316,1.22328,1.13,1.13
2014.02.07 18:55:28.463,1.22319,1.2233,1.00,1.00
2014.02.07 18:55:30.130,1.22319,1.22331,1.00,2.25
2014.02.07 18:55:30.799,1.22321,1.22333,1.00,2.63
2014.02.07 18:55:48.800,1.22321,1.22332,1.00,1.00
2014.02.07 18:55:49.867,1.22321,1.22332,1.00,1.38
2014.02.07 18:55:51.246,1.2232,1.22332,1.00,1.88
2014.02.07 18:55:59.142,1.22318,1.2233,1.00,1.13
2014.02.07 18:56:12.615,1.22318,1.22327,1.00,1.00
2014.02.07 18:56:13.517,1.22318,1.22329,1.00,1.38
2014.02.07 18:56:15.920,1.22318,1.22329,1.13,1.00
2014.02.07 18:56:18.320,1.2232,1.22329,1.00,1.00
2014.02.07 18:56:19.258,1.2232,1.2233,1.00,1.50
2014.02.07 18:56:20.021,1.2232,1.22332,1.11,1.88
2014.02.07 18:56:20.360,1.22323,1.22333,1.00,1.50
2014.02.07 18:56:20.462,1.22323,1.22333,1.00,1.13
2014.02.07 18:56:26.095,1.22325,1.22333,1.00,1.13
2014.02.07 18:56:26.197,1.22325,1.22335,1.00,1.13
2014.02.07 18:56:29.081,1.22325,1.22335,1.00,1.38
2014.02.07 18:56:30.272,1.22325,1.22332,1.00,1.00
2014.02.07 18:56:31.575,1.22325,1.22333,1.00,1.00
2014.02.07 18:56:32.117,1.22325,1.22332,1.00,1.13
2014.02.07 18:56:33.130,1.22327,1.22333,1.00,1.00
2014.02.07 18:56:33.588,1.22325,1.22333,1.00,1.00
2014.02.07 18:56:40.960,1.22322,1.22334,1.00,1.50
2014.02.07 18:56:41.720,1.22324,1.22335,1.00,1.75
2014.02.07 18:56:41.822,1.22324,1.22331,1.00,1.00
2014.02.07 18:56:41.873,1.22322,1.22331,1.00,1.00
2014.02.07 18:56:41.924,1.22322,1.22326,1.00,1.00
2014.02.07 18:56:42.026,1.22322,1.22329,1.00,1.00
2014.02.07 18:56:42.229,1.22322,1.22332,1.00,1.13
2014.02.07 18:56:42.938,1.22322,1.22332,1.00,1.38
2014.02.07 18:56:43.798,1.22322,1.22328,1.00,1.00
2014.02.07 18:56:44.338,1.22322,1.22327,1.00,1.00
2014.02.07 18:56:44.704,1.2232,1.22327,1.00,1.00
2014.02.07 18:56:45.010,1.22318,1.22326,1.00,1.00
2014.02.07 18:56:45.061,1.22318,1.22328,1.00,1.00
2014.02.07 18:56:45.567,1.22318,1.22329,1.00,1.50
2014.02.07 18:56:46.023,1.22322,1.22329,1.00,1.38
2014.02.07 18:56:46.681,1.22322,1.22333,1.00,1.50
2014.02.07 18:56:58.857,1.22322,1.22334,1.00,2.63
2014.02.07 18:56:59.009,1.22322,1.22332,1.08,1.00
2014.02.07 18:56:59.313,1.22324,1.22332,1.08,1.00
2014.02.07 18:56:59.566,1.22324,1.22332,1.11,1.00
2014.02.07 18:57:05.746,1.22324,1.22333,1.11,1.00
2014.02.07 18:57:08.147,1.22324,1.22332,1.11,1.00
2014.02.07 18:57:08.400,1.22324,1.22334,1.00,1.00
2014.02.07 18:57:19.185,1.22325,1.22334,1.00,1.00
2014.02.07 18:57:20.355,1.22325,1.22335,1.00,1.13
2014.02.07 18:57:22.844,1.22325,1.22335,1.08,1.13
2014.02.07 18:57:23.070,1.22325,1.22337,1.58,1.88
2014.02.07 18:57:27.975,1.22325,1.22337,2.93,1.13
2014.02.07 18:57:28.127,1.22327,1.22339,1.58,2.63
2014.02.07 18:57:34.992,1.22327,1.22336,1.58,1.00
2014.02.07 18:57:35.501,1.22327,1.22336,1.00,1.00
2014.02.07 18:57:48.165,1.22326,1.22336,1.21,1.00
2014.02.07 18:57:48.715,1.22326,1.22336,1.58,1.00
2014.02.07 18:57:53.354,1.22326,1.22336,1.58,1.00
2014.02.07 18:57:58.524,1.22326,1.22335,1.58,1.00
2014.02.07 18:58:21.568,1.22325,1.22337,1.58,1.13
2014.02.07 18:58:22.478,1.22326,1.22337,1.08,1.00
2014.02.07 18:58:27.300,1.22326,1.22337,1.08,1.00
2014.02.07 18:58:27.503,1.22327,1.22339,1.21,1.50
2014.02.07 18:58:27.605,1.22329,1.22341,1.08,1.88
2014.02.07 18:58:27.858,1.22331,1.22343,1.08,3.00
2014.02.07 18:58:29.561,1.22331,1.22343,1.08,1.00
2014.02.07 18:58:42.221,1.22331,1.22343,1.08,1.75
2014.02.07 18:58:42.272,1.22331,1.22343,1.11,1.75
2014.02.07 18:58:42.727,1.22331,1.22342,1.11,1.50
2014.02.07 18:58:47.739,1.22331,1.22343,1.11,1.00
2014.02.07 18:58:59.000,1.22331,1.22343,1.11,1.38
2014.02.07 18:58:59.513,1.22331,1.22343,1.11,1.50
2014.02.07 18:58:59.841,1.2233,1.2234,1.08,1.00
2014.02.07 18:59:00.606,1.22328,1.2234,1.21,1.13
2014.02.07 18:59:00.760,1.22328,1.22339,1.11,1.88
2014.02.07 18:59:01.262,1.22326,1.22338,1.21,1.38
2014.02.07 18:59:02.937,1.22326,1.22338,1.58,1.00
2014.02.07 18:59:06.444,1.22326,1.22338,1.50,1.50
2014.02.07 18:59:10.754,1.22326,1.22338,1.08,1.00
2014.02.07 18:59:10.856,1.22328,1.2234,1.11,1.88
2014.02.07 18:59:10.957,1.22328,1.2234,1.08,1.88
2014.02.07 18:59:14.036,1.22328,1.22339,1.11,1.00
2014.02.07 18:59:14.544,1.22326,1.22338,1.08,1.00
2014.02.07 18:59:30.654,1.22326,1.22337,1.08,1.50
2014.02.07 18:59:30.756,1.22324,1.22336,1.00,1.50
2014.02.07 18:59:30.908,1.22324,1.22328,1.00,1.00
2014.02.07 18:59:31.010,1.2232,1.22332,1.58,2.25
2014.02.07 18:59:31.234,1.22319,1.22329,1.11,1.00
2014.02.07 18:59:31.340,1.22317,1.22329,1.96,1.50
2014.02.07 18:59:31.442,1.22319,1.22329,1.00,1.00
2014.02.07 18:59:31.644,1.22317,1.22329,1.00,1.50
2014.02.07 18:59:31.796,1.22317,1.22325,1.00,1.00
2014.02.07 18:59:31.897,1.22317,1.22329,1.00,1.50
2014.02.07 18:59:37.709,1.22317,1.22329,1.00,1.88
2014.02.07 18:59:37.810,1.22317,1.22328,1.00,1.50
2014.02.07 18:59:37.861,1.22315,1.22327,1.11,1.00
2014.02.07 18:59:37.964,1.22317,1.22328,1.00,1.00
2014.02.07 18:59:40.910,1.22316,1.22325,1.13,1.00
2014.02.07 18:59:41.420,1.22315,1.22325,1.11,1.00
2014.02.07 18:59:42.125,1.22315,1.22327,1.21,1.13
2014.02.07 18:59:42.227,1.22317,1.22328,1.00,1.88
2014.02.07 18:59:42.729,1.22317,1.22328,1.00,1.00
2014.02.07 18:59:43.699,1.22317,1.22329,1.00,1.50
2014.02.07 18:59:45.150,1.22317,1.22328,1.00,1.00
2014.02.07 18:59:45.454,1.22313,1.22325,2.33,1.00
2014.02.07 18:59:45.758,1.22314,1.22325,1.58,1.00
2014.02.07 18:59:45.859,1.22313,1.22325,1.08,1.38
2014.02.07 18:59:50.195,1.22314,1.22325,1.11,1.00
2014.02.07 18:59:50.347,1.22315,1.22327,1.00,1.50
2014.02.07 18:59:52.772,1.22315,1.22327,1.08,1.88
2014.02.07 18:59:52.977,1.22315,1.22327,1.00,1.13
2014.02.07 18:59:53.079,1.22315,1.22325,1.00,1.00
2014.02.07 18:59:53.181,1.22315,1.22327,1.00,1.13
2014.02.07 18:59:53.232,1.22317,1.22328,1.00,1.38
2014.02.07 18:59:53.587,1.22317,1.22328,1.00,1.75
2014.02.07 18:59:53.689,1.22314,1.22325,1.11,1.13
2014.02.07 18:59:53.790,1.22316,1.22325,1.00,1.00
2014.02.07 18:59:54.002,1.22314,1.22325,1.00,1.00
2014.02.07 18:59:55.274,1.22314,1.22325,1.00,1.38
2014.02.07 18:59:56.812,1.22314,1.22326,1.11,1.00
