2014.02.04 13:00:00.834,1.22144,1.22154,1.65,1.13
2014.02.04 13:00:01.380,1.22144,1.22153,1.65,1.00
2014.02.04 13:00:03.073,1.22144,1.22154,1.65,1.13
2014.02.04 13:00:04.283,1.22147,1.22155,1.00,1.58
2014.02.04 13:00:05.347,1.22145,1.22155,1.95,1.95
2014.02.04 13:00:15.140,1.22145,1.22155,1.95,1.95
2014.02.04 13:00:15.444,1.22145,1.22155,1.58,2.33
2014.02.04 13:00:15.949,1.22144,1.22153,1.75,1.10
2014.02.04 13:00:16.252,1.22144,1.22152,1.75,1.00
2014.02.04 13:00:16.785,1.22144,1.22154,1.75,1.55
2014.02.04 13:00:17.307,1.22144,1.22152,1.75,1.00
2014.02.04 13:00:17.971,1.22144,1.22153,1.75,1.10
2014.02.04 13:00:18.484,1.22144,1.22152,1.75,1.38
2014.02.04 13:00:18.586,1.22145,1.22152,1.00,1.38
2014.02.04 13:00:18.688,1.22142,1.22152,2.33,1.48
2014.02.04 13:00:18.840,1.22142,1.22152,1.75,1.55
2014.02.04 13:00:25.457,1.22143,1.22154,1.48,1.18
2014.02.04 13:00:30.741,1.22142,1.22152,2.03,1.38
2014.02.04 13:00:31.145,1.22142,1.22152,1.93,1.28
2014.02.04 13:00:31.661,1.22142,1.22153,1.93,1.10
2014.02.04 13:00:32.380,1.22142,1.22153,1.75,3.53
2014.02.04 13:00:33.574,1.22142,1.22148,1.75,1.00
2014.02.04 13:00:33.878,1.22142,1.22147,1.00,1.00
2014.02.04 13:00:34.313,1.22142,1.22148,1.50,1.00
2014.02.04 13:00:34.831,1.22142,1.22151,1.38,1.15
2014.02.04 13:00:35.145,1.22142,1.22153,1.38,2.40
2014.02.04 13:00:35.661,1.22141,1.22153,1.48,2.40
2014.02.04 13:00:37.189,1.22142,1.22154,1.45,1.65
2014.02.04 13:00:37.733,1.22141,1.22154,2.03,1.65
2014.02.04 13:00:42.053,1.22143,1.22154,1.02,1.65
2014.02.04 13:00:44.928,1.22141,1.22154,2.78,1.18
2014.02.04 13:00:45.438,1.22141,1.22152,1.53,1.00
2014.02.04 13:00:47.150,1.22141,1.22152,1.48,1.18
2014.02.04 13:00:47.773,1.22143,1.22152,1.13,1.93
2014.02.04 13:00:47.925,1.2214,1.22149,2.25,1.58
2014.02.04 13:00:48.027,1.22138,1.22146,1.39,1.10
2014.02.04 13:00:48.281,1.2214,1.22148,1.00,1.10
2014.02.04 13:00:49.562,1.22142,1.22151,1.00,3.83
2014.02.04 13:00:49.765,1.22142,1.22151,1.00,1.65
2014.02.04 13:00:51.013,1.22141,1.2215,1.00,1.58
2014.02.04 13:00:53.215,1.22141,1.22149,1.00,1.00
2014.02.04 13:00:53.760,1.22141,1.2215,1.13,1.65
2014.02.04 13:00:56.497,1.22142,1.2215,1.00,1.65
2014.02.04 13:00:57.387,1.2214,1.22148,1.88,1.20
2014.02.04 13:00:57.488,1.2214,1.22151,1.88,3.83
2014.02.04 13:00:59.297,1.2214,1.22151,1.48,1.65
2014.02.04 13:01:00.136,1.22142,1.22151,1.00,1.65
2014.02.04 13:01:02.666,1.22139,1.22151,2.10,1.65
2014.02.04 13:01:03.172,1.22142,1.22151,1.00,1.65
2014.02.04 13:01:10.644,1.22142,1.22151,1.82,1.18
2014.02.04 13:01:11.158,1.22143,1.22151,1.20,1.00
2014.02.04 13:01:11.977,1.22141,1.22151,1.93,1.00
2014.02.04 13:01:12.078,1.22142,1.22151,1.00,1.18
2014.02.04 13:01:12.936,1.22142,1.22151,1.38,1.18
2014.02.04 13:01:13.189,1.22143,1.22151,1.72,1.00
2014.02.04 13:01:13.872,1.22143,1.22151,3.52,1.00
2014.02.04 13:01:16.694,1.22142,1.22151,2.10,1.00
2014.02.04 13:01:27.554,1.22143,1.22151,1.35,1.00
2014.02.04 13:01:27.706,1.22143,1.22153,3.71,1.00
2014.02.04 13:01:28.214,1.22143,1.22154,2.96,1.00
2014.02.04 13:01:30.353,1.22145,1.22154,2.59,1.00
2014.02.04 13:01:33.847,1.22145,1.22154,3.90,1.00
2014.02.04 13:01:34.377,1.22145,1.22159,4.27,1.18
2014.02.04 13:01:34.857,1.22145,1.22154,3.90,1.00
2014.02.04 13:01:34.958,1.22147,1.22159,1.35,1.65
2014.02.04 13:01:43.531,1.22147,1.22159,3.45,1.50
2014.02.04 13:01:43.582,1.22147,1.22156,3.45,1.00
2014.02.04 13:01:44.100,1.22147,1.22156,3.08,1.00
2014.02.04 13:01:46.074,1.22147,1.22157,3.34,1.00
2014.02.04 13:01:46.611,1.22147,1.22156,5.02,1.00
2014.02.04 13:01:47.243,1.22146,1.22156,2.04,1.00
2014.02.04 13:01:56.464,1.22146,1.22156,1.28,1.00
2014.02.04 13:01:57.443,1.22146,1.22156,1.28,1.00
2014.02.04 13:01:59.587,1.22146,1.22156,2.03,1.00
2014.02.04 13:01:59.992,1.22146,1.22156,2.03,1.00
2014.02.04 13:02:00.043,1.22146,1.22154,2.03,1.00
2014.02.04 13:02:00.548,1.22145,1.22154,1.55,1.00
2014.02.04 13:02:14.426,1.22146,1.22154,1.00,1.10
2014.02.04 13:02:29.513,1.22144,1.22154,1.77,1.58
2014.02.04 13:02:29.564,1.22144,1.22154,1.69,1.58
2014.02.04 13:02:30.085,1.22142,1.22151,3.08,1.00
2014.02.04 13:02:32.684,1.22144,1.22151,2.70,1.00
2014.02.04 13:02:32.785,1.22144,1.22152,1.00,1.10
2014.02.04 13:02:32.887,1.22144,1.2215,1.00,1.00
2014.02.04 13:02:34.569,1.22141,1.2215,1.75,1.00
2014.02.04 13:02:38.114,1.2214,1.22148,2.63,1.00
2014.02.04 13:02:44.144,1.22143,1.22148,1.13,1.00
2014.02.04 13:02:44.314,1.22142,1.22147,1.00,1.00
2014.02.04 13:02:44.466,1.2214,1.22146,1.50,1.00
2014.02.04 13:02:44.517,1.2214,1.22144,1.13,1.00
2014.02.04 13:02:44.821,1.22136,1.22142,1.39,1.00
2014.02.04 13:02:44.922,1.22136,1.22142,2.03,1.00
2014.02.04 13:02:45.125,1.22139,1.22143,1.00,1.00
2014.02.04 13:02:45.631,1.22138,1.22142,1.00,1.00
2014.02.04 13:02:53.259,1.22138,1.22143,1.00,1.50
2014.02.04 13:02:53.461,1.22138,1.22151,1.10,3.83
2014.02.04 13:02:54.294,1.22138,1.22151,1.95,3.08
2014.02.04 13:02:54.830,1.22137,1.22151,1.18,3.08
2014.02.04 13:02:56.274,1.22136,1.22146,1.66,1.13
2014.02.04 13:02:56.476,1.22137,1.2215,1.18,4.65
2014.02.04 13:02:56.633,1.22137,1.2215,1.18,3.90
2014.02.04 13:02:57.144,1.22139,1.2215,1.00,3.15
2014.02.04 13:02:57.246,1.22139,1.2215,1.00,2.59
2014.02.04 13:03:03.132,1.22138,1.2215,1.95,1.15
2014.02.04 13:03:07.072,1.22138,1.22151,1.28,2.33
2014.02.04 13:03:07.208,1.22138,1.22152,1.28,1.84
2014.02.04 13:03:09.221,1.22142,1.22152,1.00,1.15
2014.02.04 13:03:20.168,1.22143,1.22153,1.00,3.27
2014.02.04 13:03:24.223,1.22143,1.22155,1.10,4.39
2014.02.04 13:03:24.880,1.22142,1.22155,1.20,7.20
2014.02.04 13:03:31.144,1.22142,1.22155,1.20,6.83
2014.02.04 13:03:31.652,1.22143,1.22154,1.00,2.03
2014.02.04 13:03:38.171,1.22143,1.22154,1.00,1.90
2014.02.04 13:03:38.677,1.22142,1.22154,1.20,2.03
2014.02.04 13:03:41.685,1.22142,1.22154,1.20,2.40
2014.02.04 13:03:41.736,1.22144,1.22154,1.00,2.40
2014.02.04 13:03:42.771,1.22141,1.22154,1.65,1.15
2014.02.04 13:03:43.194,1.22142,1.22149,1.48,1.00
2014.02.04 13:03:44.410,1.22142,1.22149,1.20,1.00
2014.02.04 13:03:57.364,1.22138,1.22149,3.95,1.00
2014.02.04 13:03:58.030,1.22139,1.22148,1.55,1.00
2014.02.04 13:04:01.610,1.22142,1.22148,1.13,1.00
2014.02.04 13:04:01.762,1.2214,1.22149,2.33,1.00
2014.02.04 13:04:02.267,1.2214,1.22148,2.40,1.00
2014.02.04 13:04:11.361,1.2214,1.22148,1.95,1.00
2014.02.04 13:04:11.868,1.2214,1.22147,1.77,1.00
2014.02.04 13:04:12.682,1.2214,1.22149,1.20,1.00
2014.02.04 13:04:13.207,1.22141,1.22148,1.00,1.00
2014.02.04 13:04:16.101,1.22141,1.22147,1.00,1.00
2014.02.04 13:04:16.354,1.22141,1.22146,1.00,1.13
2014.02.04 13:04:16.456,1.22141,1.22147,1.00,1.00
2014.02.04 13:04:16.507,1.22141,1.22145,1.00,1.00
2014.02.04 13:04:17.525,1.22139,1.22145,1.38,1.00
2014.02.04 13:04:18.031,1.22141,1.22145,1.00,1.00
2014.02.04 13:04:20.010,1.22141,1.22146,1.00,1.00
2014.02.04 13:04:20.516,1.22139,1.22146,1.38,1.00
2014.02.04 13:04:22.339,1.2214,1.22149,1.25,1.65
2014.02.04 13:04:22.886,1.2214,1.22147,1.20,1.00
2014.02.04 13:04:24.357,1.22141,1.22147,1.00,1.00
2014.02.04 13:04:27.867,1.22139,1.22149,1.55,1.00
2014.02.04 13:04:28.644,1.22139,1.22148,1.55,1.00
2014.02.04 13:04:29.174,1.22139,1.22147,1.38,1.00
2014.02.04 13:04:29.275,1.2214,1.22147,2.25,1.00
2014.02.04 13:04:33.232,1.2214,1.22147,1.88,1.88
2014.02.04 13:04:33.283,1.22142,1.22147,1.13,1.00
2014.02.04 13:04:37.211,1.2214,1.22149,3.00,1.47
2014.02.04 13:04:40.221,1.22141,1.22147,1.50,1.13
2014.02.04 13:04:40.525,1.22141,1.22147,1.50,1.00
2014.02.04 13:04:41.652,1.22141,1.22149,1.50,1.00
2014.02.04 13:04:45.044,1.22141,1.2215,1.50,1.10
2014.02.04 13:04:49.188,1.22141,1.22146,1.13,1.13
2014.02.04 13:04:49.391,1.2214,1.22151,2.25,4.09
2014.02.04 13:04:49.631,1.2214,1.22152,2.33,2.78
2014.02.04 13:04:50.386,1.2214,1.2215,3.08,1.20
2014.02.04 13:04:52.010,1.2214,1.2215,2.33,1.20
2014.02.04 13:04:56.923,1.22141,1.22149,1.50,1.13
2014.02.04 13:04:59.898,1.22141,1.2215,1.50,1.20
2014.02.04 13:05:00.558,1.22141,1.22153,2.25,2.89
2014.02.04 13:05:01.137,1.22141,1.22151,2.33,1.20
2014.02.04 13:05:01.239,1.22141,1.22153,2.40,1.28
2014.02.04 13:05:02.427,1.22141,1.22151,2.40,1.13
2014.02.04 13:05:02.796,1.22145,1.22151,1.00,1.20
2014.02.04 13:05:03.099,1.22149,1.22157,1.00,1.47
2014.02.04 13:05:03.454,1.22148,1.2216,1.10,2.44
2014.02.04 13:05:06.321,1.22149,1.22158,1.00,1.09
2014.02.04 13:05:06.826,1.22149,1.22158,1.00,1.40
2014.02.04 13:05:07.149,1.22147,1.22158,1.13,1.40
2014.02.04 13:05:07.650,1.22145,1.22155,1.65,1.00
2014.02.04 13:05:07.953,1.22147,1.22153,1.13,1.00
2014.02.04 13:05:08.869,1.22147,1.22155,1.69,2.33
2014.02.04 13:05:09.021,1.22147,1.22157,1.13,2.33
2014.02.04 13:05:09.553,1.22148,1.22156,1.00,1.28
2014.02.04 13:05:11.240,1.22145,1.22155,1.50,2.03
2014.02.04 13:05:11.291,1.22142,1.22155,1.28,4.20
2014.02.04 13:05:11.595,1.22142,1.22151,1.00,2.70
2014.02.04 13:05:11.899,1.22142,1.22149,1.00,2.70
2014.02.04 13:05:12.661,1.22141,1.22149,1.00,2.70
2014.02.04 13:05:16.910,1.22141,1.22149,1.50,2.33
2014.02.04 13:05:17.011,1.22141,1.22152,1.50,2.89
2014.02.04 13:05:17.523,1.22144,1.22154,1.00,3.08
2014.02.04 13:05:24.342,1.22144,1.22154,1.88,2.33
2014.02.04 13:05:24.444,1.22144,1.22158,1.15,1.15
2014.02.04 13:05:24.545,1.22148,1.22159,1.00,3.64
2014.02.04 13:05:25.306,1.22148,1.2216,1.10,2.03
2014.02.04 13:05:30.261,1.22151,1.2216,1.13,1.28
2014.02.04 13:05:30.414,1.22147,1.22159,1.28,1.18
2014.02.04 13:05:30.920,1.22147,1.22159,1.28,1.18
2014.02.04 13:05:31.716,1.22147,1.22159,1.28,1.18
2014.02.04 13:05:32.457,1.22146,1.22159,1.84,1.18
2014.02.04 13:05:33.346,1.22147,1.22159,1.28,1.18
2014.02.04 13:05:33.498,1.22149,1.2216,1.13,1.28
2014.02.04 13:05:33.701,1.22147,1.22158,1.18,1.20
2014.02.04 13:05:34.208,1.22149,1.22159,1.00,2.89
2014.02.04 13:05:42.930,1.22149,1.22157,1.00,1.28
2014.02.04 13:05:43.436,1.22148,1.22157,1.00,2.33
2014.02.04 13:05:44.044,1.22149,1.22157,1.00,2.33
2014.02.04 13:05:46.717,1.22149,1.22158,1.00,1.09
2014.02.04 13:05:46.920,1.22149,1.22158,1.00,3.27
2014.02.04 13:05:53.173,1.22148,1.22158,1.13,4.58
2014.02.04 13:05:58.932,1.2215,1.22157,1.00,2.03
2014.02.04 13:06:02.982,1.22148,1.22158,1.13,3.27
2014.02.04 13:06:04.285,1.22149,1.22156,1.00,1.18
2014.02.04 13:06:17.282,1.22148,1.22158,1.13,4.02
2014.02.04 13:06:18.468,1.22146,1.22158,1.00,2.70
2014.02.04 13:06:23.758,1.22144,1.22155,1.55,1.20
2014.02.04 13:06:24.298,1.22144,1.22157,1.55,2.22
2014.02.04 13:06:27.234,1.22144,1.22157,1.48,3.83
2014.02.04 13:06:27.991,1.22144,1.22157,1.53,1.65
2014.02.04 13:06:31.088,1.22144,1.22156,1.15,1.20
2014.02.04 13:06:31.240,1.22145,1.22154,1.08,1.13
2014.02.04 13:06:31.341,1.22144,1.22153,1.10,1.13
2014.02.04 13:06:33.255,1.22144,1.22156,1.10,1.28
2014.02.04 13:06:35.994,1.22143,1.22153,1.28,1.13
2014.02.04 13:06:36.497,1.22144,1.22153,1.00,1.28
2014.02.04 13:06:39.406,1.22142,1.22154,2.03,1.18
2014.02.04 13:06:40.006,1.22142,1.22154,2.03,2.03
2014.02.04 13:06:41.065,1.22142,1.22154,2.03,1.47
2014.02.04 13:06:41.570,1.22144,1.22155,1.00,1.72
2014.02.04 13:06:43.282,1.22144,1.22153,1.00,1.20
2014.02.04 13:06:44.386,1.22143,1.22151,1.48,1.13
2014.02.04 13:06:44.488,1.22144,1.22155,1.13,4.20
2014.02.04 13:06:44.993,1.22143,1.22156,1.48,3.64
2014.02.04 13:06:50.835,1.22142,1.22156,4.20,1.47
2014.02.04 13:06:51.443,1.22142,1.22157,4.20,2.78
2014.02.04 13:06:55.907,1.22146,1.22156,1.00,1.47
2014.02.04 13:06:55.958,1.22146,1.22154,1.00,1.13
2014.02.04 13:06:56.060,1.22146,1.22157,1.00,1.47
2014.02.04 13:07:00.207,1.22144,1.22157,1.55,1.47
2014.02.04 13:07:09.595,1.22145,1.22158,2.33,3.45
2014.02.04 13:07:09.696,1.22145,1.22158,1.97,1.28
2014.02.04 13:07:11.003,1.2215,1.22158,1.00,1.28
2014.02.04 13:07:23.816,1.22151,1.2216,1.00,4.20
2014.02.04 13:07:26.009,1.22153,1.2216,1.00,4.20
2014.02.04 13:07:26.465,1.2215,1.2216,1.00,3.45
2014.02.04 13:07:27.576,1.22149,1.2216,1.00,3.45
2014.02.04 13:07:29.084,1.22151,1.2216,1.00,3.45
2014.02.04 13:07:30.219,1.22151,1.2216,1.00,1.53
2014.02.04 13:07:35.567,1.22151,1.22161,1.57,4.20
2014.02.04 13:07:35.871,1.22152,1.22161,1.13,1.55
2014.02.04 13:07:36.546,1.22151,1.22161,1.13,1.55
2014.02.04 13:07:43.060,1.22151,1.22162,1.32,1.83
2014.02.04 13:07:46.077,1.2215,1.22162,1.10,1.83
2014.02.04 13:07:46.380,1.2215,1.22161,1.00,2.70
2014.02.04 13:07:46.685,1.2215,1.22162,1.10,1.83
2014.02.04 13:07:47.461,1.2215,1.22162,1.95,1.83
2014.02.04 13:07:51.269,1.22153,1.22162,1.13,2.25
2014.02.04 13:07:51.379,1.2215,1.22162,1.95,2.25
2014.02.04 13:07:52.698,1.22149,1.22162,2.03,2.25
2014.02.04 13:07:53.210,1.2215,1.22162,1.20,2.25
2014.02.04 13:07:56.701,1.22151,1.22162,1.13,1.88
2014.02.04 13:07:57.206,1.22152,1.22162,1.32,1.13
2014.02.04 13:07:58.008,1.22152,1.22162,1.88,1.13
2014.02.04 13:07:58.766,1.22151,1.22162,1.18,1.05
2014.02.04 13:07:59.832,1.2215,1.22162,1.10,1.13
2014.02.04 13:08:02.321,1.22151,1.22162,1.00,1.13
2014.02.04 13:08:02.840,1.22152,1.22162,1.00,1.13
2014.02.04 13:08:04.978,1.22149,1.22162,2.41,1.88
2014.02.04 13:08:15.582,1.22149,1.2216,2.33,1.13
2014.02.04 13:08:22.844,1.22147,1.2216,4.66,1.20
2014.02.04 13:08:24.817,1.22147,1.22159,3.91,1.00
2014.02.04 13:08:27.412,1.22148,1.2216,1.26,1.20
2014.02.04 13:08:38.611,1.22148,1.2216,1.18,1.09
2014.02.04 13:08:38.662,1.22148,1.2216,1.20,1.40
2014.02.04 13:08:39.181,1.22149,1.2216,1.00,1.40
2014.02.04 13:08:42.004,1.22147,1.2216,1.73,1.28
2014.02.04 13:08:42.638,1.22147,1.22159,1.73,1.08
2014.02.04 13:08:42.690,1.2215,1.2216,1.10,1.20
2014.02.04 13:08:44.147,1.22149,1.22157,1.65,1.00
2014.02.04 13:08:44.450,1.22148,1.22157,1.10,1.00
2014.02.04 13:08:44.653,1.22148,1.22159,1.73,1.50
2014.02.04 13:08:45.160,1.22148,1.22161,1.73,2.03
2014.02.04 13:08:46.045,1.22148,1.22158,1.65,2.25
2014.02.04 13:08:46.349,1.22146,1.22156,1.00,2.03
2014.02.04 13:08:46.551,1.22145,1.22156,1.58,2.03
2014.02.04 13:08:47.006,1.22143,1.22156,3.08,4.20
2014.02.04 13:08:47.817,1.22145,1.22156,1.00,3.45
2014.02.04 13:08:48.185,1.2215,1.22156,1.00,2.33
2014.02.04 13:08:48.236,1.2215,1.2216,1.00,2.03
2014.02.04 13:08:49.686,1.22149,1.22161,1.50,3.83
2014.02.04 13:08:50.109,1.22149,1.22156,1.50,1.00
2014.02.04 13:08:50.261,1.22145,1.22156,3.08,1.55
2014.02.04 13:08:50.538,1.22145,1.22156,1.58,1.55
2014.02.04 13:08:51.815,1.22144,1.22156,1.65,1.18
2014.02.04 13:08:52.823,1.22146,1.22156,1.00,1.18
2014.02.04 13:08:53.026,1.22147,1.22156,1.08,1.10
2014.02.04 13:08:53.178,1.22147,1.22159,1.65,1.18
2014.02.04 13:08:53.908,1.22149,1.22161,1.00,3.83
2014.02.04 13:08:54.434,1.22148,1.2216,1.10,1.28
2014.02.04 13:08:57.922,1.22148,1.2216,1.65,1.20
2014.02.04 13:08:57.973,1.2215,1.2216,1.10,1.10
2014.02.04 13:08:58.175,1.22151,1.22163,1.18,2.03
2014.02.04 13:08:58.529,1.22151,1.22162,1.18,1.05
2014.02.04 13:08:59.910,1.2215,1.22161,1.15,1.00
2014.02.04 13:09:04.678,1.22152,1.22161,1.20,1.00
2014.02.04 13:09:07.308,1.22155,1.22161,1.13,1.00
2014.02.04 13:09:09.305,1.22152,1.22161,1.15,1.00
2014.02.04 13:09:09.815,1.22152,1.22161,1.28,1.00
2014.02.04 13:09:10.320,1.22154,1.22161,1.00,1.00
2014.02.04 13:09:13.499,1.22154,1.22159,1.00,2.18
2014.02.04 13:09:13.601,1.2215,1.22159,1.13,4.05
2014.02.04 13:09:13.703,1.22153,1.22157,1.00,3.00
2014.02.04 13:09:13.753,1.22153,1.22161,1.00,1.65
2014.02.04 13:09:14.210,1.22153,1.22162,1.00,1.05
2014.02.04 13:09:15.870,1.22152,1.22162,1.10,1.43
2014.02.04 13:09:15.921,1.22152,1.2216,1.00,3.00
2014.02.04 13:09:16.022,1.2215,1.22157,1.00,1.58
2014.02.04 13:09:16.073,1.22153,1.22157,1.00,1.58
2014.02.04 13:09:16.174,1.22153,1.22161,1.00,1.43
2014.02.04 13:09:17.897,1.22153,1.2216,1.00,2.63
2014.02.04 13:09:17.999,1.22147,1.22158,3.27,1.78
2014.02.04 13:09:18.050,1.22147,1.22157,1.77,6.68
2014.02.04 13:09:18.353,1.22146,1.22157,1.65,6.68
2014.02.04 13:09:18.505,1.22145,1.22155,1.39,1.05
2014.02.04 13:09:20.189,1.22145,1.22155,1.95,1.05
2014.02.04 13:09:20.493,1.22147,1.22155,1.13,1.80
2014.02.04 13:09:21.751,1.22147,1.22155,1.20,1.00
2014.02.04 13:09:21.852,1.22149,1.22157,1.13,5.93
2014.02.04 13:09:21.903,1.22145,1.22157,2.03,5.93
2014.02.04 13:09:22.004,1.22146,1.22157,1.74,5.55
2014.02.04 13:09:22.257,1.22143,1.22155,1.84,1.58
2014.02.04 13:09:22.460,1.22143,1.22154,1.84,1.38
2014.02.04 13:09:22.763,1.22138,1.22146,1.13,1.05
2014.02.04 13:09:22.814,1.22136,1.22146,1.20,1.05
2014.02.04 13:09:23.270,1.22139,1.22146,1.00,1.80
2014.02.04 13:09:23.422,1.22139,1.2215,1.65,1.50
2014.02.04 13:09:23.938,1.22141,1.22153,1.10,1.50
2014.02.04 13:09:31.617,1.2214,1.2215,1.47,1.00
2014.02.04 13:09:37.667,1.22144,1.2215,1.13,1.88
2014.02.04 13:09:37.769,1.22142,1.2215,1.13,1.00
2014.02.04 13:09:37.871,1.22143,1.22154,1.47,1.10
2014.02.04 13:09:37.973,1.22143,1.22154,1.32,1.15
2014.02.04 13:09:39.293,1.22145,1.22154,1.13,1.15
2014.02.04 13:09:39.756,1.22145,1.22155,1.10,2.03
2014.02.04 13:09:40.010,1.22144,1.22155,2.03,1.20
2014.02.04 13:09:41.031,1.22144,1.22155,2.03,1.95
2014.02.04 13:09:41.183,1.22144,1.22153,1.28,1.00
2014.02.04 13:09:41.487,1.22138,1.22148,1.01,1.15
2014.02.04 13:09:41.589,1.22137,1.22149,1.00,3.08
2014.02.04 13:09:41.893,1.22137,1.22144,1.00,1.00
2014.02.04 13:09:42.398,1.22135,1.22143,1.75,1.00
2014.02.04 13:09:43.356,1.22135,1.22144,1.75,1.50
2014.02.04 13:09:44.477,1.22139,1.22144,1.00,1.00
2014.02.04 13:09:44.579,1.22139,1.22146,1.32,1.10
2014.02.04 13:09:45.085,1.22139,1.22146,1.18,1.00
2014.02.04 13:09:45.338,1.22141,1.22148,1.13,1.00
2014.02.04 13:09:45.541,1.22138,1.22149,2.78,1.00
2014.02.04 13:09:45.693,1.2214,1.22149,1.20,1.00
2014.02.04 13:09:45.911,1.22138,1.22149,1.66,1.00
2014.02.04 13:09:46.417,1.22138,1.2215,2.03,1.58
2014.02.04 13:09:47.944,1.22138,1.22149,2.03,1.00
2014.02.04 13:09:48.146,1.22136,1.22149,2.22,1.18
2014.02.04 13:09:49.719,1.22137,1.22149,2.03,1.18
2014.02.04 13:09:50.481,1.22138,1.22149,1.20,1.18
2014.02.04 13:09:50.684,1.22143,1.22149,1.00,1.18
2014.02.04 13:09:51.190,1.22145,1.22152,1.00,1.88
2014.02.04 13:09:56.028,1.22144,1.22151,1.50,1.18
2014.02.04 13:09:56.383,1.22144,1.22154,1.50,1.15
2014.02.04 13:09:56.534,1.22146,1.22154,1.00,1.08
2014.02.04 13:09:56.586,1.22146,1.22154,1.00,1.10
2014.02.04 13:09:56.839,1.22142,1.22154,1.53,1.10
2014.02.04 13:09:58.315,1.22141,1.22148,3.45,1.35
2014.02.04 13:09:58.467,1.22137,1.22146,2.70,1.13
2014.02.04 13:09:58.568,1.22134,1.22146,1.65,1.20
2014.02.04 13:09:59.256,1.22139,1.22149,1.00,3.08
2014.02.04 13:09:59.358,1.22139,1.22151,1.00,2.33
2014.02.04 13:09:59.560,1.22139,1.22151,1.28,1.18
2014.02.04 13:10:02.705,1.22139,1.22151,1.28,1.08
2014.02.04 13:10:03.104,1.2214,1.22153,2.78,1.78
2014.02.04 13:10:05.089,1.2214,1.22153,2.78,1.18
2014.02.04 13:10:09.014,1.22143,1.22153,1.18,1.00
2014.02.04 13:10:13.155,1.22146,1.22153,1.00,1.00
2014.02.04 13:10:13.777,1.22146,1.22155,1.00,1.65
2014.02.04 13:10:14.081,1.22148,1.22156,1.00,1.65
2014.02.04 13:10:14.538,1.22144,1.2215,1.00,3.10
2014.02.04 13:10:14.590,1.22142,1.22146,2.18,1.00
2014.02.04 13:10:14.641,1.22139,1.22147,2.40,1.50
2014.02.04 13:10:14.692,1.22142,1.22148,1.00,1.00
2014.02.04 13:10:14.793,1.22144,1.2215,1.00,1.10
2014.02.04 13:10:17.923,1.22138,1.2215,1.15,1.58
2014.02.04 13:10:21.288,1.2214,1.22151,1.15,1.00
2014.02.04 13:10:21.642,1.22141,1.22153,2.70,1.00
2014.02.04 13:10:24.510,1.22142,1.22156,1.28,1.65
2014.02.04 13:10:25.320,1.22141,1.22153,3.08,1.25
2014.02.04 13:10:26.180,1.22143,1.2215,1.10,2.10
2014.02.04 13:10:26.332,1.22137,1.22146,1.00,1.13
2014.02.04 13:10:26.838,1.22138,1.22144,1.00,1.13
2014.02.04 13:10:27.090,1.22141,1.22147,1.00,9.53
2014.02.04 13:10:27.227,1.22142,1.22147,1.00,9.38
2014.02.04 13:10:27.432,1.22143,1.22149,1.00,1.00
2014.02.04 13:10:28.326,1.22143,1.2215,1.00,1.00
2014.02.04 13:10:28.631,1.22146,1.2215,1.00,1.00
2014.02.04 13:10:28.885,1.22149,1.22154,1.00,1.00
2014.02.04 13:10:34.736,1.22149,1.22156,1.00,2.67
2014.02.04 13:10:36.052,1.22149,1.22154,1.00,1.00
2014.02.04 13:10:36.254,1.22149,1.22156,1.00,2.10
2014.02.04 13:10:37.028,1.22149,1.22154,1.00,1.00
2014.02.04 13:10:37.281,1.22149,1.22156,1.00,2.10
2014.02.04 13:10:43.371,1.22151,1.22156,1.00,1.00
2014.02.04 13:10:43.877,1.2215,1.22156,1.00,1.10
2014.02.04 13:10:44.976,1.22151,1.22158,1.00,2.25
2014.02.04 13:10:45.481,1.22151,1.22158,1.00,1.00
2014.02.04 13:10:46.069,1.22152,1.22159,1.00,1.10
2014.02.04 13:10:48.396,1.22152,1.22159,1.00,1.05
2014.02.04 13:10:48.904,1.22151,1.22157,1.00,1.05
2014.02.04 13:10:49.106,1.2215,1.22154,1.00,1.00
2014.02.04 13:10:54.899,1.22151,1.22156,1.00,1.00
2014.02.04 13:10:55.529,1.22145,1.22152,2.18,4.05
2014.02.04 13:10:55.581,1.22141,1.22148,3.00,1.10
2014.02.04 13:10:56.037,1.22138,1.22146,1.20,1.35
2014.02.04 13:10:56.088,1.22138,1.22146,1.13,1.80
2014.02.04 13:10:56.341,1.22138,1.22145,1.88,1.00
2014.02.04 13:10:56.871,1.22138,1.22143,1.88,1.00
2014.02.04 13:10:57.195,1.22138,1.22146,1.95,1.00
2014.02.04 13:10:57.618,1.22143,1.22148,1.00,1.08
2014.02.04 13:10:57.720,1.22143,1.22148,1.00,1.00
2014.02.04 13:10:59.327,1.22144,1.22148,1.00,1.00
2014.02.04 13:11:00.826,1.22144,1.22149,1.00,1.00
2014.02.04 13:11:01.749,1.22145,1.22151,1.00,1.10
2014.02.04 13:11:03.470,1.22144,1.22151,1.00,1.00
2014.02.04 13:11:03.622,1.22144,1.22149,1.00,1.00
2014.02.04 13:11:08.438,1.22144,1.22152,1.50,1.00
2014.02.04 13:11:08.489,1.22146,1.22153,1.00,1.10
2014.02.04 13:11:09.928,1.22147,1.22153,1.00,1.00
2014.02.04 13:11:10.231,1.22149,1.22153,1.00,1.00
2014.02.04 13:11:10.573,1.22142,1.22148,2.18,6.58
2014.02.04 13:11:10.624,1.22139,1.22147,1.13,1.55
2014.02.04 13:11:10.726,1.22138,1.22146,1.13,1.88
2014.02.04 13:11:10.828,1.22139,1.22146,1.13,1.13
2014.02.04 13:11:10.930,1.22137,1.22146,1.77,1.00
2014.02.04 13:11:10.981,1.22137,1.22143,1.77,1.00
2014.02.04 13:11:12.054,1.22138,1.22147,2.07,1.65
2014.02.04 13:11:12.105,1.2214,1.22147,1.00,1.58
2014.02.04 13:11:12.156,1.2214,1.22148,1.00,1.00
2014.02.04 13:11:12.693,1.22141,1.22148,1.00,1.00
2014.02.04 13:11:17.841,1.22141,1.22148,1.38,1.00
2014.02.04 13:11:18.145,1.22145,1.22151,1.13,1.10
2014.02.04 13:11:19.252,1.22145,1.22153,1.00,1.10
2014.02.04 13:11:20.644,1.22145,1.22151,1.00,1.00
2014.02.04 13:11:20.898,1.22145,1.22153,1.00,1.10
2014.02.04 13:11:21.202,1.22146,1.22151,1.00,1.00
2014.02.04 13:11:21.455,1.22146,1.22153,1.00,1.10
2014.02.04 13:11:26.610,1.22147,1.22153,1.00,1.00
2014.02.04 13:11:33.317,1.22142,1.22149,2.89,1.60
2014.02.04 13:11:33.418,1.22139,1.22146,1.25,2.08
2014.02.04 13:11:33.924,1.22137,1.22143,1.13,1.00
2014.02.04 13:11:34.205,1.22136,1.22143,1.20,1.00
2014.02.04 13:11:34.306,1.22142,1.22147,1.00,1.18
2014.02.04 13:11:34.408,1.22142,1.22148,1.00,1.00
2014.02.04 13:11:34.510,1.22142,1.22151,1.00,1.18
2014.02.04 13:11:35.146,1.22143,1.22151,1.00,1.18
2014.02.04 13:11:35.300,1.22144,1.22153,1.50,1.18
2014.02.04 13:11:35.452,1.22147,1.22153,1.00,1.18
2014.02.04 13:11:35.605,1.22146,1.22156,1.50,1.18
2014.02.04 13:11:36.070,1.22146,1.22153,1.50,1.00
2014.02.04 13:11:36.984,1.22149,1.22155,1.00,1.58
2014.02.04 13:11:37.035,1.2215,1.22156,1.00,1.18
2014.02.04 13:11:37.086,1.22147,1.22156,1.00,1.50
2014.02.04 13:11:37.592,1.22148,1.22154,1.00,1.00
2014.02.04 13:11:39.160,1.22149,1.22154,1.00,1.00
2014.02.04 13:11:42.897,1.2215,1.22156,1.00,1.35
2014.02.04 13:11:42.998,1.22152,1.22156,1.00,1.00
2014.02.04 13:11:43.201,1.22151,1.22158,1.50,1.00
2014.02.04 13:11:43.454,1.2215,1.22156,1.00,1.00
2014.02.04 13:11:43.757,1.2215,1.22154,1.00,1.00
2014.02.04 13:11:45.253,1.22149,1.22154,1.00,1.00
2014.02.04 13:11:46.628,1.22149,1.22156,1.00,1.00
2014.02.04 13:11:47.842,1.2215,1.22156,1.00,1.00
2014.02.04 13:11:50.093,1.2215,1.22156,1.32,1.00
2014.02.04 13:11:50.347,1.2215,1.22158,1.32,1.78
2014.02.04 13:11:50.499,1.22141,1.22147,3.00,1.00
2014.02.04 13:11:50.550,1.22145,1.22151,1.00,1.15
2014.02.04 13:11:50.702,1.22146,1.22153,1.00,2.25
2014.02.04 13:11:51.106,1.22147,1.22155,1.50,2.33
2014.02.04 13:11:51.651,1.22148,1.22155,1.00,1.10
2014.02.04 13:11:52.264,1.22147,1.22155,1.58,1.00
2014.02.04 13:11:52.770,1.22148,1.22155,1.00,1.00
2014.02.04 13:11:56.364,1.22149,1.22155,1.00,1.00
2014.02.04 13:11:59.691,1.2215,1.22155,1.00,1.00
2014.02.04 13:11:59.893,1.22148,1.22155,1.50,1.00
2014.02.04 13:12:02.389,1.22149,1.22155,1.00,1.00
2014.02.04 13:12:03.902,1.22149,1.22153,1.00,1.00
2014.02.04 13:12:04.609,1.2215,1.22157,1.00,2.18
2014.02.04 13:12:05.778,1.2215,1.22156,1.00,1.35
2014.02.04 13:12:06.943,1.22151,1.22156,1.00,1.00
2014.02.04 13:12:07.528,1.22152,1.22156,1.00,1.00
2014.02.04 13:12:07.882,1.22154,1.22158,1.00,1.00
2014.02.04 13:12:08.085,1.22152,1.22158,1.00,1.00
2014.02.04 13:12:08.186,1.22152,1.22156,1.00,1.00
2014.02.04 13:12:10.446,1.22153,1.2216,1.00,1.13
2014.02.04 13:12:15.912,1.22152,1.22156,1.00,1.00
2014.02.04 13:12:16.481,1.22152,1.2216,1.00,3.38
2014.02.04 13:12:22.414,1.22152,1.22156,1.00,1.00
2014.02.04 13:12:23.835,1.22152,1.22159,1.00,1.10
2014.02.04 13:12:29.760,1.22153,1.22159,1.00,1.10
2014.02.04 13:12:32.258,1.22154,1.22159,1.00,1.00
2014.02.04 13:12:32.979,1.22154,1.22161,1.00,1.10
2014.02.04 13:12:33.775,1.22154,1.22161,1.00,1.48
2014.02.04 13:12:37.795,1.22154,1.22159,1.00,1.00
2014.02.04 13:12:38.326,1.22154,1.22161,1.00,2.55
2014.02.04 13:12:38.869,1.22154,1.22159,1.00,1.00
2014.02.04 13:12:39.060,1.22156,1.22161,1.00,1.80
2014.02.04 13:12:39.313,1.22154,1.22161,1.50,2.55
2014.02.04 13:12:40.028,1.22154,1.22159,1.50,1.00
2014.02.04 13:12:45.852,1.22155,1.22159,1.00,1.00
2014.02.04 13:12:46.359,1.22155,1.22161,1.00,2.55
2014.02.04 13:12:46.461,1.22153,1.22161,1.00,2.55
2014.02.04 13:12:46.717,1.22155,1.22159,1.00,1.00
2014.02.04 13:12:46.920,1.22153,1.22159,1.00,1.00
2014.02.04 13:12:47.451,1.22154,1.22159,1.00,1.00
2014.02.04 13:12:50.069,1.22153,1.22159,1.00,1.00
2014.02.04 13:12:50.961,1.22155,1.22159,1.00,1.00
2014.02.04 13:12:51.062,1.22153,1.22159,1.13,1.00
2014.02.04 13:12:51.596,1.22152,1.22159,1.00,1.00
2014.02.04 13:12:52.874,1.22151,1.22159,1.50,1.00
2014.02.04 13:12:53.178,1.22149,1.22158,1.00,1.10
2014.02.04 13:12:54.666,1.22149,1.22157,1.00,1.13
2014.02.04 13:12:55.169,1.22149,1.22156,1.00,1.10
2014.02.04 13:12:57.686,1.2215,1.22156,1.00,1.10
2014.02.04 13:13:06.122,1.22149,1.22156,1.00,1.00
2014.02.04 13:13:06.324,1.22147,1.22156,1.10,1.02
2014.02.04 13:13:06.859,1.22147,1.22156,1.00,1.95
2014.02.04 13:13:07.391,1.22147,1.22156,1.00,2.03
2014.02.04 13:13:09.304,1.22147,1.22156,1.00,1.65
2014.02.04 13:13:09.820,1.22146,1.22156,1.10,1.58
2014.02.04 13:13:11.097,1.22147,1.22156,1.00,1.58
2014.02.04 13:13:11.604,1.22147,1.22155,1.00,1.00
2014.02.04 13:13:12.121,1.22147,1.22156,1.00,1.10
2014.02.04 13:13:13.742,1.22147,1.22155,1.00,1.00
2014.02.04 13:13:14.609,1.22147,1.22156,1.00,1.58
2014.02.04 13:13:15.129,1.22146,1.22156,1.58,1.58
2014.02.04 13:13:18.557,1.22146,1.22156,1.10,1.77
2014.02.04 13:13:21.638,1.22146,1.22156,1.58,1.58
2014.02.04 13:13:22.479,1.22146,1.22155,1.58,1.50
2014.02.04 13:13:25.103,1.22146,1.22154,1.58,1.00
2014.02.04 13:13:25.745,1.22146,1.22155,1.58,1.25
2014.02.04 13:13:26.354,1.22146,1.22154,1.58,1.00
2014.02.04 13:13:27.205,1.22146,1.22153,1.00,1.00
2014.02.04 13:13:27.712,1.22146,1.22152,1.00,1.00
2014.02.04 13:13:32.648,1.22142,1.22152,1.48,1.10
2014.02.04 13:13:32.952,1.22145,1.22153,1.00,1.18
2014.02.04 13:13:33.103,1.22146,1.22154,1.00,1.10
2014.02.04 13:13:41.679,1.22147,1.22155,1.00,1.65
2014.02.04 13:13:42.084,1.22145,1.22154,1.50,1.10
2014.02.04 13:13:43.077,1.22145,1.22153,1.00,1.00
2014.02.04 13:13:43.582,1.22146,1.22154,1.00,1.28
2014.02.04 13:13:45.480,1.22146,1.22152,1.00,1.20
2014.02.04 13:13:49.351,1.22145,1.22151,1.00,1.00
2014.02.04 13:13:50.047,1.22145,1.22152,1.00,1.10
2014.02.04 13:14:03.090,1.22146,1.22154,1.50,1.28
2014.02.04 13:14:07.181,1.22147,1.22155,1.00,2.40
2014.02.04 13:14:09.811,1.22146,1.22154,1.50,1.28
2014.02.04 13:14:10.114,1.22146,1.22155,1.32,1.58
2014.02.04 13:14:10.619,1.22144,1.22155,1.65,1.10
2014.02.04 13:14:15.843,1.22144,1.22155,1.65,1.67
2014.02.04 13:14:15.995,1.22147,1.22155,1.00,1.67
2014.02.04 13:14:16.536,1.22147,1.22155,1.00,1.10
2014.02.04 13:14:29.885,1.22147,1.22152,1.00,1.00
2014.02.04 13:14:30.429,1.22147,1.22153,1.00,1.39
2014.02.04 13:14:30.969,1.22147,1.22152,1.00,1.13
2014.02.04 13:14:31.071,1.22146,1.22154,1.00,1.47
2014.02.04 13:14:31.880,1.22149,1.22155,1.00,2.22
2014.02.04 13:14:32.385,1.22149,1.22154,1.00,1.32
2014.02.04 13:14:32.688,1.22145,1.22152,1.10,1.13
2014.02.04 13:14:32.840,1.22149,1.22155,1.00,3.45
2014.02.04 13:14:33.180,1.22145,1.22153,1.10,1.13
2014.02.04 13:14:33.281,1.22149,1.22155,1.00,1.95
2014.02.04 13:14:33.382,1.22145,1.22153,1.10,1.13
2014.02.04 13:14:33.484,1.22149,1.22156,1.00,2.03
2014.02.04 13:14:34.294,1.22147,1.22156,1.00,1.28
2014.02.04 13:14:34.445,1.22147,1.22156,1.00,3.45
2014.02.04 13:14:35.817,1.22147,1.22157,1.00,2.33
2014.02.04 13:14:36.378,1.22147,1.22157,1.00,1.15
2014.02.04 13:14:37.096,1.22147,1.22156,1.10,1.00
2014.02.04 13:14:37.613,1.22146,1.22156,1.00,1.18
2014.02.04 13:14:38.350,1.22145,1.22155,1.58,1.58
2014.02.04 13:14:39.027,1.22146,1.22157,1.00,1.28
2014.02.04 13:14:39.911,1.22147,1.22157,1.00,1.28
2014.02.04 13:14:40.441,1.22144,1.22155,1.66,1.95
2014.02.04 13:14:40.946,1.22144,1.22156,1.66,1.18
2014.02.04 13:14:42.086,1.22144,1.22155,1.19,2.14
2014.02.04 13:14:43.155,1.22144,1.22156,1.66,2.40
2014.02.04 13:14:44.043,1.22144,1.22156,1.51,4.58
2014.02.04 13:14:49.389,1.22142,1.22154,1.58,3.08
2014.02.04 13:14:49.895,1.22142,1.22151,1.00,1.20
2014.02.04 13:14:50.407,1.22141,1.22154,1.10,6.08
2014.02.04 13:14:51.184,1.22142,1.22154,1.00,3.45
2014.02.04 13:14:51.286,1.22142,1.22155,1.18,1.25
2014.02.04 13:14:52.158,1.22144,1.22156,1.00,4.20
2014.02.04 13:14:52.260,1.22144,1.22156,1.18,1.18
2014.02.04 13:14:53.457,1.22144,1.22154,1.18,1.13
2014.02.04 13:14:56.196,1.22143,1.22154,1.58,1.28
2014.02.04 13:14:56.703,1.22145,1.22154,1.00,1.28
2014.02.04 13:14:57.527,1.22144,1.22154,1.01,1.18
2014.02.04 13:14:57.831,1.22144,1.22153,1.00,1.28
2014.02.04 13:14:58.134,1.22146,1.22152,1.00,1.28
2014.02.04 13:14:59.097,1.22144,1.22154,1.51,3.45
2014.02.04 13:14:59.612,1.22144,1.22154,1.51,2.03
2014.02.04 13:15:00.129,1.22143,1.22154,1.01,3.08
2014.02.04 13:15:00.332,1.22147,1.22153,1.00,1.15
2014.02.04 13:15:00.541,1.22145,1.22153,1.00,1.15
2014.02.04 13:15:00.642,1.22145,1.22153,1.00,1.10
2014.02.04 13:15:00.794,1.22145,1.22156,1.10,1.18
2014.02.04 13:15:00.896,1.22145,1.22156,1.00,3.83
2014.02.04 13:15:02.346,1.22144,1.22154,1.51,1.18
2014.02.04 13:15:03.634,1.22145,1.22154,1.00,1.15
2014.02.04 13:15:03.837,1.22145,1.22154,1.10,1.00
2014.02.04 13:15:04.361,1.22145,1.22155,1.10,1.58
2014.02.04 13:15:05.138,1.22146,1.22156,1.00,1.18
2014.02.04 13:15:10.161,1.22146,1.22156,1.50,3.08
2014.02.04 13:15:24.384,1.22146,1.22152,1.00,1.13
2014.02.04 13:15:28.658,1.22143,1.22149,1.01,1.13
2014.02.04 13:15:28.915,1.22146,1.22152,1.00,1.28
2014.02.04 13:15:29.449,1.22143,1.22149,1.01,1.13
2014.02.04 13:15:30.059,1.22143,1.22152,1.01,3.45
2014.02.04 13:15:30.865,1.22143,1.22149,1.01,1.20
2014.02.04 13:15:31.383,1.22143,1.2215,1.01,1.28
2014.02.04 13:15:31.693,1.22142,1.2215,1.00,1.28
2014.02.04 13:15:36.499,1.22142,1.22153,1.00,1.72
2014.02.04 13:15:36.652,1.22145,1.22153,1.00,1.72
2014.02.04 13:15:37.501,1.2214,1.22153,1.28,1.72
2014.02.04 13:15:38.967,1.22144,1.22153,1.01,1.18
2014.02.04 13:15:39.119,1.22144,1.22154,1.09,1.39
2014.02.04 13:15:40.090,1.22144,1.22155,1.19,2.89
2014.02.04 13:15:41.302,1.22145,1.22156,1.20,1.65
2014.02.04 13:15:42.388,1.22142,1.22155,3.65,2.33
2014.02.04 13:15:49.317,1.22145,1.22156,1.20,1.18
2014.02.04 13:15:49.840,1.22148,1.22156,1.13,1.18
2014.02.04 13:15:49.941,1.22148,1.22157,1.13,1.10
2014.02.04 13:15:49.992,1.22147,1.2216,1.20,4.20
2014.02.04 13:15:52.035,1.22147,1.2216,1.20,3.08
2014.02.04 13:15:52.774,1.22149,1.22162,1.39,7.05
2014.02.04 13:15:52.825,1.22149,1.22162,1.95,7.05
2014.02.04 13:15:54.274,1.22149,1.22161,1.39,1.50
2014.02.04 13:15:55.496,1.22149,1.2216,1.67,1.65
2014.02.04 13:15:56.812,1.22148,1.2216,1.74,1.65
2014.02.04 13:15:57.016,1.22154,1.2216,1.00,1.65
2014.02.04 13:15:57.118,1.22148,1.22159,1.18,1.67
2014.02.04 13:15:57.625,1.22148,1.22158,1.00,1.47
2014.02.04 13:15:58.896,1.22148,1.22157,1.00,1.95
2014.02.04 13:15:59.408,1.22145,1.22159,1.28,1.15
2014.02.04 13:16:01.546,1.22148,1.2216,1.13,5.33
2014.02.04 13:16:01.849,1.22144,1.2216,3.46,4.58
2014.02.04 13:16:04.906,1.22145,1.22159,3.83,1.15
2014.02.04 13:16:19.633,1.22146,1.2216,4.58,1.08
2014.02.04 13:16:19.734,1.22147,1.2216,3.08,1.10
2014.02.04 13:16:21.956,1.22146,1.22161,4.21,4.05
2014.02.04 13:16:22.493,1.22146,1.22161,1.54,5.55
2014.02.04 13:16:22.889,1.22147,1.22161,2.70,3.38
2014.02.04 13:16:40.210,1.22147,1.22159,2.33,1.13
2014.02.04 13:16:40.565,1.22144,1.22159,3.83,2.78
2014.02.04 13:16:45.188,1.22145,1.22159,2.33,2.14
2014.02.04 13:16:45.507,1.22146,1.22159,2.33,2.14
2014.02.04 13:16:47.738,1.22146,1.22159,2.33,2.22
2014.02.04 13:16:47.789,1.22144,1.22159,3.08,2.22
2014.02.04 13:16:53.436,1.22144,1.22156,3.08,1.00
2014.02.04 13:16:53.538,1.22144,1.22157,1.18,1.15
2014.02.04 13:16:53.639,1.22144,1.22156,2.33,1.00
2014.02.04 13:16:53.795,1.22142,1.22156,4.58,1.18
2014.02.04 13:16:54.049,1.22144,1.22157,2.70,1.65
2014.02.04 13:16:54.588,1.22144,1.22157,2.70,1.10
2014.02.04 13:16:55.421,1.22144,1.22156,2.33,1.00
2014.02.04 13:16:55.523,1.22143,1.22155,1.15,1.10
2014.02.04 13:16:55.927,1.22144,1.22158,2.33,1.15
2014.02.04 13:16:56.432,1.22144,1.22158,3.08,2.03
2014.02.04 13:17:01.423,1.22147,1.22158,2.70,1.00
2014.02.04 13:17:01.941,1.22147,1.22159,3.98,1.00
2014.02.04 13:17:02.447,1.22148,1.2216,1.80,1.10
2014.02.04 13:17:04.141,1.22151,1.2216,1.13,1.10
2014.02.04 13:17:05.008,1.22148,1.2216,1.28,1.18
2014.02.04 13:17:05.338,1.22148,1.22158,2.33,1.00
2014.02.04 13:17:05.655,1.22146,1.22154,1.65,1.13
2014.02.04 13:17:05.757,1.22146,1.22157,1.65,1.88
2014.02.04 13:17:05.858,1.22147,1.22158,1.18,1.10
2014.02.04 13:17:11.731,1.22148,1.2216,1.20,1.15
2014.02.04 13:17:11.782,1.22148,1.2216,1.28,1.10
2014.02.04 13:17:11.984,1.22146,1.22159,4.39,1.08
2014.02.04 13:17:12.490,1.22147,1.2216,1.18,1.72
2014.02.04 13:17:21.072,1.2215,1.22159,2.03,1.13
2014.02.04 13:17:21.578,1.2215,1.22159,3.60,1.13
2014.02.04 13:17:24.232,1.22151,1.22159,1.20,1.13
2014.02.04 13:17:26.473,1.22147,1.22159,1.15,1.20
2014.02.04 13:17:29.732,1.22147,1.22159,1.08,1.28
2014.02.04 13:17:29.833,1.22147,1.22159,1.00,4.20
2014.02.04 13:17:31.085,1.22147,1.22156,1.00,1.20
2014.02.04 13:17:31.606,1.22148,1.22159,1.00,3.64
2014.02.04 13:17:32.153,1.22149,1.22159,1.00,4.20
2014.02.04 13:17:32.656,1.22148,1.22159,1.00,3.64
2014.02.04 13:17:33.688,1.22149,1.22159,1.00,3.64
2014.02.04 13:17:34.763,1.2215,1.22159,1.00,4.20
2014.02.04 13:17:35.477,1.2215,1.22156,1.00,1.20
2014.02.04 13:17:36.185,1.22149,1.22156,1.00,1.20
2014.02.04 13:17:36.236,1.22149,1.22158,1.00,2.03
2014.02.04 13:17:36.925,1.22149,1.22156,1.00,1.20
2014.02.04 13:17:37.431,1.22149,1.22158,1.00,1.47
2014.02.04 13:17:37.633,1.22144,1.22157,2.40,1.65
2014.02.04 13:17:37.887,1.22144,1.22156,2.33,1.28
2014.02.04 13:17:38.744,1.22149,1.22156,1.00,1.28
2014.02.04 13:17:39.607,1.22143,1.22155,1.88,2.03
2014.02.04 13:17:39.709,1.22143,1.22153,1.00,2.33
2014.02.04 13:17:41.468,1.22144,1.22153,1.00,4.20
2014.02.04 13:17:41.839,1.22147,1.22154,1.00,4.20
2014.02.04 13:17:42.371,1.2214,1.22153,1.20,4.39
2014.02.04 13:17:42.910,1.22146,1.22152,1.00,1.20
2014.02.04 13:18:04.466,1.22145,1.22152,1.00,1.28
2014.02.04 13:18:06.123,1.22145,1.22153,1.00,3.28
2014.02.04 13:18:08.138,1.22146,1.22153,1.00,3.28
2014.02.04 13:18:09.137,1.22146,1.22153,1.00,1.38
2014.02.04 13:18:09.643,1.22147,1.22154,1.00,1.15
2014.02.04 13:18:11.906,1.22145,1.22155,1.00,4.03
2014.02.04 13:18:15.814,1.22144,1.22155,1.00,3.83
2014.02.04 13:18:21.857,1.22144,1.22156,1.39,3.08
2014.02.04 13:18:21.909,1.22145,1.22157,1.18,1.65
2014.02.04 13:18:22.062,1.22145,1.22155,1.08,1.31
2014.02.04 13:18:27.241,1.22145,1.22158,1.18,2.40
2014.02.04 13:18:27.747,1.22146,1.22158,1.21,1.15
2014.02.04 13:18:28.331,1.22149,1.22158,1.13,1.15
2014.02.04 13:18:28.433,1.22147,1.22158,1.10,1.18
2014.02.04 13:18:34.923,1.22144,1.22158,1.16,2.33
2014.02.04 13:18:47.237,1.22144,1.22157,1.58,3.08
2014.02.04 13:18:47.828,1.22144,1.22156,1.51,2.33
2014.02.04 13:18:48.700,1.22145,1.22157,1.21,3.83
2014.02.04 13:18:49.208,1.22145,1.22158,1.10,3.08
2014.02.04 13:18:49.713,1.22144,1.22158,4.39,1.15
2014.02.04 13:18:50.017,1.22144,1.22155,1.18,1.08
2014.02.04 13:18:50.119,1.22144,1.22154,1.10,1.10
2014.02.04 13:18:50.170,1.22144,1.22154,1.00,1.08
2014.02.04 13:18:50.676,1.22142,1.22153,1.11,1.18
2014.02.04 13:18:53.389,1.22142,1.22155,1.96,3.08
2014.02.04 13:18:55.712,1.22143,1.22157,2.22,3.08
2014.02.04 13:18:55.966,1.22143,1.22157,4.39,1.18
2014.02.04 13:18:57.593,1.22148,1.22159,1.13,3.83
2014.02.04 13:18:57.796,1.22147,1.22158,1.13,1.15
2014.02.04 13:18:58.807,1.22151,1.22161,1.38,2.93
2014.02.04 13:18:59.009,1.22151,1.22163,1.65,2.03
2014.02.04 13:18:59.362,1.22151,1.22156,1.28,1.00
2014.02.04 13:18:59.464,1.22149,1.22156,3.83,1.00
2014.02.04 13:18:59.717,1.22148,1.22158,1.53,1.00
2014.02.04 13:18:59.768,1.22147,1.22158,3.08,1.00
2014.02.04 13:19:02.050,1.22152,1.22158,1.00,1.00
2014.02.04 13:19:02.252,1.22152,1.22161,1.00,1.18
2014.02.04 13:19:02.455,1.22152,1.22158,1.00,1.00
2014.02.04 13:19:02.910,1.22148,1.22158,2.03,1.00
2014.02.04 13:19:03.492,1.22148,1.22158,1.39,1.10
2014.02.04 13:19:06.746,1.22148,1.22158,1.47,1.00
2014.02.04 13:19:09.479,1.22149,1.2216,1.84,1.20
2014.02.04 13:19:09.985,1.22151,1.22161,1.32,1.55
2014.02.04 13:19:11.559,1.22152,1.22161,1.00,1.55
2014.02.04 13:19:12.095,1.22152,1.22163,1.48,2.59
2014.02.04 13:19:12.633,1.22152,1.22161,1.10,1.38
2014.02.04 13:19:19.923,1.22153,1.22161,1.00,1.55
2014.02.04 13:19:20.024,1.22153,1.2216,1.00,1.28
2014.02.04 13:19:21.594,1.22151,1.2216,1.00,3.34
2014.02.04 13:19:21.695,1.22146,1.22158,1.28,1.95
2014.02.04 13:19:23.329,1.22146,1.22158,1.10,2.03
2014.02.04 13:19:24.544,1.22146,1.22158,1.95,1.65
2014.02.04 13:19:24.645,1.22149,1.22158,1.13,1.10
2014.02.04 13:19:24.949,1.22149,1.22161,2.03,1.55
2014.02.04 13:19:25.304,1.22152,1.22161,1.00,1.55
2014.02.04 13:19:28.821,1.2215,1.22161,1.95,1.55
2014.02.04 13:19:30.503,1.22153,1.22163,1.00,4.20
2014.02.04 13:19:31.048,1.22153,1.22163,1.00,1.55
2014.02.04 13:19:31.807,1.22155,1.22163,1.00,1.38
2014.02.04 13:19:32.314,1.22154,1.22163,1.10,1.38
2014.02.04 13:19:37.920,1.22153,1.22163,1.18,1.38
2014.02.04 13:19:46.415,1.22153,1.22162,1.00,1.09
2014.02.04 13:19:53.899,1.22154,1.22163,1.00,4.20
2014.02.04 13:19:55.444,1.22153,1.22163,1.00,4.20
2014.02.04 13:19:55.749,1.22155,1.22162,1.00,3.45
2014.02.04 13:19:57.700,1.22155,1.22163,1.00,2.03
2014.02.04 13:19:57.802,1.22153,1.22163,1.00,2.03
2014.02.04 13:20:00.508,1.22153,1.2216,1.00,2.25
2014.02.04 13:20:01.165,1.2215,1.22162,1.00,3.45
2014.02.04 13:20:01.521,1.22152,1.22162,1.00,1.55
2014.02.04 13:20:02.498,1.22152,1.22163,1.32,2.03
2014.02.04 13:20:04.440,1.22152,1.22163,1.18,1.48
2014.02.04 13:20:04.968,1.22152,1.22163,1.00,1.53
2014.02.04 13:20:08.712,1.22152,1.22163,1.00,1.53
2014.02.04 13:20:13.837,1.22152,1.22163,1.47,1.48
2014.02.04 13:20:15.207,1.22153,1.22163,1.20,1.48
2014.02.04 13:20:15.814,1.22154,1.22163,1.18,1.38
2014.02.04 13:20:24.520,1.22158,1.22164,1.00,1.00
2014.02.04 13:20:25.598,1.22155,1.22165,1.10,1.05
2014.02.04 13:20:25.649,1.22155,1.22165,1.95,1.05
2014.02.04 13:20:26.105,1.22155,1.22165,1.00,1.13
2014.02.04 13:20:26.470,1.22153,1.22165,2.14,1.13
2014.02.04 13:20:26.572,1.22154,1.22165,1.13,1.13
2014.02.04 13:20:26.976,1.22154,1.22165,1.13,1.13
2014.02.04 13:20:30.975,1.22153,1.22165,1.39,1.13
2014.02.04 13:20:31.541,1.22153,1.22165,1.20,1.88
2014.02.04 13:20:36.657,1.22155,1.22165,1.13,1.88
2014.02.04 13:20:37.676,1.22155,1.22165,1.32,1.13
2014.02.04 13:20:40.201,1.22153,1.22165,1.10,1.13
2014.02.04 13:20:41.870,1.22154,1.22165,1.13,1.13
2014.02.04 13:20:43.288,1.22154,1.22165,1.13,1.13
2014.02.04 13:20:43.635,1.22154,1.2216,1.13,1.00
2014.02.04 13:20:44.593,1.22154,1.2216,1.13,1.00
2014.02.04 13:20:44.695,1.22152,1.2216,1.28,1.00
2014.02.04 13:20:45.052,1.22151,1.22159,1.20,1.00
2014.02.04 13:20:45.579,1.22153,1.22159,1.00,1.00
2014.02.04 13:20:47.866,1.22153,1.22157,1.00,1.00
2014.02.04 13:20:53.391,1.22152,1.22157,1.32,1.00
2014.02.04 13:20:53.746,1.22153,1.22158,1.13,1.00
2014.02.04 13:20:54.273,1.22152,1.22157,1.88,1.00
2014.02.04 13:20:55.251,1.22152,1.22157,1.00,1.00
2014.02.04 13:20:58.738,1.22153,1.22157,1.00,1.00
2014.02.04 13:20:59.298,1.22153,1.22158,1.00,1.00
2014.02.04 13:20:59.928,1.22153,1.22159,1.00,1.50
2014.02.04 13:21:01.926,1.22152,1.22159,1.00,1.00
2014.02.04 13:21:02.841,1.22152,1.22163,1.00,1.28
2014.02.04 13:21:13.104,1.22152,1.22165,1.47,2.63
2014.02.04 13:21:13.257,1.22154,1.22165,1.13,2.63
2014.02.04 13:21:13.408,1.22152,1.22165,1.47,2.63
2014.02.04 13:21:17.651,1.22152,1.22165,2.03,2.63
2014.02.04 13:21:18.664,1.22151,1.22164,2.40,1.55
2014.02.04 13:21:19.677,1.22154,1.22164,1.13,1.55
2014.02.04 13:21:24.254,1.22156,1.22164,1.13,1.55
2014.02.04 13:21:24.507,1.22155,1.22164,1.32,1.55
2014.02.04 13:21:26.385,1.22156,1.22164,1.13,1.55
2014.02.04 13:21:26.793,1.22155,1.22164,1.00,1.55
2014.02.04 13:21:30.332,1.22156,1.22164,1.13,2.63
2014.02.04 13:21:31.844,1.22156,1.22164,1.13,2.70
2014.02.04 13:21:32.721,1.22155,1.22164,1.88,2.70
2014.02.04 13:21:33.850,1.22155,1.22164,1.32,2.70
2014.02.04 13:21:36.023,1.22157,1.22164,1.13,2.63
2014.02.04 13:21:36.175,1.22154,1.22164,1.88,2.70
2014.02.04 13:21:38.550,1.22156,1.22164,1.13,2.70
2014.02.04 13:21:38.702,1.22152,1.22164,1.17,3.45
2014.02.04 13:21:38.753,1.22152,1.22164,1.24,1.55
2014.02.04 13:21:39.299,1.22151,1.22164,2.33,3.45
2014.02.04 13:21:40.769,1.22153,1.22164,1.13,2.70
2014.02.04 13:21:41.072,1.22155,1.22165,1.13,2.63
2014.02.04 13:21:41.414,1.22154,1.22165,1.00,2.63
2014.02.04 13:21:41.566,1.22153,1.22163,1.00,1.28
2014.02.04 13:21:43.827,1.22154,1.22163,1.00,1.28
2014.02.04 13:21:44.819,1.22152,1.22164,1.88,4.95
2014.02.04 13:21:45.323,1.22154,1.22164,1.00,3.45
2014.02.04 13:21:49.236,1.22154,1.22164,1.00,2.03
2014.02.04 13:21:49.819,1.22154,1.22164,1.00,2.03
2014.02.04 13:21:52.964,1.22152,1.22164,1.18,2.03
2014.02.04 13:21:58.379,1.22154,1.22163,1.13,1.20
2014.02.04 13:22:00.538,1.22151,1.22163,1.09,1.20
2014.02.04 13:22:01.082,1.22154,1.22163,1.13,1.20
2014.02.04 13:22:01.587,1.22154,1.22165,1.13,2.03
2014.02.04 13:22:06.261,1.22155,1.22165,1.13,2.03
2014.02.04 13:22:10.328,1.22153,1.22165,1.28,2.03
2014.02.04 13:22:13.695,1.22154,1.22166,1.95,1.53
2014.02.04 13:22:15.592,1.22153,1.22165,1.47,1.55
2014.02.04 13:22:16.719,1.22156,1.22166,1.00,1.53
2014.02.04 13:22:16.821,1.22156,1.22166,1.00,1.53
2014.02.04 13:22:21.551,1.22157,1.22166,1.00,1.53
2014.02.04 13:22:22.056,1.22156,1.22166,1.00,1.53
2014.02.04 13:22:27.970,1.22156,1.22166,1.58,1.58
2014.02.04 13:22:28.071,1.22156,1.22166,1.50,1.65
2014.02.04 13:22:28.384,1.22156,1.22166,1.58,1.58
2014.02.04 13:22:45.199,1.22158,1.22167,1.13,7.65
2014.02.04 13:22:45.505,1.22157,1.22167,1.00,4.65
2014.02.04 13:22:46.010,1.22156,1.22167,1.39,4.65
2014.02.04 13:22:46.511,1.22157,1.22167,1.00,4.65
2014.02.04 13:22:46.765,1.22157,1.22167,1.00,6.83
2014.02.04 13:22:49.388,1.22156,1.22167,1.50,6.83
2014.02.04 13:22:52.227,1.22156,1.22167,1.57,6.83
2014.02.04 13:22:52.733,1.22156,1.22166,1.50,1.15
2014.02.04 13:22:54.193,1.22158,1.22166,1.00,1.10
2014.02.04 13:22:55.718,1.22156,1.22166,1.10,1.10
2014.02.04 13:22:55.870,1.22158,1.22166,1.13,1.10
2014.02.04 13:22:55.972,1.22154,1.22166,2.78,1.10
2014.02.04 13:23:06.586,1.22155,1.22166,2.78,1.48
2014.02.04 13:23:15.552,1.22154,1.22166,2.22,1.55
2014.02.04 13:23:15.858,1.22158,1.22166,1.00,1.55
2014.02.04 13:23:16.375,1.22158,1.22166,1.00,1.55
2014.02.04 13:23:16.477,1.22157,1.22166,1.00,1.55
2014.02.04 13:23:17.034,1.22154,1.22165,2.22,1.48
2014.02.04 13:23:17.696,1.22155,1.22165,1.20,1.48
2014.02.04 13:23:18.210,1.22155,1.22165,1.20,1.48
2014.02.04 13:23:18.979,1.22154,1.22165,1.47,1.48
2014.02.04 13:23:19.030,1.22157,1.22165,1.00,1.48
2014.02.04 13:23:19.334,1.22155,1.22165,1.00,1.53
2014.02.04 13:23:19.912,1.22158,1.22166,1.00,2.70
2014.02.04 13:23:20.064,1.22158,1.22167,1.88,3.83
2014.02.04 13:23:20.367,1.22155,1.22167,3.27,3.90
2014.02.04 13:23:22.679,1.22155,1.22167,1.58,4.65
2014.02.04 13:23:29.843,1.22155,1.22165,1.10,1.02
2014.02.04 13:23:30.500,1.22155,1.22165,1.67,1.48
2014.02.04 13:23:31.007,1.22154,1.22165,1.18,1.48
2014.02.04 13:23:31.756,1.22154,1.22165,1.18,1.10
2014.02.04 13:23:31.857,1.22154,1.22165,1.18,1.95
2014.02.04 13:23:33.642,1.22156,1.22165,1.00,2.55
2014.02.04 13:23:37.785,1.22156,1.22164,1.00,1.50
2014.02.04 13:23:38.491,1.22154,1.22165,1.18,2.55
2014.02.04 13:23:39.531,1.22154,1.22165,1.18,2.55
2014.02.04 13:23:40.142,1.22154,1.22165,1.28,2.18
2014.02.04 13:23:41.283,1.22154,1.22165,1.20,2.25
2014.02.04 13:23:42.168,1.22155,1.22165,1.13,2.25
2014.02.04 13:23:44.090,1.22155,1.22165,1.28,2.10
2014.02.04 13:23:46.039,1.22155,1.22165,1.28,1.35
2014.02.04 13:23:50.221,1.22155,1.22165,1.13,1.50
2014.02.04 13:23:50.524,1.22154,1.22165,1.20,1.50
2014.02.04 13:23:50.626,1.22155,1.22165,1.13,2.25
2014.02.04 13:23:52.038,1.22154,1.22165,1.20,1.50
2014.02.04 13:23:53.965,1.22153,1.22165,1.84,1.43
2014.02.04 13:23:54.685,1.22155,1.22166,1.18,1.10
2014.02.04 13:23:55.548,1.22155,1.22166,1.18,1.48
2014.02.04 13:24:03.837,1.22155,1.22163,1.18,1.00
2014.02.04 13:24:04.360,1.22155,1.22163,1.00,1.00
2014.02.04 13:24:08.968,1.22155,1.22162,1.00,1.00
2014.02.04 13:24:12.679,1.22155,1.22161,1.00,1.00
2014.02.04 13:24:13.990,1.22153,1.22161,1.28,1.00
2014.02.04 13:24:14.293,1.22153,1.22159,1.18,1.13
2014.02.04 13:24:14.647,1.22156,1.2216,1.00,1.00
2014.02.04 13:24:16.093,1.22157,1.22161,1.00,1.00
2014.02.04 13:24:16.600,1.22156,1.2216,1.00,1.00
2014.02.04 13:24:17.101,1.22152,1.2216,1.53,1.00
2014.02.04 13:24:17.518,1.22156,1.2216,1.00,1.00
2014.02.04 13:24:18.299,1.22157,1.22161,1.00,1.00
2014.02.04 13:24:29.377,1.22156,1.2216,1.00,1.00
2014.02.04 13:24:29.883,1.22156,1.22161,1.00,1.00
2014.02.04 13:24:30.388,1.22156,1.22162,1.00,1.00
2014.02.04 13:24:30.913,1.22156,1.22163,1.00,1.00
2014.02.04 13:24:32.816,1.22155,1.22163,1.00,1.00
2014.02.04 13:24:33.582,1.22155,1.22166,1.00,1.15
2014.02.04 13:24:34.394,1.22154,1.22166,1.10,1.15
2014.02.04 13:24:34.445,1.22154,1.22166,1.15,1.10
2014.02.04 13:24:35.845,1.22157,1.22166,1.13,1.10
2014.02.04 13:24:36.149,1.22156,1.22166,1.39,1.48
2014.02.04 13:24:36.453,1.22156,1.22163,1.32,1.00
2014.02.04 13:24:38.682,1.22155,1.22163,1.13,1.00
2014.02.04 13:24:39.915,1.22155,1.22163,1.13,1.00
2014.02.04 13:24:40.017,1.22154,1.22163,1.02,1.00
2014.02.04 13:24:40.219,1.22157,1.22163,1.13,1.00
2014.02.04 13:24:40.472,1.22151,1.22163,4.73,1.00
2014.02.04 13:25:11.450,1.22152,1.22163,1.28,1.08
2014.02.04 13:25:11.966,1.22152,1.22163,1.20,1.18
2014.02.04 13:25:23.247,1.22153,1.22163,1.00,1.18
2014.02.04 13:25:23.850,1.22151,1.22163,1.55,1.65
2014.02.04 13:25:28.373,1.22151,1.22163,3.45,1.58
2014.02.04 13:25:30.201,1.22151,1.22163,3.45,1.50
2014.02.04 13:25:30.742,1.22153,1.22163,3.08,1.00
2014.02.04 13:25:30.844,1.22154,1.22165,1.53,1.00
2014.02.04 13:25:31.365,1.22154,1.22166,1.16,1.10
2014.02.04 13:25:47.250,1.22154,1.22167,1.65,5.25
2014.02.04 13:25:47.950,1.22154,1.22167,1.67,8.18
2014.02.04 13:25:52.120,1.22155,1.22167,1.13,8.18
2014.02.04 13:25:53.631,1.22155,1.22166,1.13,1.15
2014.02.04 13:25:57.046,1.22154,1.22166,1.40,1.15
2014.02.04 13:26:07.262,1.22154,1.22166,1.47,1.18
2014.02.04 13:26:09.892,1.22155,1.22166,1.20,1.18
2014.02.04 13:26:10.138,1.22158,1.22167,1.13,1.10
2014.02.04 13:26:10.240,1.22157,1.2217,1.77,3.08
2014.02.04 13:26:10.342,1.22158,1.2217,3.46,1.00
2014.02.04 13:26:19.138,1.2216,1.22173,1.56,3.34
2014.02.04 13:26:27.422,1.22158,1.2217,3.46,1.00
2014.02.04 13:26:28.526,1.22162,1.2217,1.00,1.00
2014.02.04 13:26:29.048,1.22163,1.2217,1.10,1.00
2014.02.04 13:26:30.281,1.22162,1.22172,1.74,1.00
2014.02.04 13:26:30.787,1.22163,1.22173,1.10,1.20
2014.02.04 13:26:33.320,1.22163,1.22174,1.95,1.88
2014.02.04 13:26:33.826,1.22163,1.22172,1.95,1.00
2014.02.04 13:26:34.622,1.22165,1.22172,1.13,1.00
2014.02.04 13:26:34.724,1.22163,1.22174,1.67,3.38
2014.02.04 13:26:36.153,1.22163,1.22173,1.39,1.20
2014.02.04 13:26:36.413,1.22163,1.22173,1.95,1.20
2014.02.04 13:26:36.919,1.22163,1.22172,1.67,1.00
2014.02.04 13:26:37.424,1.22163,1.22172,1.50,1.18
2014.02.04 13:26:40.001,1.22162,1.22172,1.50,1.18
2014.02.04 13:26:42.198,1.22162,1.22167,1.00,1.13
2014.02.04 13:26:42.299,1.22162,1.22169,1.00,1.10
2014.02.04 13:26:42.812,1.22161,1.2217,1.01,2.40
2014.02.04 13:26:43.329,1.22162,1.2217,1.00,1.00
2014.02.04 13:26:43.845,1.22162,1.22173,1.00,2.03
2014.02.04 13:26:45.064,1.2216,1.22172,1.28,1.28
2014.02.04 13:26:57.011,1.22163,1.22173,1.00,2.40
2014.02.04 13:26:57.324,1.22163,1.2217,1.00,1.13
2014.02.04 13:26:57.627,1.22165,1.2217,1.00,1.28
2014.02.04 13:26:58.032,1.22165,1.22173,1.00,1.94
2014.02.04 13:27:07.035,1.22163,1.22174,1.00,2.07
2014.02.04 13:27:08.267,1.22163,1.22174,1.57,3.38
2014.02.04 13:27:09.056,1.22163,1.22174,1.00,2.63
2014.02.04 13:27:16.414,1.22163,1.22171,1.00,1.00
2014.02.04 13:27:18.052,1.22163,1.22172,1.00,1.10
2014.02.04 13:27:18.559,1.22164,1.22172,1.32,1.10
2014.02.04 13:27:29.373,1.22165,1.22175,1.13,2.70
2014.02.04 13:27:29.679,1.22164,1.22174,1.00,1.53
2014.02.04 13:27:30.476,1.22164,1.22174,1.57,2.03
2014.02.04 13:27:31.009,1.22164,1.22174,1.00,2.03
2014.02.04 13:27:37.460,1.22164,1.22174,1.10,2.03
2014.02.04 13:27:43.218,1.22164,1.22174,1.10,1.58
2014.02.04 13:27:43.320,1.22166,1.22175,1.00,1.65
2014.02.04 13:27:43.674,1.22166,1.22176,1.20,1.10
2014.02.04 13:27:50.117,1.22165,1.22175,1.55,1.00
2014.02.04 13:27:50.218,1.22165,1.22175,1.55,1.00
2014.02.04 13:27:50.471,1.22166,1.22175,1.20,2.25
2014.02.04 13:27:52.237,1.22166,1.22174,1.48,1.38
2014.02.04 13:27:52.774,1.22168,1.22174,1.13,1.00
2014.02.04 13:27:53.178,1.2217,1.22175,1.00,1.00
2014.02.04 13:27:53.229,1.2217,1.22179,1.00,2.03
2014.02.04 13:27:53.735,1.22171,1.22179,1.00,1.00
2014.02.04 13:27:58.279,1.22171,1.22177,1.00,1.13
2014.02.04 13:27:58.431,1.22171,1.22178,1.00,1.13
2014.02.04 13:27:58.482,1.22169,1.22178,1.00,1.20
2014.02.04 13:27:58.685,1.2217,1.22179,1.10,1.10
2014.02.04 13:27:59.190,1.22171,1.22181,1.00,1.18
2014.02.04 13:27:59.746,1.22172,1.2218,1.00,1.10
2014.02.04 13:28:00.256,1.22173,1.2218,1.00,1.10
2014.02.04 13:28:00.824,1.22173,1.22182,1.00,2.33
2014.02.04 13:28:01.588,1.22173,1.22181,1.00,1.00
2014.02.04 13:28:02.753,1.22173,1.2218,1.00,1.00
2014.02.04 13:28:03.569,1.22172,1.2218,1.00,2.33
2014.02.04 13:28:07.778,1.22172,1.22179,1.00,1.00
2014.02.04 13:28:07.931,1.22172,1.2218,2.10,1.10
2014.02.04 13:28:07.982,1.22177,1.22182,1.00,3.75
2014.02.04 13:28:08.033,1.22174,1.22182,1.18,3.00
2014.02.04 13:28:08.134,1.22173,1.22184,1.00,5.22
2014.02.04 13:28:09.302,1.22174,1.22183,1.00,1.28
2014.02.04 13:28:09.404,1.22175,1.22183,1.38,1.28
2014.02.04 13:28:09.931,1.22176,1.22182,1.38,1.00
2014.02.04 13:28:10.891,1.22173,1.22184,4.58,1.00
2014.02.04 13:28:11.396,1.22177,1.22184,1.00,1.00
2014.02.04 13:28:12.144,1.22178,1.22184,1.00,1.00
2014.02.04 13:28:12.195,1.2218,1.22184,1.00,1.00
2014.02.04 13:28:12.297,1.22182,1.22187,1.00,1.00
2014.02.04 13:28:12.398,1.22182,1.2219,1.00,1.58
2014.02.04 13:28:12.765,1.22178,1.22184,1.65,1.00
2014.02.04 13:28:12.816,1.22178,1.22184,1.00,1.00
2014.02.04 13:28:13.834,1.22181,1.22186,1.13,1.58
2014.02.04 13:28:14.046,1.22182,1.22189,1.00,1.18
2014.02.04 13:28:14.568,1.22181,1.22189,1.00,1.18
2014.02.04 13:28:14.845,1.22177,1.22184,1.08,1.00
2014.02.04 13:28:15.457,1.22177,1.22184,1.00,1.10
2014.02.04 13:28:16.083,1.22177,1.22184,1.01,1.10
2014.02.04 13:28:16.336,1.22181,1.22189,1.13,1.10
2014.02.04 13:28:16.842,1.22182,1.22189,1.00,1.10
2014.02.04 13:28:17.348,1.22181,1.22189,1.00,1.10
2014.02.04 13:28:18.679,1.22182,1.22189,1.00,1.10
2014.02.04 13:28:20.783,1.22182,1.2219,1.00,1.00
2014.02.04 13:28:21.296,1.22181,1.2219,1.10,1.00
2014.02.04 13:28:22.408,1.22177,1.2219,2.03,1.18
2014.02.04 13:28:23.409,1.22177,1.22189,2.41,1.10
2014.02.04 13:28:25.261,1.22177,1.22189,4.20,1.10
2014.02.04 13:28:25.799,1.22177,1.2219,2.41,2.40
2014.02.04 13:28:26.546,1.22178,1.2219,3.08,2.33
2014.02.04 13:28:27.057,1.22178,1.22189,3.08,1.00
2014.02.04 13:28:28.185,1.22177,1.2219,3.46,4.50
2014.02.04 13:28:28.235,1.22177,1.2219,1.20,4.58
2014.02.04 13:28:29.457,1.22177,1.2219,1.58,3.83
2014.02.04 13:28:29.507,1.22177,1.2219,2.41,2.40
2014.02.04 13:28:31.175,1.22177,1.2219,2.03,2.40
2014.02.04 13:28:33.405,1.22177,1.22189,1.15,1.20
2014.02.04 13:28:33.507,1.22178,1.22186,1.00,1.13
2014.02.04 13:28:33.659,1.22176,1.22189,1.18,2.22
2014.02.04 13:28:33.710,1.22176,1.22189,1.55,2.22
2014.02.04 13:28:34.013,1.22178,1.22187,1.38,1.20
2014.02.04 13:28:34.417,1.22176,1.2219,4.20,2.82
2014.02.04 13:28:34.670,1.22175,1.22189,1.65,1.15
2014.02.04 13:28:35.046,1.22175,1.22187,1.65,2.18
2014.02.04 13:28:35.198,1.22173,1.22184,2.03,1.00
2014.02.04 13:28:35.916,1.22173,1.22184,2.03,1.00
2014.02.04 13:28:36.379,1.22173,1.22184,1.28,1.10
2014.02.04 13:28:37.047,1.22173,1.22183,1.18,1.00
2014.02.04 13:28:38.015,1.22174,1.22183,1.43,1.00
2014.02.04 13:28:38.268,1.22174,1.22183,1.16,1.00
2014.02.04 13:28:38.319,1.22174,1.22188,1.16,1.15
2014.02.04 13:28:39.753,1.22174,1.22187,1.18,4.05
2014.02.04 13:28:40.056,1.22174,1.22184,1.00,1.53
2014.02.04 13:28:40.546,1.22173,1.22184,1.17,2.03
2014.02.04 13:28:40.647,1.22174,1.22184,1.56,1.00
2014.02.04 13:28:40.901,1.22174,1.22184,1.18,1.00
2014.02.04 13:28:42.626,1.22175,1.22184,4.20,1.00
2014.02.04 13:28:42.677,1.22179,1.22188,1.00,1.10
2014.02.04 13:28:42.729,1.22179,1.22188,1.00,1.53
2014.02.04 13:28:42.779,1.22175,1.22187,1.18,1.88
2014.02.04 13:28:44.513,1.22175,1.22187,1.56,2.03
2014.02.04 13:28:44.564,1.22179,1.22187,1.00,1.28
2014.02.04 13:28:48.231,1.22179,1.22187,1.00,1.13
2014.02.04 13:28:48.282,1.22174,1.22186,1.18,1.55
2014.02.04 13:28:49.594,1.22178,1.22187,1.00,1.65
2014.02.04 13:28:49.746,1.22178,1.22188,1.00,1.18
2014.02.04 13:28:50.471,1.22177,1.22188,1.10,1.18
2014.02.04 13:28:50.976,1.22177,1.22189,1.77,1.15
2014.02.04 13:28:51.487,1.22177,1.22189,1.20,1.15
2014.02.04 13:28:52.836,1.22174,1.22186,2.89,1.00
2014.02.04 13:28:53.395,1.22174,1.22187,2.89,3.30
2014.02.04 13:28:53.901,1.22178,1.22189,1.00,1.15
2014.02.04 13:28:54.103,1.22174,1.22185,1.47,1.05
2014.02.04 13:28:54.407,1.22173,1.22184,1.95,1.28
2014.02.04 13:28:56.071,1.22175,1.22184,1.13,1.28
2014.02.04 13:28:56.173,1.22173,1.22184,1.20,1.28
2014.02.04 13:28:56.274,1.22175,1.22184,1.51,1.28
2014.02.04 13:28:56.377,1.22177,1.22185,1.82,2.93
2014.02.04 13:28:56.478,1.22179,1.22186,1.13,1.60
2014.02.04 13:28:57.510,1.22179,1.2219,1.32,4.43
2014.02.04 13:28:57.977,1.2218,1.2219,1.38,3.68
2014.02.04 13:28:58.128,1.2218,1.22191,1.00,1.28
2014.02.04 13:28:59.691,1.2218,1.22188,1.00,1.10
2014.02.04 13:28:59.742,1.22176,1.22184,2.03,1.38
2014.02.04 13:29:00.254,1.22172,1.22184,4.20,1.88
2014.02.04 13:29:00.912,1.22173,1.22187,1.72,4.28
2014.02.04 13:29:01.064,1.22174,1.22188,2.90,1.65
2014.02.04 13:29:02.527,1.22174,1.22188,2.33,2.22
2014.02.04 13:29:02.578,1.22173,1.22187,1.15,1.15
2014.02.04 13:29:03.084,1.22172,1.22184,2.89,1.00
2014.02.04 13:29:03.135,1.22178,1.22184,1.00,1.08
2014.02.04 13:29:03.236,1.22174,1.22186,1.58,1.50
2014.02.04 13:29:03.287,1.22174,1.22186,1.65,1.43
2014.02.04 13:29:03.338,1.22173,1.22186,1.15,1.45
2014.02.04 13:29:03.843,1.22171,1.22184,3.64,1.10
2014.02.04 13:29:04.147,1.22174,1.22187,3.08,1.99
2014.02.04 13:29:04.495,1.22173,1.22187,1.18,6.87
2014.02.04 13:29:05.001,1.22178,1.22187,1.00,5.14
2014.02.04 13:29:05.102,1.22178,1.22187,1.00,1.47
2014.02.04 13:29:05.406,1.22179,1.2219,1.51,4.20
2014.02.04 13:29:05.863,1.22179,1.2219,1.51,1.28
2014.02.04 13:29:06.375,1.22179,1.2219,1.66,1.20
2014.02.04 13:29:07.742,1.22175,1.22187,4.58,1.30
2014.02.04 13:29:07.844,1.22175,1.22187,1.18,1.88
2014.02.04 13:29:09.398,1.22181,1.22189,1.00,3.83
2014.02.04 13:29:10.476,1.22179,1.22189,1.00,2.33
2014.02.04 13:29:10.577,1.22179,1.2219,1.00,2.40
2014.02.04 13:29:10.963,1.22181,1.2219,1.00,1.84
2014.02.04 13:29:12.604,1.22181,1.2219,1.00,1.77
2014.02.04 13:29:14.007,1.22177,1.2219,2.33,1.02
2014.02.04 13:29:14.311,1.22177,1.22189,2.33,1.88
2014.02.04 13:29:15.438,1.22182,1.22189,1.00,1.13
2014.02.04 13:29:15.641,1.22182,1.22191,1.00,1.84
2014.02.04 13:29:21.632,1.22177,1.2219,4.20,1.05
2014.02.04 13:29:21.734,1.22177,1.22187,2.70,1.00
2014.02.04 13:29:23.468,1.22182,1.2219,1.00,1.95
2014.02.04 13:29:24.427,1.22182,1.2219,1.00,1.10
2014.02.04 13:29:31.340,1.22177,1.2219,3.08,1.80
2014.02.04 13:29:31.391,1.22177,1.22188,2.33,1.00
2014.02.04 13:29:33.202,1.22176,1.22188,1.15,1.10
2014.02.04 13:29:34.080,1.22179,1.22188,1.00,1.10
2014.02.04 13:29:34.131,1.22182,1.22188,1.30,1.10
2014.02.04 13:29:34.233,1.22181,1.2219,1.58,1.10
2014.02.04 13:29:34.385,1.22179,1.2219,2.33,1.00
2014.02.04 13:29:35.582,1.22177,1.2219,2.33,1.10
2014.02.04 13:29:36.292,1.22188,1.22193,1.38,3.49
2014.02.04 13:29:36.842,1.22188,1.22194,1.38,1.13
2014.02.04 13:29:37.156,1.22188,1.22196,1.38,1.28
2014.02.04 13:29:37.561,1.22189,1.22198,1.13,1.18
2014.02.04 13:29:38.323,1.22189,1.22199,1.21,1.10
2014.02.04 13:29:43.513,1.22187,1.22197,1.15,1.00
2014.02.04 13:29:43.614,1.22187,1.22197,1.10,1.39
2014.02.04 13:29:45.714,1.22185,1.2219,1.58,1.35
2014.02.04 13:29:45.917,1.22185,1.2219,1.00,1.13
2014.02.04 13:29:46.220,1.2218,1.2219,2.03,1.13
2014.02.04 13:29:46.776,1.2218,1.2219,1.00,1.28
2014.02.04 13:29:48.757,1.22179,1.22192,1.89,1.53
2014.02.04 13:29:49.394,1.22179,1.22192,1.97,1.55
2014.02.04 13:29:53.018,1.22179,1.22192,1.72,2.03
2014.02.04 13:29:54.445,1.22179,1.22189,1.15,1.13
2014.02.04 13:29:54.546,1.22179,1.22189,1.00,1.28
2014.02.04 13:29:54.771,1.22183,1.22189,1.00,1.28
2014.02.04 13:29:58.653,1.22182,1.22189,1.00,1.18
2014.02.04 13:29:59.196,1.22181,1.22187,1.00,1.32
2014.02.04 13:30:00.058,1.2218,1.22186,1.00,1.00
2014.02.04 13:30:00.563,1.22179,1.22185,1.00,1.50
2014.02.04 13:30:01.077,1.22177,1.22186,1.18,1.00
2014.02.04 13:30:01.382,1.22178,1.22185,1.00,2.63
2014.02.04 13:30:01.483,1.22178,1.22185,1.00,1.50
2014.02.04 13:30:01.948,1.22175,1.22185,1.55,1.50
2014.02.04 13:30:02.050,1.22174,1.22185,1.10,4.65
2014.02.04 13:30:02.354,1.22174,1.22183,1.10,1.13
2014.02.04 13:30:02.708,1.22176,1.22183,1.00,1.13
2014.02.04 13:30:03.281,1.22179,1.22185,1.00,3.34
2014.02.04 13:30:03.484,1.22179,1.22186,1.00,1.20
2014.02.04 13:30:04.454,1.22179,1.22188,1.50,1.47
2014.02.04 13:30:04.505,1.22182,1.22188,1.00,1.47
2014.02.04 13:30:05.349,1.22181,1.22189,1.00,3.83
2014.02.04 13:30:05.962,1.22181,1.22188,1.00,1.20
2014.02.04 13:30:06.416,1.22181,1.22186,1.00,1.13
2014.02.04 13:30:06.938,1.2218,1.22186,1.00,1.13
2014.02.04 13:30:07.073,1.2218,1.22189,1.00,2.40
2014.02.04 13:30:07.812,1.22181,1.22189,1.00,1.65
2014.02.04 13:30:08.217,1.22179,1.22187,1.50,1.00
2014.02.04 13:30:08.801,1.22179,1.22189,1.50,2.03
2014.02.04 13:30:09.316,1.2218,1.22189,1.00,1.18
2014.02.04 13:30:12.066,1.22181,1.22189,1.00,1.18
2014.02.04 13:30:12.805,1.22182,1.22188,1.00,1.67
2014.02.04 13:30:13.576,1.22182,1.22188,1.00,1.39
2014.02.04 13:30:14.340,1.22182,1.22187,1.00,1.13
2014.02.04 13:30:14.442,1.22182,1.22188,1.00,1.10
2014.02.04 13:30:16.522,1.22182,1.22188,1.00,1.67
2014.02.04 13:30:17.153,1.22182,1.22189,1.00,2.03
2014.02.04 13:30:19.210,1.22181,1.22189,1.00,2.03
2014.02.04 13:30:21.207,1.22182,1.22188,1.00,1.10
2014.02.04 13:30:21.308,1.2218,1.22187,1.00,1.00
2014.02.04 13:30:21.851,1.22181,1.22189,1.00,2.03
2014.02.04 13:30:26.225,1.22181,1.22189,1.00,2.03
2014.02.04 13:30:31.007,1.22182,1.22189,1.00,1.08
2014.02.04 13:30:31.512,1.22182,1.22188,1.00,1.00
2014.02.04 13:30:32.025,1.22181,1.22187,1.00,1.32
2014.02.04 13:30:34.157,1.22181,1.22188,1.00,1.00
2014.02.04 13:30:34.208,1.22179,1.22187,1.10,1.13
2014.02.04 13:30:34.715,1.22182,1.22188,1.00,1.13
2014.02.04 13:30:37.571,1.22183,1.22188,1.00,1.13
2014.02.04 13:30:37.621,1.22183,1.22189,1.00,1.39
2014.02.04 13:30:40.142,1.22179,1.22187,1.10,1.13
2014.02.04 13:30:40.245,1.22184,1.2219,1.00,2.40
2014.02.04 13:30:40.448,1.22179,1.22187,1.10,1.13
2014.02.04 13:30:40.692,1.22179,1.22188,1.10,1.32
2014.02.04 13:30:40.743,1.22182,1.22188,1.00,1.32
2014.02.04 13:30:41.198,1.22179,1.22188,1.00,1.47
2014.02.04 13:30:41.706,1.22179,1.22188,1.10,1.10
2014.02.04 13:30:42.247,1.22179,1.22189,1.39,1.10
2014.02.04 13:30:46.100,1.22179,1.22189,1.39,1.10
2014.02.04 13:30:49.270,1.22179,1.22189,1.67,1.10
2014.02.04 13:30:50.132,1.22179,1.22189,1.10,1.10
2014.02.04 13:30:50.652,1.22179,1.22188,1.10,1.00
2014.02.04 13:30:51.731,1.22179,1.22187,1.10,1.00
2014.02.04 13:30:51.984,1.22181,1.22187,1.00,1.10
2014.02.04 13:30:52.287,1.22176,1.22186,2.03,1.00
2014.02.04 13:30:52.388,1.22176,1.22185,1.10,1.43
2014.02.04 13:30:52.641,1.22169,1.22183,1.18,5.14
2014.02.04 13:30:52.944,1.22169,1.2218,1.00,1.15
2014.02.04 13:30:54.710,1.22171,1.22181,1.60,2.33
2014.02.04 13:30:54.812,1.22174,1.22184,1.55,1.88
2014.02.04 13:30:56.484,1.22177,1.22183,1.00,1.13
2014.02.04 13:30:56.585,1.22174,1.22182,1.18,1.32
2014.02.04 13:30:56.686,1.22172,1.22182,1.10,1.39
2014.02.04 13:30:56.737,1.2217,1.22177,1.18,1.13
2014.02.04 13:30:56.838,1.22172,1.2218,1.00,1.20
2014.02.04 13:30:57.355,1.22172,1.22177,1.00,1.00
2014.02.04 13:30:57.893,1.22172,1.2218,1.00,1.28
2014.02.04 13:31:00.122,1.22168,1.22181,1.05,3.64
2014.02.04 13:31:00.426,1.22174,1.22184,2.03,1.32
2014.02.04 13:31:00.932,1.22181,1.22186,1.00,1.10
2014.02.04 13:31:02.210,1.2218,1.22184,1.00,1.00
2014.02.04 13:31:02.261,1.22174,1.22183,1.28,1.13
2014.02.04 13:31:02.514,1.22174,1.22183,1.28,1.13
2014.02.04 13:31:02.565,1.22173,1.22185,4.58,1.95
2014.02.04 13:31:02.767,1.22173,1.2218,1.15,1.00
2014.02.04 13:31:02.868,1.22173,1.2218,1.10,1.00
2014.02.04 13:31:04.343,1.22173,1.22178,1.10,1.00
2014.02.04 13:31:04.850,1.22174,1.22182,1.55,1.50
2014.02.04 13:31:07.797,1.22174,1.22182,1.55,1.00
2014.02.04 13:31:09.502,1.22174,1.22182,1.18,1.00
2014.02.04 13:31:09.553,1.22174,1.22179,1.58,1.00
2014.02.04 13:31:10.063,1.22174,1.22178,1.00,1.00
2014.02.04 13:31:10.774,1.22174,1.22178,1.00,1.00
2014.02.04 13:31:12.184,1.2217,1.22177,1.38,1.00
2014.02.04 13:31:12.336,1.22172,1.22178,1.00,1.10
2014.02.04 13:31:12.566,1.2217,1.2218,1.53,1.88
2014.02.04 13:31:13.073,1.2217,1.22178,1.53,1.32
2014.02.04 13:31:13.124,1.22175,1.22179,1.00,1.00
2014.02.04 13:31:13.225,1.22173,1.22179,1.00,1.00
2014.02.04 13:31:13.529,1.22175,1.22179,1.00,1.00
2014.02.04 13:31:14.099,1.2217,1.22178,1.09,1.00
2014.02.04 13:31:17.030,1.22176,1.2218,1.00,1.00
2014.02.04 13:31:17.334,1.22179,1.22186,3.26,1.13
2014.02.04 13:31:17.638,1.22185,1.22192,1.55,1.57
2014.02.04 13:31:20.434,1.22185,1.22194,1.55,1.00
2014.02.04 13:31:22.081,1.22186,1.22194,1.53,1.88
2014.02.04 13:31:22.335,1.22185,1.22191,2.33,1.00
2014.02.04 13:31:22.437,1.22184,1.22188,1.10,1.32
2014.02.04 13:31:24.166,1.2218,1.22187,1.10,1.32
2014.02.04 13:31:25.053,1.22184,1.22188,1.00,1.50
2014.02.04 13:31:25.535,1.2218,1.22188,1.10,1.00
2014.02.04 13:31:26.643,1.22184,1.22188,1.00,1.00
2014.02.04 13:31:27.148,1.22184,1.22189,1.00,1.00
2014.02.04 13:31:27.320,1.22182,1.22189,1.10,1.00
2014.02.04 13:31:27.927,1.22182,1.22187,1.10,1.13
2014.02.04 13:31:28.130,1.22182,1.22188,1.00,1.00
2014.02.04 13:31:28.912,1.22182,1.22192,1.00,2.40
2014.02.04 13:31:30.284,1.22186,1.22191,1.00,1.28
2014.02.04 13:31:30.436,1.22186,1.22193,1.00,1.09
2014.02.04 13:31:30.688,1.22183,1.22191,1.00,1.13
2014.02.04 13:31:30.790,1.22183,1.22193,1.00,2.03
2014.02.04 13:31:31.753,1.22183,1.22192,1.00,1.58
2014.02.04 13:31:32.261,1.22183,1.22193,1.50,1.55
2014.02.04 13:31:38.251,1.22186,1.22193,1.00,1.55
2014.02.04 13:31:38.453,1.22186,1.22194,1.00,1.95
2014.02.04 13:31:38.504,1.22186,1.22193,1.00,1.57
2014.02.04 13:31:40.666,1.22183,1.22193,1.00,1.55
2014.02.04 13:31:40.919,1.22182,1.22189,1.10,1.13
2014.02.04 13:31:41.220,1.22182,1.22187,1.10,1.13
2014.02.04 13:31:41.474,1.22182,1.22188,1.00,1.00
2014.02.04 13:31:41.979,1.22182,1.2219,1.00,1.13
2014.02.04 13:31:47.737,1.22183,1.22192,1.00,1.84
2014.02.04 13:31:48.293,1.22181,1.22192,1.10,1.84
2014.02.04 13:31:48.495,1.22184,1.22192,1.00,1.84
2014.02.04 13:31:48.800,1.22185,1.22191,1.00,1.13
2014.02.04 13:31:48.952,1.22185,1.22195,1.88,1.28
2014.02.04 13:31:49.256,1.2219,1.22197,1.00,2.78
2014.02.04 13:31:49.761,1.22189,1.22197,1.00,2.78
2014.02.04 13:31:51.029,1.22185,1.22192,2.78,1.13
2014.02.04 13:31:51.335,1.2218,1.22188,1.53,1.13
2014.02.04 13:31:51.387,1.22183,1.22189,1.00,1.13
2014.02.04 13:31:51.443,1.22183,1.2219,1.00,1.20
2014.02.04 13:31:51.667,1.22183,1.22188,1.00,1.13
2014.02.04 13:31:51.819,1.22183,1.2219,1.00,1.20
2014.02.04 13:31:52.365,1.22183,1.22192,1.00,1.28
2014.02.04 13:31:54.365,1.22184,1.22193,1.00,3.64
2014.02.04 13:31:56.110,1.22183,1.22191,1.00,1.28
2014.02.04 13:31:56.630,1.22183,1.22193,1.00,3.08
2014.02.04 13:31:57.533,1.22183,1.22194,1.50,1.65
2014.02.04 13:31:58.167,1.22183,1.22193,1.00,1.65
2014.02.04 13:31:58.270,1.22185,1.22193,1.00,1.65
2014.02.04 13:31:59.264,1.22185,1.22194,1.00,1.47
2014.02.04 13:32:01.083,1.22185,1.22197,1.00,8.93
2014.02.04 13:32:01.597,1.22186,1.22195,1.00,1.28
2014.02.04 13:32:04.201,1.22186,1.22192,1.00,1.13
2014.02.04 13:32:04.353,1.22186,1.22194,1.00,1.47
2014.02.04 13:32:05.096,1.22187,1.22195,1.00,2.33
2014.02.04 13:32:05.149,1.22187,1.22196,1.00,1.40
2014.02.04 13:32:07.297,1.22186,1.22197,1.00,4.80
2014.02.04 13:32:07.815,1.22187,1.22196,1.00,1.28
2014.02.04 13:32:07.917,1.22185,1.22195,1.00,1.65
2014.02.04 13:32:07.968,1.22186,1.22195,1.00,4.95
2014.02.04 13:32:08.271,1.22188,1.22194,1.00,1.28
2014.02.04 13:32:11.171,1.22185,1.22193,1.00,1.28
2014.02.04 13:32:11.474,1.22184,1.22191,1.50,1.13
2014.02.04 13:32:12.144,1.22184,1.22189,1.50,1.13
2014.02.04 13:32:12.397,1.22184,1.22193,1.50,3.45
2014.02.04 13:32:12.601,1.22186,1.22192,1.00,1.28
2014.02.04 13:32:13.076,1.22185,1.22193,1.50,1.28
2014.02.04 13:32:17.245,1.22185,1.22191,1.50,1.00
2014.02.04 13:32:17.901,1.22185,1.22192,1.00,1.39
2014.02.04 13:32:19.222,1.22184,1.22192,1.00,1.39
2014.02.04 13:32:19.273,1.22184,1.22192,1.00,1.39
2014.02.04 13:32:19.780,1.22183,1.22189,1.00,1.00
2014.02.04 13:32:19.932,1.22181,1.2219,1.00,1.58
2014.02.04 13:32:26.406,1.22182,1.22191,1.00,1.18
2014.02.04 13:32:27.461,1.22183,1.22191,1.00,1.18
2014.02.04 13:32:31.966,1.22182,1.22191,1.50,1.18
2014.02.04 13:32:33.868,1.22181,1.22192,1.50,2.03
2014.02.04 13:32:34.607,1.22179,1.22191,1.55,1.18
2014.02.04 13:32:39.458,1.2218,1.2219,1.20,1.95
2014.02.04 13:32:39.964,1.22181,1.22189,1.00,1.10
2014.02.04 13:32:42.433,1.22181,1.22189,1.00,1.95
2014.02.04 13:32:57.957,1.22181,1.2219,1.00,2.97
2014.02.04 13:32:58.464,1.22181,1.22189,1.00,1.20
2014.02.04 13:32:59.174,1.22179,1.2219,1.20,1.18
2014.02.04 13:33:00.617,1.22181,1.22191,1.00,3.15
2014.02.04 13:33:00.921,1.22181,1.22189,1.00,1.20
2014.02.04 13:33:02.463,1.22179,1.22189,1.20,1.39
2014.02.04 13:33:05.347,1.2218,1.2219,1.00,1.18
2014.02.04 13:33:06.879,1.2218,1.22185,1.00,1.13
2014.02.04 13:33:06.981,1.2218,1.22189,1.00,2.89
2014.02.04 13:33:07.284,1.22178,1.2219,1.55,2.78
2014.02.04 13:33:07.789,1.2218,1.2219,1.00,1.28
2014.02.04 13:33:08.295,1.2218,1.22189,1.00,1.20
2014.02.04 13:33:09.976,1.2218,1.22191,1.00,1.84
2014.02.04 13:33:10.481,1.22179,1.22192,1.20,4.95
2014.02.04 13:33:11.295,1.22177,1.22189,2.03,1.67
2014.02.04 13:33:11.808,1.22177,1.22189,2.03,1.10
2014.02.04 13:33:15.029,1.2218,1.22189,1.00,1.10
2014.02.04 13:33:16.968,1.2218,1.22191,1.38,2.78
2014.02.04 13:33:17.120,1.22184,1.22191,1.00,2.03
2014.02.04 13:33:17.475,1.22187,1.22195,1.00,2.70
2014.02.04 13:33:18.263,1.22187,1.22195,1.38,1.20
2014.02.04 13:33:18.365,1.22187,1.22195,1.13,1.20
2014.02.04 13:33:18.719,1.22187,1.22194,1.38,1.13
2014.02.04 13:33:19.422,1.22184,1.22192,1.55,1.13
2014.02.04 13:33:19.625,1.22187,1.22192,1.13,1.13
2014.02.04 13:33:19.779,1.22187,1.22195,1.13,1.73
2014.02.04 13:33:20.083,1.22186,1.22194,1.55,1.13
2014.02.04 13:33:20.388,1.22185,1.22192,1.08,1.13
2014.02.04 13:33:20.641,1.22185,1.22193,1.53,1.13
2014.02.04 13:33:20.806,1.22185,1.22193,1.10,1.13
2014.02.04 13:33:22.463,1.22182,1.22193,1.66,1.20
2014.02.04 13:33:22.514,1.22182,1.22194,1.19,1.47
2014.02.04 13:33:22.766,1.22182,1.22192,1.19,1.13
2014.02.04 13:33:22.969,1.2218,1.22193,3.46,1.67
2014.02.04 13:33:23.626,1.2218,1.22192,3.46,1.13
2014.02.04 13:33:24.142,1.22181,1.2219,1.28,1.13
2014.02.04 13:33:24.293,1.22181,1.22192,1.20,1.28
2014.02.04 13:33:25.631,1.22181,1.22192,1.20,1.20
2014.02.04 13:33:26.802,1.22181,1.22194,1.28,1.47
2014.02.04 13:33:27.591,1.22181,1.22187,1.13,1.13
2014.02.04 13:33:27.692,1.22181,1.22189,1.28,1.32
2014.02.04 13:33:27.895,1.22179,1.2219,2.03,1.88
2014.02.04 13:33:28.097,1.22181,1.2219,1.28,1.13
2014.02.04 13:33:28.149,1.22181,1.22193,1.28,1.58
2014.02.04 13:33:28.669,1.2218,1.22192,2.70,1.00
2014.02.04 13:33:29.987,1.22182,1.22195,1.18,4.65
2014.02.04 13:33:31.386,1.22181,1.22192,1.15,1.00
2014.02.04 13:33:31.965,1.2218,1.22193,4.20,1.10
2014.02.04 13:33:36.933,1.2218,1.22192,4.95,1.13
2014.02.04 13:33:42.898,1.2218,1.22193,3.45,1.58
2014.02.04 13:33:43.106,1.2218,1.22192,3.45,1.13
2014.02.04 13:33:43.968,1.22182,1.22193,1.55,1.10
2014.02.04 13:33:44.327,1.22183,1.22193,1.28,1.57
2014.02.04 13:33:44.854,1.22183,1.22193,1.28,1.00
2014.02.04 13:33:46.517,1.22183,1.22195,2.03,1.58
2014.02.04 13:33:49.113,1.22183,1.22194,2.03,1.13
2014.02.04 13:33:49.899,1.22184,1.22195,1.18,1.02
2014.02.04 13:33:50.355,1.22185,1.22193,1.10,1.13
2014.02.04 13:33:50.860,1.22185,1.22193,1.00,1.20
2014.02.04 13:33:51.011,1.22185,1.22195,1.00,1.09
2014.02.04 13:33:51.555,1.22185,1.22195,2.33,1.02
2014.02.04 13:33:52.087,1.22185,1.22196,1.10,1.09
2014.02.04 13:33:52.914,1.22183,1.2219,2.03,1.13
2014.02.04 13:33:53.118,1.22185,1.22195,1.00,2.97
2014.02.04 13:33:53.271,1.22185,1.22195,2.33,1.02
2014.02.04 13:33:53.425,1.22185,1.22194,1.58,1.13
2014.02.04 13:33:53.527,1.22185,1.22196,1.10,2.40
2014.02.04 13:33:56.293,1.22186,1.22197,1.00,1.53
2014.02.04 13:33:56.749,1.22184,1.22189,1.58,1.13
2014.02.04 13:33:56.850,1.22184,1.22194,1.65,1.13
2014.02.04 13:33:57.002,1.22185,1.22196,1.10,2.70
2014.02.04 13:33:57.603,1.22185,1.22194,1.10,1.13
2014.02.04 13:33:58.471,1.22185,1.22195,1.10,1.20
2014.02.04 13:33:59.142,1.22185,1.22193,1.10,1.13
2014.02.04 13:33:59.243,1.22184,1.22196,1.18,3.15
2014.02.04 13:33:59.813,1.22184,1.22194,1.18,1.13
2014.02.04 13:34:00.591,1.22184,1.22192,1.65,1.13
2014.02.04 13:34:01.101,1.22184,1.22192,1.00,1.13
2014.02.04 13:34:01.152,1.22184,1.22194,1.00,1.28
2014.02.04 13:34:01.751,1.22184,1.22194,1.18,1.13
2014.02.04 13:34:03.010,1.22184,1.22192,1.18,1.13
2014.02.04 13:34:04.081,1.22184,1.22193,1.28,1.00
2014.02.04 13:34:04.183,1.22183,1.22195,1.65,1.95
2014.02.04 13:34:04.688,1.22183,1.22195,1.15,2.33
2014.02.04 13:34:07.124,1.22186,1.22195,1.00,1.20
2014.02.04 13:34:07.226,1.22188,1.22199,1.00,4.95
2014.02.04 13:34:07.428,1.2219,1.22202,1.18,2.97
2014.02.04 13:34:11.261,1.2219,1.22202,4.20,1.48
2014.02.04 13:34:14.580,1.22193,1.222,1.10,1.00
2014.02.04 13:34:17.186,1.22193,1.222,1.48,1.00
2014.02.04 13:34:17.287,1.22193,1.222,1.10,1.00
2014.02.04 13:34:18.370,1.22191,1.22201,1.15,1.13
2014.02.04 13:34:20.548,1.2219,1.22201,1.65,1.20
2014.02.04 13:34:21.299,1.2219,1.222,1.18,1.00
2014.02.04 13:34:21.819,1.22192,1.222,1.00,1.00
2014.02.04 13:34:23.301,1.22192,1.222,1.00,1.13
2014.02.04 13:34:23.403,1.22191,1.22202,1.10,1.84
2014.02.04 13:34:23.908,1.22192,1.222,1.00,1.00
2014.02.04 13:34:24.447,1.22191,1.222,1.10,1.00
2014.02.04 13:34:25.030,1.22191,1.22201,1.10,1.10
2014.02.04 13:34:25.537,1.22192,1.22202,1.00,1.28
2014.02.04 13:34:26.055,1.22191,1.22202,1.65,1.13
2014.02.04 13:34:27.860,1.22192,1.22202,1.18,1.69
2014.02.04 13:34:28.395,1.22191,1.22202,1.15,1.13
2014.02.04 13:34:28.953,1.2219,1.22202,3.83,1.38
2014.02.04 13:34:29.257,1.22191,1.222,1.65,1.13
2014.02.04 13:34:29.421,1.2219,1.222,1.18,1.13
2014.02.04 13:34:29.628,1.2219,1.22202,1.65,1.84
2014.02.04 13:34:30.055,1.2219,1.222,1.65,1.13
2014.02.04 13:34:30.812,1.22189,1.22202,1.65,1.55
2014.02.04 13:34:31.469,1.2219,1.22199,1.18,1.13
2014.02.04 13:34:31.671,1.2219,1.22201,1.18,1.02
2014.02.04 13:34:33.211,1.2219,1.222,1.18,1.82
2014.02.04 13:34:36.581,1.2219,1.22201,1.18,1.58
2014.02.04 13:34:41.012,1.2219,1.22203,1.18,2.78
2014.02.04 13:34:41.316,1.22191,1.22201,1.15,1.13
2014.02.04 13:34:46.705,1.22189,1.22201,2.03,1.20
2014.02.04 13:34:47.592,1.22189,1.22201,1.15,1.48
2014.02.04 13:35:02.438,1.22189,1.22201,1.28,2.52
2014.02.04 13:35:02.590,1.22189,1.22201,1.08,3.15
2014.02.04 13:35:02.641,1.22189,1.22201,1.10,3.15
2014.02.04 13:35:02.743,1.22189,1.22201,1.15,1.95
2014.02.04 13:35:03.096,1.22189,1.22201,1.10,1.28
2014.02.04 13:35:05.413,1.2219,1.22199,1.00,1.20
2014.02.04 13:35:05.921,1.22191,1.22202,1.00,4.02
2014.02.04 13:35:08.510,1.22189,1.22202,1.10,4.95
2014.02.04 13:35:10.700,1.22188,1.22198,1.18,1.13
2014.02.04 13:35:11.155,1.22188,1.222,1.18,1.84
2014.02.04 13:35:13.114,1.22188,1.222,1.65,1.65
2014.02.04 13:35:13.626,1.22188,1.22201,1.65,1.84
2014.02.04 13:35:22.082,1.22187,1.222,2.40,1.18
2014.02.04 13:35:28.885,1.22189,1.222,1.10,1.47
2014.02.04 13:35:31.454,1.22189,1.222,1.08,1.10
2014.02.04 13:35:31.758,1.22189,1.222,1.15,1.88
2014.02.04 13:35:32.061,1.22189,1.222,1.15,1.00
2014.02.04 13:35:32.112,1.2219,1.222,2.33,1.00
2014.02.04 13:35:37.115,1.2219,1.22201,2.70,1.13
2014.02.04 13:35:37.317,1.2219,1.22201,2.03,1.20
2014.02.04 13:35:37.368,1.2219,1.22199,2.03,1.00
2014.02.04 13:35:38.088,1.22191,1.22199,1.08,1.00
2014.02.04 13:35:43.088,1.22192,1.22198,1.18,1.00
2014.02.04 13:35:44.069,1.22192,1.22199,2.03,1.00
2014.02.04 13:36:02.520,1.22188,1.222,3.45,1.13
2014.02.04 13:36:15.950,1.22189,1.22202,1.28,1.84
2014.02.04 13:36:16.153,1.22189,1.22199,3.15,1.00
2014.02.04 13:36:18.943,1.2219,1.22199,3.08,1.00
2014.02.04 13:36:19.450,1.22192,1.22202,1.18,1.50
2014.02.04 13:36:19.956,1.2219,1.22202,2.33,1.38
2014.02.04 13:36:20.663,1.22191,1.22202,1.15,1.50
2014.02.04 13:36:20.815,1.22191,1.22201,1.10,1.02
2014.02.04 13:36:21.321,1.2219,1.22202,1.18,1.55
2014.02.04 13:36:21.850,1.2219,1.22201,1.18,1.02
2014.02.04 13:36:24.004,1.2219,1.22202,1.18,1.55
2014.02.04 13:36:27.160,1.2219,1.22202,2.67,1.38
2014.02.04 13:36:27.362,1.22189,1.22202,1.65,1.55
2014.02.04 13:36:29.609,1.22189,1.222,1.83,1.13
2014.02.04 13:36:29.811,1.22189,1.22202,1.83,1.84
2014.02.04 13:36:30.229,1.22189,1.222,1.83,1.13
2014.02.04 13:36:33.949,1.22189,1.22197,1.65,1.13
2014.02.04 13:36:34.051,1.22189,1.22197,1.58,1.13
2014.02.04 13:36:36.317,1.22191,1.22201,1.00,3.60
2014.02.04 13:36:36.368,1.22191,1.22201,1.00,3.22
2014.02.04 13:36:37.992,1.22191,1.22201,1.00,2.77
2014.02.04 13:36:40.875,1.22191,1.22202,1.00,5.96
2014.02.04 13:36:40.926,1.22191,1.22202,1.58,1.46
2014.02.04 13:36:41.078,1.22191,1.22203,1.10,2.29
2014.02.04 13:36:56.555,1.2219,1.22203,1.15,1.45
2014.02.04 13:36:57.104,1.2219,1.22203,3.08,1.48
2014.02.04 13:36:57.306,1.2219,1.22203,1.18,1.53
2014.02.04 13:37:03.420,1.22189,1.22201,1.28,1.95
2014.02.04 13:37:03.934,1.22188,1.22201,4.20,1.95
2014.02.04 13:37:04.288,1.22189,1.22201,1.28,1.95
2014.02.04 13:37:04.642,1.22188,1.222,3.23,1.00
2014.02.04 13:37:05.984,1.22187,1.222,4.95,1.08
2014.02.04 13:37:06.509,1.22187,1.222,2.40,1.18
2014.02.04 13:37:07.600,1.22187,1.222,2.59,1.18
2014.02.04 13:37:10.865,1.22189,1.22201,1.58,3.04
2014.02.04 13:37:18.283,1.22189,1.22201,1.58,5.85
2014.02.04 13:37:18.705,1.22189,1.22201,1.10,6.22
2014.02.04 13:37:19.159,1.22189,1.22201,1.10,6.22
2014.02.04 13:37:19.840,1.22189,1.22201,1.10,4.72
2014.02.04 13:37:27.066,1.22188,1.222,1.28,2.85
2014.02.04 13:37:27.218,1.22189,1.222,1.10,2.85
2014.02.04 13:37:27.268,1.22189,1.222,1.00,5.77
2014.02.04 13:37:36.411,1.22189,1.22199,1.28,1.10
2014.02.04 13:37:36.918,1.2219,1.22199,1.20,1.10
2014.02.04 13:37:38.312,1.2219,1.22198,1.20,1.00
2014.02.04 13:37:38.824,1.2219,1.22199,1.20,1.10
2014.02.04 13:37:40.219,1.22189,1.22199,1.10,1.10
2014.02.04 13:37:50.987,1.22189,1.222,1.20,1.65
2014.02.04 13:37:51.658,1.22189,1.222,1.20,1.18
2014.02.04 13:37:53.084,1.22189,1.222,1.95,1.18
2014.02.04 13:37:53.388,1.22189,1.222,1.13,5.14
2014.02.04 13:37:54.402,1.2219,1.22199,1.00,1.28
2014.02.04 13:37:59.416,1.2219,1.22197,1.00,1.20
2014.02.04 13:37:59.670,1.22187,1.22196,1.10,1.50
2014.02.04 13:37:59.917,1.22185,1.22194,1.10,1.00
2014.02.04 13:38:00.429,1.22185,1.22196,1.10,1.18
2014.02.04 13:38:00.884,1.22186,1.22196,1.39,1.10
2014.02.04 13:38:01.188,1.22188,1.22196,1.13,1.00
2014.02.04 13:38:01.239,1.22185,1.22196,2.22,1.00
2014.02.04 13:38:01.694,1.22183,1.22196,2.03,1.18
2014.02.04 13:38:03.040,1.22186,1.22196,1.13,1.18
2014.02.04 13:38:03.472,1.22188,1.22196,1.13,1.18
2014.02.04 13:38:03.676,1.22185,1.22196,2.25,1.18
2014.02.04 13:38:04.905,1.22183,1.22196,1.24,1.18
2014.02.04 13:38:06.751,1.22184,1.22196,1.00,4.20
2014.02.04 13:38:08.285,1.22184,1.22193,1.00,1.20
2014.02.04 13:38:08.627,1.22183,1.2219,1.00,1.13
2014.02.04 13:38:09.179,1.22183,1.22193,1.00,2.78
2014.02.04 13:38:10.520,1.22182,1.22193,1.00,1.65
2014.02.04 13:38:11.766,1.22182,1.22192,1.18,1.13
2014.02.04 13:38:14.270,1.22182,1.22193,1.18,1.20
2014.02.04 13:38:15.103,1.22184,1.22194,1.13,2.78
2014.02.04 13:38:15.457,1.22182,1.22194,1.47,1.18
2014.02.04 13:38:15.963,1.22182,1.22193,1.18,1.20
2014.02.04 13:38:16.769,1.22182,1.22189,1.10,1.13
2014.02.04 13:38:17.225,1.22183,1.22191,1.00,1.10
2014.02.04 13:38:17.591,1.22183,1.22194,1.18,1.10
2014.02.04 13:38:22.655,1.22184,1.22194,1.20,1.10
2014.02.04 13:38:22.958,1.22183,1.22194,1.28,1.10
2014.02.04 13:38:24.533,1.22181,1.22194,4.20,1.95
2014.02.04 13:38:26.277,1.22181,1.22194,3.45,1.39
2014.02.04 13:38:35.255,1.22181,1.22193,2.70,1.00
2014.02.04 13:38:35.761,1.22181,1.22192,2.70,1.00
2014.02.04 13:38:37.464,1.22181,1.22191,1.28,1.00
2014.02.04 13:38:41.502,1.22181,1.22191,1.10,1.08
2014.02.04 13:38:42.040,1.22183,1.22191,1.00,1.18
2014.02.04 13:38:50.966,1.22181,1.22191,1.00,1.18
2014.02.04 13:38:51.477,1.22181,1.22191,1.18,1.00
2014.02.04 13:38:59.191,1.22182,1.22191,1.10,2.63
2014.02.04 13:39:00.050,1.22182,1.2219,1.00,1.20
2014.02.04 13:39:00.556,1.22181,1.2219,1.00,1.28
2014.02.04 13:39:06.335,1.22182,1.2219,1.00,2.10
2014.02.04 13:39:06.385,1.22178,1.22186,2.18,1.13
2014.02.04 13:39:06.487,1.22182,1.2219,1.00,2.10
2014.02.04 13:39:06.694,1.22181,1.22186,1.00,1.13
2014.02.04 13:39:07.224,1.22182,1.22187,1.00,1.13
2014.02.04 13:39:13.975,1.22182,1.22189,1.00,1.54
2014.02.04 13:39:14.500,1.22183,1.2219,1.00,1.28
2014.02.04 13:39:15.002,1.22182,1.2219,1.00,1.28
2014.02.04 13:39:15.526,1.22181,1.22188,1.00,1.20
2014.02.04 13:39:16.589,1.22178,1.22188,1.10,1.20
2014.02.04 13:39:18.120,1.22176,1.22182,1.00,1.13
2014.02.04 13:39:18.268,1.22177,1.22185,1.08,1.13
2014.02.04 13:39:18.573,1.22175,1.22183,1.15,1.13
2014.02.04 13:39:18.675,1.22178,1.22186,1.00,1.13
2014.02.04 13:39:18.776,1.22178,1.22184,1.00,1.13
2014.02.04 13:39:19.030,1.22178,1.22189,1.00,3.60
2014.02.04 13:39:19.131,1.22178,1.22186,1.00,1.13
2014.02.04 13:39:19.233,1.22178,1.22187,1.00,2.03
2014.02.04 13:39:19.385,1.22178,1.22185,1.00,1.13
2014.02.04 13:39:19.689,1.22178,1.22183,1.00,1.13
2014.02.04 13:39:20.192,1.22179,1.22184,1.00,1.13
2014.02.04 13:39:21.495,1.22179,1.22185,1.00,1.77
2014.02.04 13:39:22.570,1.22174,1.22181,1.18,1.13
2014.02.04 13:39:22.675,1.22174,1.22184,1.50,2.03
2014.02.04 13:39:24.443,1.22174,1.22183,1.00,1.20
2014.02.04 13:39:24.949,1.22174,1.22184,1.00,1.47
2014.02.04 13:39:27.721,1.22174,1.22182,1.00,1.13
2014.02.04 13:39:29.267,1.22174,1.22183,1.00,1.68
2014.02.04 13:39:31.230,1.22173,1.22183,1.00,1.15
2014.02.04 13:39:33.928,1.22172,1.22177,1.00,1.13
2014.02.04 13:39:34.241,1.22169,1.22176,1.38,1.20
2014.02.04 13:39:34.551,1.22166,1.22172,2.18,1.13
2014.02.04 13:39:34.703,1.22169,1.22176,1.88,1.13
2014.02.04 13:39:35.534,1.22169,1.22177,1.88,1.65
2014.02.04 13:39:36.896,1.22169,1.22176,1.38,1.13
2014.02.04 13:39:37.980,1.22169,1.22178,1.38,1.05
2014.02.04 13:39:38.092,1.22171,1.22177,1.00,1.13
2014.02.04 13:39:38.415,1.22169,1.22175,1.38,1.13
2014.02.04 13:39:45.639,1.22166,1.22175,1.83,1.13
2014.02.04 13:39:45.957,1.2217,1.22178,1.00,2.33
2014.02.04 13:39:46.532,1.2217,1.22178,1.00,1.62
2014.02.04 13:39:49.054,1.2217,1.2218,1.00,1.72
2014.02.04 13:39:52.443,1.2217,1.22181,1.20,3.15
2014.02.04 13:39:52.959,1.2217,1.22181,1.20,3.15
2014.02.04 13:39:54.037,1.22172,1.22181,1.00,1.18
2014.02.04 13:39:54.708,1.22173,1.22181,1.00,1.18
2014.02.04 13:39:55.520,1.22173,1.22181,1.38,2.03
2014.02.04 13:39:56.026,1.22175,1.22181,1.13,1.00
2014.02.04 13:39:56.533,1.22176,1.22181,1.00,1.00
2014.02.04 13:39:57.068,1.22174,1.22181,1.48,1.00
2014.02.04 13:39:57.573,1.22174,1.22181,1.48,1.00
2014.02.04 13:40:01.239,1.22174,1.22181,1.10,1.00
2014.02.04 13:40:04.868,1.22171,1.22184,3.08,1.39
2014.02.04 13:40:05.309,1.22176,1.22185,1.00,2.78
2014.02.04 13:40:05.612,1.22176,1.22185,1.13,3.45
2014.02.04 13:40:05.865,1.22176,1.22186,1.13,2.40
2014.02.04 13:40:06.017,1.22176,1.22181,1.00,1.13
2014.02.04 13:40:06.119,1.22172,1.22185,1.48,3.08
2014.02.04 13:40:06.550,1.22174,1.22186,1.48,1.28
2014.02.04 13:40:06.702,1.22174,1.22186,1.10,1.28
2014.02.04 13:40:07.490,1.22174,1.22185,1.00,2.89
2014.02.04 13:40:09.070,1.22175,1.22184,1.00,1.28
2014.02.04 13:40:14.126,1.22173,1.22185,1.38,4.58
2014.02.04 13:40:23.114,1.22176,1.22183,1.00,1.28
2014.02.04 13:40:23.468,1.22174,1.22185,1.88,3.45
2014.02.04 13:40:24.580,1.22171,1.22184,1.28,3.53
2014.02.04 13:40:24.782,1.22173,1.22184,1.73,1.28
2014.02.04 13:40:25.287,1.22173,1.22184,1.38,1.28
2014.02.04 13:40:27.351,1.22172,1.22182,1.48,1.95
2014.02.04 13:40:27.402,1.22172,1.22182,1.10,1.95
2014.02.04 13:40:28.223,1.22171,1.22181,1.20,1.39
2014.02.04 13:40:28.325,1.22171,1.2218,1.00,1.65
2014.02.04 13:40:41.291,1.22171,1.22176,1.00,1.00
2014.02.04 13:40:42.413,1.22171,1.2218,1.00,2.33
2014.02.04 13:41:01.794,1.22169,1.2218,1.13,4.58
2014.02.04 13:41:02.561,1.2217,1.2218,1.00,3.27
2014.02.04 13:41:03.302,1.2217,1.2218,1.50,1.34
2014.02.04 13:41:03.808,1.22175,1.2218,1.00,1.08
2014.02.04 13:41:06.754,1.22172,1.2218,1.00,1.10
2014.02.04 13:41:07.260,1.22173,1.2218,1.00,1.10
2014.02.04 13:41:11.219,1.22173,1.22181,1.00,1.00
2014.02.04 13:41:11.859,1.22173,1.2218,1.00,1.00
2014.02.04 13:41:12.910,1.22172,1.2218,1.10,1.00
2014.02.04 13:41:15.235,1.22174,1.2218,1.00,1.00
2014.02.04 13:41:15.741,1.22172,1.2218,1.39,1.00
2014.02.04 13:41:15.792,1.22172,1.2218,1.95,1.00
2014.02.04 13:41:15.843,1.22172,1.2218,1.39,1.00
2014.02.04 13:41:16.062,1.22173,1.2218,1.28,1.00
2014.02.04 13:41:16.619,1.22172,1.2218,1.10,1.00
2014.02.04 13:41:19.470,1.22172,1.22181,1.10,1.00
2014.02.04 13:41:19.622,1.22172,1.22181,1.40,1.00
2014.02.04 13:41:20.077,1.22171,1.22181,1.28,1.00
2014.02.04 13:41:20.619,1.2217,1.2218,1.85,1.00
2014.02.04 13:41:22.496,1.22172,1.2218,1.40,1.00
2014.02.04 13:41:22.699,1.22171,1.22182,1.75,1.10
2014.02.04 13:41:26.959,1.22171,1.22181,1.18,2.25
2014.02.04 13:41:27.060,1.22173,1.2218,1.01,2.25
2014.02.04 13:41:27.213,1.2217,1.2218,1.28,1.00
2014.02.04 13:41:27.718,1.22171,1.22181,1.21,1.02
2014.02.04 13:41:28.269,1.22172,1.22181,1.00,1.10
2014.02.04 13:41:28.842,1.22173,1.22181,1.10,1.00
2014.02.04 13:41:28.994,1.22173,1.22182,1.11,1.00
2014.02.04 13:41:29.197,1.22171,1.22182,1.28,1.00
2014.02.04 13:41:29.732,1.22176,1.22183,1.00,1.10
2014.02.04 13:41:30.300,1.22176,1.22182,1.00,1.00
2014.02.04 13:41:33.141,1.22175,1.22186,1.48,3.72
2014.02.04 13:41:33.646,1.22172,1.22185,4.21,1.10
2014.02.04 13:41:34.169,1.22173,1.22186,1.28,5.03
2014.02.04 13:41:36.462,1.22175,1.22186,3.00,4.20
2014.02.04 13:41:37.831,1.22175,1.22185,3.08,1.13
2014.02.04 13:41:37.935,1.22175,1.22186,2.33,4.13
2014.02.04 13:41:38.036,1.22176,1.22186,1.16,1.88
2014.02.04 13:41:38.087,1.22177,1.22186,2.33,1.13
2014.02.04 13:41:38.745,1.22177,1.22187,3.08,1.00
2014.02.04 13:41:39.049,1.22177,1.2219,3.08,1.10
2014.02.04 13:41:39.099,1.22179,1.2219,2.33,1.00
2014.02.04 13:41:40.694,1.22179,1.22189,2.33,1.50
2014.02.04 13:41:47.145,1.2218,1.22192,1.15,3.83
2014.02.04 13:41:48.753,1.22179,1.22192,3.08,3.83
2014.02.04 13:41:49.258,1.22179,1.2219,4.40,1.00
2014.02.04 13:41:50.859,1.2218,1.22192,1.53,1.58
2014.02.04 13:41:51.061,1.22182,1.22192,1.20,1.10
2014.02.04 13:41:51.315,1.22181,1.22195,2.71,1.28
2014.02.04 13:41:52.929,1.22183,1.22197,2.33,3.34
2014.02.04 13:41:53.466,1.22183,1.22197,2.33,2.97
2014.02.04 13:41:53.834,1.22183,1.22196,2.33,1.20
2014.02.04 13:41:54.711,1.22183,1.22197,2.33,3.53
2014.02.04 13:41:56.059,1.22183,1.22197,2.33,3.53
2014.02.04 13:41:56.110,1.22181,1.22196,3.46,1.28
2014.02.04 13:41:59.649,1.22183,1.22197,2.33,3.53
2014.02.04 13:42:00.418,1.22181,1.22197,3.46,5.70
2014.02.04 13:42:01.361,1.22183,1.22197,2.90,2.78
2014.02.04 13:42:01.896,1.22183,1.22197,3.98,2.03
2014.02.04 13:42:02.457,1.22183,1.22197,1.81,4.20
2014.02.04 13:42:07.591,1.22185,1.22197,1.13,4.20
2014.02.04 13:42:09.225,1.22182,1.22197,1.36,5.33
2014.02.04 13:42:09.428,1.22181,1.22194,2.63,1.08
2014.02.04 13:42:09.750,1.22186,1.22195,1.01,2.33
2014.02.04 13:42:09.953,1.22186,1.22197,1.01,5.14
2014.02.04 13:42:12.348,1.22183,1.22194,1.65,1.10
2014.02.04 13:42:12.449,1.22186,1.22197,1.20,4.28
2014.02.04 13:42:12.500,1.22186,1.22198,1.66,1.47
2014.02.04 13:42:12.652,1.22186,1.22198,3.46,1.02
2014.02.04 13:42:13.203,1.22188,1.22199,1.28,1.58
2014.02.04 13:42:17.271,1.22189,1.222,1.41,1.13
2014.02.04 13:42:19.765,1.22189,1.22202,1.28,1.55
2014.02.04 13:42:21.193,1.22189,1.22202,1.96,2.03
2014.02.04 13:42:21.245,1.22189,1.22202,1.96,4.77
2014.02.04 13:42:21.499,1.22189,1.222,1.85,1.00
2014.02.04 13:42:25.270,1.2219,1.222,2.70,1.00
2014.02.04 13:42:26.313,1.2219,1.22202,4.77,1.38
2014.02.04 13:42:26.717,1.22189,1.22201,2.03,1.58
2014.02.04 13:42:28.700,1.22191,1.22203,1.10,2.03
2014.02.04 13:42:29.205,1.22192,1.22203,1.00,1.53
2014.02.04 13:42:29.709,1.22192,1.22203,1.18,1.48
2014.02.04 13:42:30.875,1.22193,1.22202,1.10,1.00
2014.02.04 13:42:33.686,1.22192,1.22205,1.65,3.15
2014.02.04 13:42:37.488,1.22192,1.22202,1.47,1.00
2014.02.04 13:42:38.111,1.22192,1.22205,1.65,5.03
2014.02.04 13:42:39.383,1.22192,1.22203,1.18,1.95
2014.02.04 13:42:40.141,1.22192,1.22204,1.18,1.18
2014.02.04 13:42:40.445,1.22193,1.22204,1.10,1.55
2014.02.04 13:42:41.741,1.22193,1.22204,1.10,1.28
2014.02.04 13:42:41.895,1.22193,1.22204,1.48,1.18
2014.02.04 13:42:41.996,1.22193,1.22204,1.10,1.28
2014.02.04 13:42:46.374,1.22192,1.22204,1.08,1.09
2014.02.04 13:42:46.880,1.22192,1.22203,1.00,1.09
2014.02.04 13:42:47.385,1.22189,1.222,1.09,1.20
2014.02.04 13:42:47.486,1.22189,1.222,1.10,1.28
2014.02.04 13:42:47.994,1.22189,1.22199,1.10,1.20
2014.02.04 13:42:48.537,1.22189,1.22199,1.00,1.28
2014.02.04 13:42:50.566,1.22187,1.222,1.10,5.33
2014.02.04 13:42:57.346,1.22185,1.22196,1.54,1.13
2014.02.04 13:42:57.397,1.22185,1.22197,1.54,1.10
2014.02.04 13:42:57.448,1.22185,1.22197,1.21,1.28
2014.02.04 13:42:57.752,1.22186,1.22198,1.65,2.03
2014.02.04 13:42:58.056,1.22186,1.22198,1.13,3.08
2014.02.04 13:43:01.375,1.22186,1.22198,1.47,2.40
2014.02.04 13:43:03.835,1.22188,1.222,1.00,4.02
2014.02.04 13:43:07.860,1.22188,1.22197,1.00,1.20
2014.02.04 13:43:07.962,1.22187,1.222,1.58,7.20
2014.02.04 13:43:14.567,1.22187,1.22196,1.11,1.13
2014.02.04 13:43:15.888,1.22187,1.22198,1.10,2.59
2014.02.04 13:43:20.068,1.22187,1.22197,1.10,1.95
2014.02.04 13:43:20.639,1.22188,1.22197,1.00,1.95
2014.02.04 13:43:23.684,1.22188,1.22199,1.00,3.15
2014.02.04 13:43:25.899,1.22188,1.22197,1.00,1.95
2014.02.04 13:43:29.267,1.22188,1.222,1.00,6.45
2014.02.04 13:43:30.566,1.22187,1.22199,1.10,1.15
2014.02.04 13:43:30.778,1.22187,1.222,1.58,4.28
2014.02.04 13:43:31.285,1.22188,1.222,1.18,2.78
2014.02.04 13:43:32.960,1.22188,1.22198,1.18,1.00
2014.02.04 13:43:35.807,1.22188,1.22199,1.18,1.39
2014.02.04 13:43:36.339,1.22188,1.22199,2.03,1.10
2014.02.04 13:43:36.864,1.22189,1.22199,1.24,1.00
2014.02.04 13:43:40.953,1.22186,1.22199,5.52,1.10
2014.02.04 13:43:43.232,1.22189,1.22199,1.20,1.10
2014.02.04 13:43:43.739,1.22188,1.222,3.64,1.13
2014.02.04 13:43:44.839,1.22188,1.222,2.03,1.20
2014.02.04 13:43:48.005,1.22188,1.222,1.18,1.28
2014.02.04 13:44:04.714,1.22188,1.22198,1.18,1.00
2014.02.04 13:44:05.269,1.22188,1.22198,1.10,1.10
2014.02.04 13:44:06.197,1.22188,1.22201,2.70,4.95
2014.02.04 13:44:08.513,1.2219,1.22201,1.13,4.95
2014.02.04 13:44:08.615,1.22189,1.22199,1.35,1.08
2014.02.04 13:44:08.968,1.22187,1.222,3.83,1.20
2014.02.04 13:44:10.982,1.22191,1.222,1.00,1.10
2014.02.04 13:44:11.485,1.22191,1.222,1.18,1.00
2014.02.04 13:44:22.602,1.22196,1.22204,1.13,1.13
2014.02.04 13:44:22.703,1.22193,1.222,1.20,1.00
2014.02.04 13:44:23.223,1.22191,1.22199,1.80,1.00
2014.02.04 13:44:23.842,1.2219,1.22201,5.44,1.13
2014.02.04 13:44:25.793,1.22191,1.222,1.15,1.00
2014.02.04 13:44:28.763,1.22192,1.22202,2.03,1.00
2014.02.04 13:44:29.271,1.22195,1.22202,1.00,1.00
2014.02.04 13:44:29.575,1.22194,1.22202,1.47,1.38
2014.02.04 13:44:30.213,1.22194,1.22201,1.47,1.00
2014.02.04 13:44:30.903,1.22195,1.22203,1.20,1.00
2014.02.04 13:44:31.004,1.22195,1.22203,1.13,1.48
2014.02.04 13:44:31.308,1.22195,1.22203,2.25,1.13
2014.02.04 13:44:32.133,1.22196,1.22203,1.13,1.13
2014.02.04 13:44:32.235,1.22195,1.22203,2.63,1.13
2014.02.04 13:44:32.387,1.22193,1.22203,1.72,1.38
2014.02.04 13:44:32.724,1.22194,1.22203,1.32,1.20
2014.02.04 13:44:32.926,1.22194,1.22201,1.00,1.00
2014.02.04 13:44:33.431,1.22193,1.22201,1.28,1.00
2014.02.04 13:44:34.548,1.22192,1.22204,3.65,1.10
2014.02.04 13:44:34.599,1.22192,1.22204,1.47,1.18
2014.02.04 13:44:38.617,1.22192,1.22201,1.19,1.00
2014.02.04 13:44:38.769,1.22191,1.22201,1.10,1.20
2014.02.04 13:44:47.044,1.22191,1.222,1.10,1.13
2014.02.04 13:44:49.635,1.22192,1.222,1.00,1.13
2014.02.04 13:44:49.787,1.22193,1.22201,1.00,1.77
2014.02.04 13:44:50.040,1.22195,1.22202,1.00,1.00
2014.02.04 13:44:50.546,1.22195,1.22205,1.00,1.28
2014.02.04 13:44:58.034,1.22196,1.22205,1.00,1.28
2014.02.04 13:44:58.843,1.22197,1.22204,1.00,1.18
2014.02.04 13:44:59.148,1.222,1.22204,1.50,1.00
2014.02.04 13:44:59.754,1.22196,1.22204,1.58,1.00
2014.02.04 13:45:01.162,1.22196,1.22206,1.10,1.10
2014.02.04 13:45:01.264,1.22195,1.22206,1.00,3.08
2014.02.04 13:45:01.570,1.22194,1.22203,1.00,1.09
2014.02.04 13:45:03.893,1.22194,1.22203,1.00,1.53
2014.02.04 13:45:05.008,1.22195,1.22206,1.00,3.83
2014.02.04 13:45:06.339,1.22195,1.22202,1.00,1.00
2014.02.04 13:45:06.391,1.22193,1.22202,1.00,1.08
2014.02.04 13:45:06.895,1.22192,1.22202,1.50,2.03
2014.02.04 13:45:07.486,1.22189,1.22202,1.65,2.03
2014.02.04 13:45:07.860,1.22189,1.22202,1.58,4.20
2014.02.04 13:45:13.123,1.22192,1.22202,1.00,4.20
2014.02.04 13:45:13.916,1.22192,1.22198,1.00,1.00
2014.02.04 13:45:14.825,1.22192,1.22199,1.00,1.00
2014.02.04 13:45:16.776,1.22192,1.22201,1.00,1.10
2014.02.04 13:45:18.139,1.22193,1.22201,1.00,1.10
2014.02.04 13:45:18.644,1.22193,1.22202,1.10,1.00
2014.02.04 13:45:20.707,1.22193,1.22203,1.10,1.02
2014.02.04 13:45:20.909,1.22194,1.22203,1.18,1.25
2014.02.04 13:45:21.360,1.22194,1.222,1.18,1.00
2014.02.04 13:45:22.087,1.22193,1.222,1.10,1.00
2014.02.04 13:45:22.138,1.22193,1.22202,1.10,1.32
2014.02.04 13:45:24.013,1.22193,1.22201,1.10,1.57
2014.02.04 13:45:24.519,1.22193,1.22201,1.10,1.00
2014.02.04 13:45:27.389,1.22193,1.22202,1.10,1.32
2014.02.04 13:45:28.510,1.22193,1.222,1.10,1.00
2014.02.04 13:45:38.954,1.22193,1.22203,1.10,1.48
2014.02.04 13:45:50.560,1.22194,1.22201,1.13,1.13
2014.02.04 13:45:50.864,1.22193,1.22201,1.67,1.13
2014.02.04 13:45:51.376,1.22193,1.22202,1.10,1.38
2014.02.04 13:45:51.954,1.22193,1.22202,1.10,2.25
2014.02.04 13:45:53.952,1.22193,1.22202,1.10,1.38
2014.02.04 13:46:01.327,1.22193,1.222,1.10,1.00
2014.02.04 13:46:03.120,1.22193,1.222,1.08,1.00
2014.02.04 13:46:04.981,1.22193,1.22202,1.18,1.38
2014.02.04 13:46:11.137,1.22193,1.222,1.18,1.13
2014.02.04 13:46:11.643,1.22193,1.222,1.10,1.13
2014.02.04 13:46:12.407,1.22193,1.22201,1.00,1.82
2014.02.04 13:46:15.412,1.22193,1.22203,1.00,2.85
2014.02.04 13:46:15.517,1.22193,1.22201,1.00,1.51
2014.02.04 13:46:16.284,1.22192,1.222,1.18,1.13
2014.02.04 13:46:18.570,1.22192,1.22201,1.18,1.51
2014.02.04 13:46:19.330,1.22192,1.22201,1.18,1.20
2014.02.04 13:46:27.163,1.22192,1.22203,1.18,2.21
2014.02.04 13:46:32.890,1.22192,1.22201,1.18,1.51
2014.02.04 13:46:33.207,1.22192,1.22201,1.18,1.13
2014.02.04 13:46:33.460,1.22191,1.222,1.58,1.82
2014.02.04 13:46:33.713,1.22191,1.22201,1.10,2.02
2014.02.04 13:46:34.429,1.22191,1.22201,1.00,2.85
2014.02.04 13:46:34.884,1.22191,1.222,1.00,2.00
2014.02.04 13:46:35.336,1.22191,1.22201,1.00,2.85
2014.02.04 13:46:35.948,1.22191,1.22201,1.10,2.77
2014.02.04 13:46:37.157,1.22191,1.22201,1.10,2.77
2014.02.04 13:46:41.558,1.2219,1.22201,1.10,2.02
2014.02.04 13:46:41.811,1.22191,1.222,1.00,2.00
2014.02.04 13:46:47.190,1.22191,1.222,1.10,2.32
2014.02.04 13:46:47.393,1.22191,1.222,1.10,1.26
2014.02.04 13:46:47.545,1.22191,1.22199,1.00,1.92
2014.02.04 13:46:50.357,1.22191,1.22196,1.10,1.57
2014.02.04 13:46:50.509,1.2219,1.22197,1.10,1.26
2014.02.04 13:46:52.929,1.2219,1.22197,1.00,1.00
2014.02.04 13:46:58.145,1.22191,1.22197,1.00,1.00
2014.02.04 13:46:58.653,1.22191,1.22199,1.00,1.20
2014.02.04 13:47:02.017,1.22191,1.22201,1.00,2.59
2014.02.04 13:47:02.119,1.22191,1.22201,1.10,1.77
2014.02.04 13:47:04.658,1.22191,1.22201,1.10,1.77
2014.02.04 13:47:07.598,1.22191,1.222,1.00,1.47
2014.02.04 13:47:12.572,1.22191,1.222,1.58,1.10
2014.02.04 13:47:13.253,1.22192,1.22201,1.11,1.25
2014.02.04 13:47:14.557,1.22192,1.22202,1.11,2.33
2014.02.04 13:47:19.061,1.22192,1.22201,1.10,2.07
2014.02.04 13:47:19.518,1.22191,1.22198,1.00,1.00
2014.02.04 13:47:20.053,1.2219,1.22199,1.11,1.32
2014.02.04 13:47:20.363,1.22189,1.22198,2.03,1.88
2014.02.04 13:47:20.667,1.22189,1.22196,1.28,1.13
2014.02.04 13:47:21.194,1.22189,1.22196,1.13,1.13
2014.02.04 13:47:21.502,1.22189,1.22198,1.13,2.89
2014.02.04 13:47:21.704,1.22189,1.22199,1.13,1.74
2014.02.04 13:47:22.008,1.22189,1.22196,1.13,1.13
2014.02.04 13:47:22.311,1.22189,1.22196,1.13,1.13
2014.02.04 13:47:22.564,1.22189,1.22198,1.13,3.45
2014.02.04 13:47:22.615,1.22189,1.22196,1.13,1.13
2014.02.04 13:47:25.885,1.22188,1.22196,1.10,1.50
2014.02.04 13:47:25.987,1.22185,1.22194,1.08,1.32
2014.02.04 13:47:26.291,1.22185,1.22194,1.00,2.89
2014.02.04 13:47:26.392,1.22182,1.22194,1.51,5.14
2014.02.04 13:47:28.787,1.22182,1.22188,1.50,1.00
2014.02.04 13:47:29.091,1.22181,1.22188,1.00,4.02
2014.02.04 13:47:29.227,1.22176,1.22188,1.50,4.39
2014.02.04 13:47:30.094,1.22176,1.22189,2.03,1.28
2014.02.04 13:47:30.145,1.22176,1.22189,2.03,1.28
2014.02.04 13:47:33.500,1.22178,1.22187,1.01,1.20
2014.02.04 13:47:33.908,1.22178,1.2219,1.01,3.45
2014.02.04 13:47:34.413,1.22178,1.22188,1.01,1.28
2014.02.04 13:47:36.553,1.22178,1.22188,1.01,2.03
2014.02.04 13:47:36.705,1.22183,1.22191,1.00,1.28
2014.02.04 13:47:38.106,1.22184,1.2219,1.00,1.13
2014.02.04 13:47:38.207,1.22184,1.22191,1.00,1.13
2014.02.04 13:47:38.359,1.22181,1.22188,1.21,1.13
2014.02.04 13:47:38.410,1.22181,1.22187,1.21,1.13
2014.02.04 13:47:38.562,1.22183,1.22192,1.01,1.20
2014.02.04 13:47:38.866,1.22184,1.22194,1.38,2.78
2014.02.04 13:47:39.371,1.22186,1.22194,1.13,1.20
2014.02.04 13:47:40.501,1.22186,1.22191,1.00,1.13
2014.02.04 13:47:40.552,1.22185,1.22192,1.13,1.13
2014.02.04 13:47:41.058,1.22185,1.22191,1.00,1.13
2014.02.04 13:47:41.938,1.22184,1.2219,1.20,1.13
2014.02.04 13:47:44.032,1.22183,1.2219,2.03,1.13
2014.02.04 13:47:44.184,1.22183,1.22189,1.39,1.13
2014.02.04 13:47:44.285,1.22183,1.22191,1.39,1.13
2014.02.04 13:47:44.387,1.22183,1.22193,1.39,1.47
2014.02.04 13:47:46.013,1.22183,1.22192,1.39,1.20
2014.02.04 13:47:47.442,1.22182,1.22193,1.48,1.28
2014.02.04 13:47:49.319,1.22183,1.22191,1.46,1.13
2014.02.04 13:47:50.332,1.22183,1.22189,1.01,1.13
2014.02.04 13:47:50.736,1.22181,1.22192,2.78,1.20
2014.02.04 13:47:50.888,1.22181,1.22189,2.03,1.13
2014.02.04 13:47:50.990,1.22181,1.22192,2.41,1.20
2014.02.04 13:47:53.633,1.22181,1.22189,2.03,1.13
2014.02.04 13:47:53.734,1.22181,1.2219,2.03,1.13
2014.02.04 13:47:53.836,1.22183,1.22193,1.39,2.03
2014.02.04 13:47:54.038,1.22183,1.2219,1.39,1.13
2014.02.04 13:47:54.309,1.22182,1.22192,1.48,1.20
2014.02.04 13:47:54.898,1.22182,1.2219,1.48,1.13
2014.02.04 13:47:54.949,1.22182,1.22192,1.48,1.20
2014.02.04 13:47:55.050,1.22183,1.22189,1.01,1.13
2014.02.04 13:47:55.152,1.22182,1.22192,1.10,1.20
2014.02.04 13:47:55.428,1.22182,1.22192,1.49,1.20
2014.02.04 13:47:57.386,1.22184,1.22193,1.13,2.03
2014.02.04 13:47:59.319,1.22184,1.22193,1.13,1.93
2014.02.04 13:48:00.792,1.22184,1.22193,1.13,1.93
2014.02.04 13:48:00.995,1.22183,1.22193,1.38,1.09
2014.02.04 13:48:01.811,1.22183,1.22193,1.38,1.93
2014.02.04 13:48:06.245,1.22182,1.22193,1.58,1.65
2014.02.04 13:48:06.582,1.22182,1.22193,1.21,1.93
2014.02.04 13:48:06.834,1.22183,1.22193,1.55,1.69
2014.02.04 13:48:07.798,1.22183,1.22193,1.55,1.75
2014.02.04 13:48:08.152,1.22182,1.22192,1.53,1.19
2014.02.04 13:48:08.254,1.22182,1.22192,1.10,1.29
2014.02.04 13:48:08.356,1.2218,1.2219,3.30,1.35
2014.02.04 13:48:08.609,1.2218,1.22192,4.27,1.10
2014.02.04 13:48:08.660,1.2218,1.2219,2.92,1.00
2014.02.04 13:48:08.711,1.22181,1.2219,1.18,1.00
2014.02.04 13:48:08.812,1.22181,1.2219,3.08,1.00
2014.02.04 13:48:08.863,1.22181,1.22192,3.83,1.25
2014.02.04 13:48:08.914,1.22181,1.22193,3.83,1.75
2014.02.04 13:48:10.664,1.22182,1.22193,2.03,1.00
2014.02.04 13:48:10.817,1.22185,1.22193,1.38,1.00
2014.02.04 13:48:11.367,1.22185,1.22194,1.38,1.10
2014.02.04 13:48:12.547,1.22185,1.22194,1.38,1.58
2014.02.04 13:48:13.053,1.22185,1.22193,1.13,1.19
2014.02.04 13:48:13.586,1.22184,1.22193,1.48,2.25
2014.02.04 13:48:15.829,1.22183,1.22192,1.55,1.00
2014.02.04 13:48:16.335,1.22181,1.22192,3.45,1.38
2014.02.04 13:48:17.045,1.22181,1.22193,4.21,1.25
2014.02.04 13:48:19.198,1.22184,1.22193,1.48,1.75
2014.02.04 13:48:19.401,1.22183,1.22193,1.55,1.25
2014.02.04 13:48:20.069,1.22183,1.22193,1.55,1.75
2014.02.04 13:48:20.171,1.22182,1.22193,1.54,2.25
2014.02.04 13:48:20.323,1.22182,1.22193,1.49,1.84
2014.02.04 13:48:20.844,1.22183,1.22193,1.28,1.50
2014.02.04 13:48:21.156,1.22183,1.22193,1.28,1.75
2014.02.04 13:48:21.510,1.22182,1.22193,1.54,1.50
2014.02.04 13:48:21.612,1.22182,1.22193,1.66,2.25
2014.02.04 13:48:23.127,1.22186,1.22193,1.00,1.75
2014.02.04 13:48:23.178,1.22186,1.22193,1.00,1.19
2014.02.04 13:48:23.622,1.22186,1.22193,1.00,1.75
2014.02.04 13:48:23.723,1.22184,1.22193,1.48,1.00
2014.02.04 13:48:26.674,1.22186,1.22193,1.00,1.00
2014.02.04 13:48:27.203,1.22186,1.22194,1.13,1.10
2014.02.04 13:48:29.520,1.22186,1.22196,1.20,1.10
2014.02.04 13:48:32.624,1.22186,1.22196,1.20,1.58
2014.02.04 13:48:36.444,1.22186,1.22195,1.20,1.50
2014.02.04 13:48:37.659,1.22186,1.22195,1.20,1.25
2014.02.04 13:48:37.917,1.22184,1.22194,2.03,1.50
2014.02.04 13:48:38.221,1.22184,1.22192,1.00,1.75
2014.02.04 13:48:38.324,1.22185,1.22195,1.01,1.28
2014.02.04 13:48:38.476,1.22185,1.22193,1.01,1.75
2014.02.04 13:48:38.781,1.22185,1.22193,1.13,1.19
2014.02.04 13:48:38.832,1.22185,1.22193,1.13,1.19
2014.02.04 13:48:41.177,1.22185,1.22194,1.28,1.00
2014.02.04 13:48:41.329,1.22184,1.22197,1.53,2.97
2014.02.04 13:48:41.532,1.22184,1.22195,1.11,1.65
2014.02.04 13:48:42.037,1.22185,1.22195,1.13,1.65
2014.02.04 13:48:42.492,1.22184,1.22197,1.16,2.78
2014.02.04 13:48:42.594,1.22184,1.22195,1.11,1.18
2014.02.04 13:48:43.160,1.22184,1.22195,1.11,1.28
2014.02.04 13:48:43.417,1.22183,1.22195,2.03,1.09
2014.02.04 13:48:43.468,1.22186,1.22195,1.00,1.09
2014.02.04 13:48:44.799,1.22187,1.22197,1.00,2.89
2014.02.04 13:48:46.111,1.22187,1.22198,1.00,3.64
2014.02.04 13:48:46.212,1.22187,1.22198,1.08,1.74
2014.02.04 13:48:46.717,1.22185,1.22198,3.83,1.10
2014.02.04 13:48:53.712,1.22185,1.22197,4.77,1.00
2014.02.04 13:48:54.261,1.22185,1.22198,4.21,1.58
2014.02.04 13:48:55.123,1.22184,1.22194,5.33,1.10
2014.02.04 13:48:55.633,1.22183,1.22194,1.84,1.10
2014.02.04 13:48:56.067,1.22187,1.22196,1.10,1.00
2014.02.04 13:48:56.605,1.22187,1.22195,1.10,1.00
2014.02.04 13:48:57.215,1.22186,1.22195,1.21,1.08
2014.02.04 13:48:57.368,1.22185,1.22194,1.50,1.95
2014.02.04 13:48:57.570,1.22186,1.22198,1.10,1.84
2014.02.04 13:49:00.146,1.22185,1.22198,4.96,1.18
2014.02.04 13:49:00.903,1.22185,1.22198,4.96,1.10
2014.02.04 13:49:02.986,1.22185,1.22196,3.46,1.32
2014.02.04 13:49:03.391,1.22187,1.22193,1.00,1.00
2014.02.04 13:49:03.442,1.22187,1.22199,1.00,4.39
2014.02.04 13:49:04.876,1.22187,1.22196,1.08,1.32
2014.02.04 13:49:05.287,1.22187,1.22196,1.18,1.88
2014.02.04 13:49:05.954,1.22186,1.22197,1.28,1.57
2014.02.04 13:49:06.461,1.22186,1.22197,1.28,1.00
2014.02.04 13:49:06.915,1.22185,1.22195,4.58,1.13
2014.02.04 13:49:07.434,1.22185,1.22195,3.45,1.57
2014.02.04 13:49:07.638,1.22186,1.22198,1.28,1.10
2014.02.04 13:49:08.348,1.22187,1.22198,2.33,1.00
2014.02.04 13:49:10.361,1.22187,1.22199,3.64,1.00
2014.02.04 13:49:14.971,1.22189,1.22199,1.28,1.00
2014.02.04 13:49:15.629,1.22187,1.222,3.08,1.95
2014.02.04 13:49:17.423,1.22187,1.222,1.15,1.20
2014.02.04 13:49:17.929,1.22187,1.222,1.18,2.59
2014.02.04 13:49:24.724,1.22185,1.22197,3.46,1.13
2014.02.04 13:49:24.826,1.22185,1.22198,1.56,2.03
2014.02.04 13:49:25.231,1.22185,1.22196,4.21,1.00
2014.02.04 13:49:28.706,1.22185,1.22198,3.46,1.10
2014.02.04 13:49:29.392,1.22185,1.22195,3.46,1.00
2014.02.04 13:49:29.544,1.22185,1.22198,1.56,1.15
2014.02.04 13:49:32.674,1.22187,1.22196,1.00,1.39
2014.02.04 13:49:35.180,1.22186,1.22199,1.21,4.39
2014.02.04 13:49:35.694,1.22187,1.22197,1.00,1.74
2014.02.04 13:49:37.743,1.22187,1.22195,1.00,1.13
2014.02.04 13:49:48.846,1.22187,1.22196,1.50,1.20
2014.02.04 13:49:58.571,1.22187,1.22196,1.58,1.13
2014.02.04 13:49:59.120,1.2219,1.22196,1.00,1.13
2014.02.04 13:50:02.143,1.22189,1.22194,1.21,1.13
2014.02.04 13:50:02.364,1.2219,1.22198,1.00,1.13
2014.02.04 13:50:03.687,1.2219,1.22198,1.18,1.13
2014.02.04 13:50:15.525,1.2219,1.22201,2.40,1.95
2014.02.04 13:50:15.626,1.2219,1.22202,4.58,1.38
2014.02.04 13:50:16.138,1.22192,1.222,1.18,1.00
2014.02.04 13:50:16.239,1.22192,1.22203,1.18,2.33
2014.02.04 13:50:16.492,1.22193,1.22203,1.48,1.10
2014.02.04 13:50:22.108,1.22193,1.22203,1.15,1.00
2014.02.04 13:50:22.965,1.22193,1.22206,2.03,1.74
2014.02.04 13:50:27.239,1.22196,1.22203,1.00,1.00
2014.02.04 13:50:31.570,1.22196,1.22203,1.18,1.00
2014.02.04 13:50:35.696,1.22197,1.22207,1.10,1.20
2014.02.04 13:50:36.438,1.22197,1.22207,1.00,3.08
2014.02.04 13:50:36.589,1.22197,1.22207,1.10,1.20
2014.02.04 13:50:39.653,1.22196,1.22204,1.18,1.00
2014.02.04 13:50:40.185,1.22197,1.22207,1.10,1.20
2014.02.04 13:50:43.343,1.22197,1.22207,1.18,1.20
2014.02.04 13:50:43.849,1.22197,1.22207,1.15,1.13
2014.02.04 13:50:46.451,1.22196,1.22207,2.89,1.38
2014.02.04 13:50:48.462,1.22196,1.22204,2.33,1.00
2014.02.04 13:50:50.764,1.22195,1.22203,1.47,1.00
2014.02.04 13:50:52.231,1.22194,1.22203,1.28,1.00
2014.02.04 13:50:52.744,1.22193,1.22202,1.15,1.00
2014.02.04 13:50:53.528,1.22193,1.22203,1.15,1.00
2014.02.04 13:50:54.545,1.22196,1.22203,1.00,1.00
2014.02.04 13:50:56.330,1.22195,1.22203,1.10,1.00
2014.02.04 13:50:59.797,1.22193,1.22201,1.15,1.00
2014.02.04 13:51:03.978,1.22193,1.22203,1.15,1.00
2014.02.04 13:51:08.277,1.22193,1.22203,1.15,1.38
2014.02.04 13:51:08.378,1.22191,1.22201,1.65,1.00
2014.02.04 13:51:10.044,1.22194,1.22201,1.00,1.00
2014.02.04 13:51:12.957,1.22193,1.22201,1.10,1.00
2014.02.04 13:51:15.800,1.22192,1.222,1.19,1.00
2014.02.04 13:51:16.548,1.22194,1.222,1.00,1.00
2014.02.04 13:51:17.418,1.22193,1.222,1.10,1.00
2014.02.04 13:51:20.168,1.22191,1.22203,3.16,1.10
2014.02.04 13:51:25.239,1.22191,1.22201,2.03,1.00
2014.02.04 13:51:25.589,1.22193,1.22205,1.20,1.28
2014.02.04 13:51:26.095,1.22194,1.22204,1.00,1.18
2014.02.04 13:51:26.398,1.22194,1.22204,1.38,1.18
2014.02.04 13:51:26.499,1.22193,1.22203,1.20,1.10
2014.02.04 13:51:27.846,1.22194,1.22204,1.00,1.18
2014.02.04 13:51:28.361,1.22195,1.22204,1.95,1.00
2014.02.04 13:51:28.869,1.22195,1.22205,1.58,1.10
2014.02.04 13:51:29.177,1.22195,1.22203,1.95,1.00
2014.02.04 13:51:29.482,1.22194,1.22203,1.55,1.00
2014.02.04 13:51:29.533,1.22194,1.22203,1.55,1.00
2014.02.04 13:51:29.959,1.22193,1.22206,3.45,1.18
2014.02.04 13:51:32.419,1.22192,1.22204,3.83,1.10
2014.02.04 13:51:32.927,1.22192,1.22204,1.94,1.18
2014.02.04 13:51:33.718,1.22192,1.22204,1.94,1.18
2014.02.04 13:51:42.456,1.22193,1.22204,1.58,1.18
2014.02.04 13:51:42.974,1.22193,1.22202,1.10,1.00
2014.02.04 13:51:44.991,1.22192,1.22202,4.28,1.00
2014.02.04 13:51:49.361,1.22192,1.22205,4.66,1.15
2014.02.04 13:51:49.412,1.22192,1.22205,4.28,1.15
2014.02.04 13:51:53.235,1.22192,1.22205,1.66,1.18
2014.02.04 13:51:56.228,1.22195,1.22205,1.38,1.18
2014.02.04 13:51:56.383,1.22196,1.22207,1.65,1.00
2014.02.04 13:51:56.737,1.22199,1.22207,1.18,1.00
2014.02.04 13:52:00.266,1.22198,1.22208,1.28,1.00
2014.02.04 13:52:01.441,1.22198,1.22207,1.53,1.00
2014.02.04 13:52:11.049,1.22197,1.22205,2.33,1.50
2014.02.04 13:52:11.150,1.22195,1.22203,1.00,1.28
2014.02.04 13:52:11.201,1.22193,1.22199,1.13,1.08
2014.02.04 13:52:11.353,1.22192,1.22198,1.38,1.10
2014.02.04 13:52:11.404,1.22192,1.22198,1.00,1.64
2014.02.04 13:52:11.455,1.22191,1.22198,1.00,1.64
2014.02.04 13:52:12.001,1.2219,1.22198,1.00,1.97
2014.02.04 13:52:12.610,1.22189,1.22196,1.00,1.48
2014.02.04 13:52:13.125,1.2219,1.22196,1.00,1.48
2014.02.04 13:52:14.223,1.22184,1.22196,1.66,1.95
2014.02.04 13:52:14.425,1.22184,1.22196,1.58,2.03
2014.02.04 13:52:19.733,1.22184,1.22195,2.33,1.65
2014.02.04 13:52:20.504,1.22184,1.22193,1.58,1.13
2014.02.04 13:52:30.513,1.22184,1.22191,1.96,1.13
2014.02.04 13:52:32.477,1.22183,1.22189,1.10,1.13
2014.02.04 13:52:32.580,1.22185,1.22192,1.00,1.13
2014.02.04 13:52:32.940,1.22185,1.2219,1.00,1.13
2014.02.04 13:52:33.042,1.22185,1.22192,1.00,1.20
2014.02.04 13:52:35.335,1.22182,1.22192,1.58,1.58
2014.02.04 13:52:35.437,1.22182,1.22188,1.11,1.13
2014.02.04 13:52:35.740,1.22178,1.22185,1.38,1.13
2014.02.04 13:52:35.865,1.22178,1.22184,1.38,1.13
2014.02.04 13:52:35.918,1.22178,1.22188,1.38,1.28
2014.02.04 13:52:36.020,1.22178,1.22184,1.38,1.13
2014.02.04 13:52:40.767,1.22179,1.22186,1.88,1.13
2014.02.04 13:52:41.222,1.22181,1.22186,1.50,1.13
2014.02.04 13:52:41.273,1.22181,1.22189,2.26,1.17
2014.02.04 13:52:44.978,1.22181,1.22188,2.63,1.13
2014.02.04 13:52:45.382,1.22181,1.22189,2.63,1.20
2014.02.04 13:52:45.584,1.22183,1.22192,3.01,1.28
2014.02.04 13:52:45.685,1.22183,1.22189,1.50,1.13
2014.02.04 13:52:45.736,1.22183,1.22189,1.50,1.13
2014.02.04 13:52:46.513,1.22182,1.22189,1.51,1.13
2014.02.04 13:52:47.444,1.22181,1.22187,1.13,1.13
2014.02.04 13:52:47.899,1.22182,1.22189,1.01,1.13
2014.02.04 13:52:48.203,1.22181,1.22186,1.88,1.13
2014.02.04 13:52:48.559,1.22179,1.22185,1.10,1.13
2014.02.04 13:52:48.661,1.22182,1.22188,1.00,1.13
2014.02.04 13:52:50.988,1.22182,1.22187,1.00,1.13
2014.02.04 13:52:51.089,1.22182,1.22188,1.00,1.13
2014.02.04 13:52:54.722,1.22182,1.22193,1.00,4.95
2014.02.04 13:52:54.925,1.22183,1.22193,1.00,1.18
2014.02.04 13:52:55.229,1.22184,1.22194,1.10,1.39
2014.02.04 13:52:55.381,1.22184,1.22193,1.10,1.13
2014.02.04 13:52:56.135,1.22185,1.22193,1.00,1.13
2014.02.04 13:52:56.684,1.22185,1.22194,1.00,1.67
2014.02.04 13:52:57.217,1.22185,1.22192,1.00,1.00
2014.02.04 13:53:02.967,1.22185,1.22191,1.00,1.13
2014.02.04 13:53:03.069,1.22185,1.22193,1.00,1.57
2014.02.04 13:53:03.272,1.22185,1.22191,1.00,1.13
2014.02.04 13:53:07.765,1.22185,1.2219,1.00,1.13
2014.02.04 13:53:08.234,1.22185,1.22194,1.00,1.39
2014.02.04 13:53:09.419,1.22185,1.22194,1.00,1.67
2014.02.04 13:53:09.701,1.22185,1.22193,1.00,1.13
2014.02.04 13:53:10.252,1.22184,1.22192,1.00,1.67
2014.02.04 13:53:14.611,1.22184,1.22191,1.00,1.13
2014.02.04 13:53:14.915,1.22183,1.22189,1.00,1.13
2014.02.04 13:53:15.395,1.22183,1.22192,1.00,1.20
2014.02.04 13:53:15.496,1.22186,1.22192,1.00,1.20
2014.02.04 13:53:16.045,1.22183,1.22193,3.08,1.13
2014.02.04 13:53:16.784,1.22183,1.22196,3.08,1.20
2014.02.04 13:53:17.675,1.22184,1.22195,1.16,1.13
2014.02.04 13:53:19.095,1.22184,1.22193,1.16,1.13
2014.02.04 13:53:19.146,1.22186,1.22197,1.11,1.28
2014.02.04 13:53:20.867,1.22185,1.22193,1.18,1.13
2014.02.04 13:53:27.174,1.22186,1.22191,1.01,1.13
2014.02.04 13:53:27.276,1.22186,1.22193,1.01,1.13
2014.02.04 13:53:31.924,1.22184,1.22191,2.33,1.13
2014.02.04 13:53:32.026,1.22186,1.22193,1.11,1.13
2014.02.04 13:53:32.558,1.22186,1.22194,1.11,1.13
2014.02.04 13:53:37.340,1.22186,1.22194,1.11,1.13
2014.02.04 13:53:40.535,1.22186,1.22194,1.28,1.13
2014.02.04 13:53:40.636,1.22186,1.22198,1.28,1.20
2014.02.04 13:53:44.711,1.22187,1.22198,2.33,1.13
2014.02.04 13:53:47.425,1.22187,1.22198,1.28,1.20
2014.02.04 13:53:47.837,1.22187,1.22197,4.96,1.13
2014.02.04 13:53:49.194,1.22187,1.22198,3.83,1.13
2014.02.04 13:53:49.498,1.22184,1.22194,4.58,1.13
2014.02.04 13:53:49.751,1.22183,1.22194,1.66,1.35
2014.02.04 13:53:50.055,1.22185,1.22193,1.48,1.13
2014.02.04 13:53:50.577,1.22183,1.22196,2.03,2.03
2014.02.04 13:53:51.551,1.22184,1.22191,1.56,1.13
2014.02.04 13:53:51.905,1.22183,1.22195,2.03,2.10
2014.02.04 13:53:52.771,1.22185,1.2219,1.20,1.13
2014.02.04 13:53:52.874,1.22185,1.22193,1.13,1.20
2014.02.04 13:53:53.614,1.22183,1.2219,1.58,1.13
2014.02.04 13:53:54.121,1.22183,1.2219,1.21,1.13
2014.02.04 13:53:54.172,1.22183,1.22192,1.21,1.13
2014.02.04 13:53:55.294,1.22183,1.22192,1.21,1.13
2014.02.04 13:53:55.396,1.22183,1.22195,1.21,2.33
2014.02.04 13:53:55.969,1.22183,1.22195,1.28,1.95
2014.02.04 13:53:56.451,1.22183,1.2219,1.58,1.13
2014.02.04 13:53:56.553,1.22185,1.22194,1.11,1.13
2014.02.04 13:53:56.757,1.22184,1.22197,1.54,2.55
2014.02.04 13:53:56.858,1.22184,1.22195,2.78,1.13
2014.02.04 13:53:57.162,1.22185,1.22197,2.71,1.88
2014.02.04 13:53:57.771,1.22186,1.22195,1.28,1.13
2014.02.04 13:53:57.873,1.22186,1.22196,1.21,1.20
2014.02.04 13:53:58.076,1.22186,1.22194,1.28,1.13
2014.02.04 13:53:58.623,1.22186,1.22195,3.83,1.13
2014.02.04 13:53:58.877,1.22186,1.22194,1.66,1.13
2014.02.04 13:53:59.506,1.22187,1.22192,1.11,1.13
2014.02.04 13:54:02.497,1.22187,1.22195,1.11,1.13
2014.02.04 13:54:02.649,1.22186,1.22195,4.58,1.13
2014.02.04 13:54:02.802,1.22186,1.22198,3.08,1.88
2014.02.04 13:54:03.822,1.22186,1.22194,3.08,1.13
2014.02.04 13:54:07.657,1.22186,1.22195,3.08,1.13
2014.02.04 13:54:23.283,1.22185,1.22196,6.83,1.13
2014.02.04 13:54:27.603,1.22187,1.22196,3.08,1.13
2014.02.04 13:54:30.120,1.22187,1.22196,3.08,1.13
2014.02.04 13:54:30.579,1.22187,1.22196,1.18,1.88
2014.02.04 13:54:31.083,1.22186,1.22196,1.28,1.88
2014.02.04 13:54:36.952,1.22186,1.22198,2.03,1.20
2014.02.04 13:54:37.054,1.22187,1.22198,2.33,1.13
2014.02.04 13:54:40.225,1.22187,1.22199,2.33,2.63
2014.02.04 13:54:40.553,1.22191,1.22199,2.25,2.07
2014.02.04 13:54:41.009,1.22187,1.22199,2.33,2.63
2014.02.04 13:54:41.126,1.22189,1.22197,2.33,1.57
2014.02.04 13:54:41.284,1.22187,1.22198,1.15,1.13
2014.02.04 13:54:41.436,1.22187,1.22199,1.15,1.39
2014.02.04 13:54:41.537,1.22187,1.22199,1.10,1.47
2014.02.04 13:54:41.841,1.22188,1.22199,2.33,2.63
2014.02.04 13:54:42.216,1.22193,1.22201,2.33,1.38
2014.02.04 13:54:42.528,1.22186,1.22199,2.78,2.78
2014.02.04 13:54:42.831,1.22188,1.22199,2.33,2.63
2014.02.04 13:54:43.462,1.22187,1.22199,2.33,2.70
2014.02.04 13:54:44.009,1.22186,1.22199,4.20,2.70
2014.02.04 13:54:44.340,1.22186,1.22199,4.20,2.14
2014.02.04 13:54:44.556,1.22187,1.22199,1.15,1.95
2014.02.04 13:54:45.058,1.22186,1.22198,3.45,1.00
2014.02.04 13:54:45.577,1.22187,1.22199,1.15,1.95
2014.02.04 13:54:45.959,1.22187,1.22199,1.15,1.39
2014.02.04 13:54:46.567,1.22186,1.22199,3.45,2.14
2014.02.04 13:54:47.219,1.22186,1.22198,1.13,2.89
2014.02.04 13:54:48.958,1.22186,1.22199,2.03,2.22
2014.02.04 13:54:53.058,1.22187,1.22199,1.00,4.39
2014.02.04 13:54:53.522,1.22187,1.22199,1.18,2.22
2014.02.04 13:54:54.383,1.22192,1.22199,2.33,1.50
2014.02.04 13:54:55.182,1.22188,1.22199,1.00,2.07
2014.02.04 13:54:55.808,1.22187,1.22199,1.00,2.07
2014.02.04 13:54:59.700,1.22187,1.22199,1.00,1.50
2014.02.04 13:54:59.802,1.22187,1.22198,1.00,2.10
2014.02.04 13:55:00.105,1.22186,1.22199,1.18,1.50
2014.02.04 13:55:07.175,1.22186,1.22196,2.40,1.13
2014.02.04 13:55:07.327,1.22186,1.22198,1.18,1.57
2014.02.04 13:55:07.871,1.22186,1.22198,1.18,1.00
2014.02.04 13:55:10.257,1.22189,1.22198,1.00,1.00
2014.02.04 13:55:10.561,1.22193,1.22199,2.33,1.00
2014.02.04 13:55:10.713,1.22187,1.22198,1.15,1.00
2014.02.04 13:55:10.814,1.22186,1.22198,1.58,1.15
2014.02.04 13:55:11.118,1.22187,1.22197,1.00,2.33
2014.02.04 13:55:11.624,1.22187,1.22198,1.00,1.15
2014.02.04 13:55:15.530,1.22187,1.22198,1.08,1.18
2014.02.04 13:55:16.035,1.22187,1.22198,1.18,1.10
2014.02.04 13:55:17.080,1.22187,1.22198,1.10,1.20
2014.02.04 13:55:17.384,1.22187,1.22196,1.00,1.20
2014.02.04 13:55:17.738,1.22187,1.22196,1.08,1.13
2014.02.04 13:55:20.798,1.22187,1.22198,1.58,1.08
2014.02.04 13:55:20.849,1.22187,1.22198,1.50,1.15
2014.02.04 13:55:23.123,1.22187,1.22197,2.63,1.18
2014.02.04 13:55:23.694,1.22187,1.22198,2.07,1.15
2014.02.04 13:55:23.897,1.22187,1.22198,1.08,1.39
2014.02.04 13:55:24.596,1.22187,1.22198,1.65,1.32
2014.02.04 13:55:28.435,1.22187,1.22198,1.10,1.47
2014.02.04 13:55:44.519,1.22187,1.22198,1.65,1.00
2014.02.04 13:55:53.625,1.22189,1.22199,1.10,1.39
2014.02.04 13:56:06.796,1.22189,1.22199,1.58,1.02
2014.02.04 13:56:11.413,1.22189,1.22199,1.50,1.09
2014.02.04 13:56:13.554,1.22189,1.22197,1.50,1.20
2014.02.04 13:56:41.172,1.22188,1.22197,1.00,1.28
2014.02.04 13:56:41.477,1.22186,1.22193,1.78,1.13
2014.02.04 13:56:41.528,1.22184,1.22195,2.33,1.65
2014.02.04 13:56:41.630,1.22185,1.22193,1.05,1.25
2014.02.04 13:56:41.732,1.22184,1.22193,1.10,1.25
2014.02.04 13:56:42.498,1.22187,1.22196,1.00,2.59
2014.02.04 13:56:43.683,1.22187,1.22196,1.00,1.92
2014.02.04 13:56:47.611,1.22187,1.22196,1.00,1.84
2014.02.04 13:56:47.914,1.22185,1.2219,1.00,1.13
2014.02.04 13:56:48.441,1.22184,1.2219,1.00,1.28
2014.02.04 13:56:48.593,1.22184,1.22191,1.00,1.10
2014.02.04 13:56:49.673,1.2218,1.2219,1.19,1.13
2014.02.04 13:56:51.361,1.2218,1.22187,1.19,1.13
2014.02.04 13:56:51.889,1.22178,1.22187,1.81,1.13
2014.02.04 13:56:59.351,1.22178,1.22191,1.88,2.22
2014.02.04 13:56:59.453,1.22182,1.22192,1.00,1.72
2014.02.04 13:56:59.968,1.22182,1.22191,1.00,1.28
2014.02.04 13:57:00.492,1.22183,1.2219,1.00,1.20
2014.02.04 13:57:01.919,1.22183,1.22193,1.00,5.70
2014.02.04 13:57:02.429,1.22183,1.22191,1.00,1.28
2014.02.04 13:57:04.949,1.22183,1.22188,1.00,1.13
2014.02.04 13:57:05.058,1.2218,1.22188,1.11,1.13
2014.02.04 13:57:10.449,1.2218,1.22192,1.11,2.03
2014.02.04 13:57:11.544,1.22181,1.22191,1.00,1.28
2014.02.04 13:57:14.084,1.22183,1.22191,1.00,1.28
2014.02.04 13:57:14.885,1.22183,1.22188,1.00,1.13
2014.02.04 13:57:15.391,1.22183,1.22189,1.00,1.09
2014.02.04 13:57:19.968,1.22183,1.22191,1.00,2.03
2014.02.04 13:57:20.472,1.22183,1.22191,1.00,1.28
2014.02.04 13:57:27.833,1.22183,1.22191,1.00,1.28
2014.02.04 13:57:28.359,1.22183,1.22192,1.00,1.65
2014.02.04 13:57:28.892,1.22183,1.22191,1.00,1.00
2014.02.04 13:57:29.448,1.22183,1.22192,1.00,1.77
2014.02.04 13:57:30.939,1.22183,1.22192,1.00,1.58
2014.02.04 13:57:33.447,1.22183,1.22193,1.00,1.65
2014.02.04 13:57:33.953,1.22183,1.22191,1.00,1.00
2014.02.04 13:57:44.366,1.22183,1.22193,1.00,1.65
2014.02.04 13:57:44.468,1.22185,1.22192,1.00,1.10
2014.02.04 13:57:44.975,1.22186,1.22192,1.10,1.00
2014.02.04 13:57:49.069,1.22186,1.22192,1.95,1.00
2014.02.04 13:57:49.120,1.22186,1.22194,1.95,1.00
2014.02.04 13:57:49.272,1.22189,1.22198,1.50,1.28
2014.02.04 13:57:49.424,1.22189,1.222,1.50,3.34
2014.02.04 13:57:53.740,1.22189,1.22199,1.00,2.03
2014.02.04 13:57:54.371,1.22189,1.22199,1.00,1.18
2014.02.04 13:57:54.473,1.22191,1.22199,1.00,1.18
2014.02.04 13:57:55.207,1.22191,1.22199,1.00,1.00
2014.02.04 13:58:02.064,1.22191,1.22199,1.88,1.00
2014.02.04 13:58:02.114,1.22191,1.22201,2.48,1.10
2014.02.04 13:58:02.621,1.22193,1.22202,1.00,1.43
2014.02.04 13:58:03.170,1.22193,1.22202,1.00,1.62
2014.02.04 13:58:03.322,1.22191,1.22202,1.00,2.44
2014.02.04 13:58:09.545,1.2219,1.222,1.00,2.78
2014.02.04 13:58:10.051,1.22189,1.222,1.00,1.84
2014.02.04 13:58:22.607,1.2219,1.222,1.00,1.47
2014.02.04 13:58:30.141,1.2219,1.22199,1.00,1.20
2014.02.04 13:58:35.577,1.22189,1.22201,1.10,3.53
2014.02.04 13:58:36.084,1.22189,1.222,1.10,1.93
2014.02.04 13:58:36.388,1.22189,1.222,1.10,2.03
2014.02.04 13:58:39.441,1.22191,1.222,1.00,1.09
2014.02.04 13:58:39.847,1.22191,1.22201,1.10,1.02
2014.02.04 13:58:40.100,1.22191,1.22201,1.00,1.40
2014.02.04 13:58:40.762,1.22191,1.222,1.10,1.00
2014.02.04 13:58:41.065,1.22196,1.22205,2.03,1.50
2014.02.04 13:58:41.594,1.22195,1.22204,2.33,1.00
2014.02.04 13:58:43.025,1.22194,1.22204,1.15,1.00
2014.02.04 13:58:46.121,1.22194,1.22203,1.15,1.00
2014.02.04 13:58:49.395,1.22194,1.22206,1.15,2.89
2014.02.04 13:58:49.446,1.22194,1.22205,1.10,1.88
2014.02.04 13:58:52.997,1.22193,1.22204,1.18,1.58
2014.02.04 13:58:55.998,1.22193,1.22205,1.18,1.32
2014.02.04 13:58:58.190,1.22193,1.22205,1.18,1.88
2014.02.04 13:59:00.721,1.22193,1.22205,1.18,1.32
2014.02.04 13:59:01.677,1.22193,1.22205,1.18,2.82
2014.02.04 13:59:01.829,1.22191,1.222,4.20,1.00
2014.02.04 13:59:01.881,1.22191,1.222,2.03,1.00
2014.02.04 13:59:04.367,1.22191,1.222,1.18,1.50
2014.02.04 13:59:04.468,1.22191,1.22197,1.18,1.13
2014.02.04 13:59:07.416,1.22191,1.22197,1.00,1.13
2014.02.04 13:59:12.252,1.22191,1.22199,1.00,1.95
2014.02.04 13:59:15.119,1.22186,1.22195,4.96,1.13
2014.02.04 13:59:15.221,1.22191,1.22196,1.00,1.00
2014.02.04 13:59:16.281,1.2219,1.22196,1.00,1.00
2014.02.04 13:59:16.332,1.2219,1.22201,1.18,1.10
2014.02.04 13:59:16.535,1.22193,1.22205,1.11,3.08
2014.02.04 13:59:16.737,1.22196,1.22208,1.00,2.89
2014.02.04 13:59:16.990,1.22196,1.22209,1.18,2.78
2014.02.04 13:59:18.302,1.22196,1.22209,3.08,1.18
2014.02.04 13:59:18.817,1.22196,1.22209,3.08,1.10
2014.02.04 13:59:20.154,1.22196,1.22207,3.08,1.00
2014.02.04 13:59:22.318,1.22195,1.22207,1.15,1.10
2014.02.04 13:59:37.309,1.22196,1.22205,1.18,1.00
2014.02.04 13:59:37.763,1.22196,1.22207,1.47,1.10
2014.02.04 13:59:38.269,1.22196,1.22206,1.47,1.00
2014.02.04 13:59:40.988,1.22198,1.22206,1.13,1.00
2014.02.04 13:59:41.527,1.22198,1.22205,1.69,1.00
2014.02.04 13:59:42.033,1.22198,1.22206,1.28,1.00
2014.02.04 13:59:42.538,1.22196,1.22206,2.03,1.00
2014.02.04 13:59:44.024,1.22196,1.22207,2.78,2.33
2014.02.04 13:59:44.548,1.22196,1.22206,1.47,1.50
2014.02.04 13:59:45.067,1.22196,1.22205,1.18,1.00
2014.02.04 13:59:45.657,1.22196,1.22204,1.00,1.00
2014.02.04 13:59:46.222,1.22196,1.22205,1.00,1.58
2014.02.04 13:59:46.738,1.22196,1.22206,1.18,1.00
2014.02.04 13:59:47.249,1.22196,1.22208,1.00,2.33
2014.02.04 13:59:48.757,1.22198,1.22208,1.13,2.33
2014.02.04 13:59:48.909,1.22196,1.22208,1.47,1.10
2014.02.04 13:59:49.010,1.22196,1.22208,1.54,1.15
2014.02.04 13:59:49.522,1.22196,1.22208,1.39,1.15
2014.02.04 13:59:51.623,1.22196,1.22208,1.95,1.15
2014.02.04 13:59:51.928,1.22197,1.22207,1.69,1.00
2014.02.04 13:59:52.463,1.22196,1.22207,2.03,1.00
2014.02.04 13:59:52.981,1.22196,1.22208,2.03,1.10
2014.02.04 13:59:53.363,1.22197,1.22206,1.28,1.00
2014.02.04 13:59:53.669,1.222,1.22207,1.13,1.00
2014.02.04 13:59:53.771,1.22197,1.22207,1.77,1.00
2014.02.04 13:59:54.277,1.22196,1.22208,2.78,1.10
2014.02.04 13:59:54.986,1.22198,1.22208,1.20,1.10
2014.02.04 13:59:55.444,1.22197,1.22206,1.13,1.00
2014.02.04 13:59:55.748,1.222,1.22207,1.13,1.00
2014.02.04 13:59:57.979,1.222,1.22207,1.20,1.00
2014.02.04 13:59:59.052,1.222,1.22207,1.82,1.00
