2010.01.26 07:00:00.011,1.47125,1.47155,8.10,2.50
2010.01.26 07:00:00.410,1.47125,1.47155,14.50,2.50
2010.01.26 07:00:00.581,1.47125,1.47155,10.50,2.50
2010.01.26 07:00:01.330,1.4713,1.4715,1.00,1.00
2010.01.26 07:00:01.710,1.4712,1.47145,1.00,4.00
2010.01.26 07:00:02.060,1.4712,1.47145,1.00,4.00
2010.01.26 07:00:02.300,1.4712,1.4715,1.00,14.50
2010.01.26 07:00:02.580,1.4712,1.4715,4.10,6.50
2010.01.26 07:00:02.800,1.4712,1.4715,4.10,4.10
2010.01.26 07:00:03.080,1.4712,1.4715,8.10,1.00
2010.01.26 07:00:03.430,1.4712,1.4715,8.10,1.00
2010.01.26 07:00:03.780,1.4712,1.4715,8.10,4.10
2010.01.26 07:00:04.129,1.4712,1.4715,4.10,8.10
2010.01.26 07:00:04.479,1.4712,1.4715,1.00,8.10
2010.01.26 07:00:04.819,1.4712,1.4715,4.10,4.10
2010.01.26 07:00:05.149,1.4712,1.4715,4.10,4.90
2010.01.26 07:00:05.439,1.4712,1.4715,1.00,4.90
2010.01.26 07:00:05.729,1.4712,1.4715,8.90,1.00
2010.01.26 07:00:06.949,1.4712,1.4715,8.10,1.00
2010.01.26 07:00:07.299,1.4712,1.4715,8.10,1.00
2010.01.26 07:00:09.008,1.4712,1.47145,1.00,1.00
2010.01.26 07:00:09.708,1.4713,1.4715,2.40,11.10
2010.01.26 07:00:09.818,1.47125,1.4715,1.00,3.10
2010.01.26 07:00:10.178,1.4712,1.47145,6.50,1.00
2010.01.26 07:00:10.348,1.4712,1.4715,10.50,3.30
2010.01.26 07:00:10.508,1.47125,1.4715,4.00,2.50
2010.01.26 07:00:10.848,1.4712,1.4715,4.90,2.50
2010.01.26 07:00:11.198,1.47125,1.4715,1.00,2.40
2010.01.26 07:00:11.717,1.4713,1.4715,2.40,6.40
2010.01.26 07:00:12.058,1.4713,1.4715,2.50,2.40
2010.01.26 07:00:13.427,1.47125,1.4715,4.10,2.40
2010.01.26 07:00:13.597,1.4712,1.4715,11.30,2.40
2010.01.26 07:00:13.827,1.47125,1.4715,4.10,2.40
2010.01.26 07:00:14.177,1.47125,1.4715,8.10,2.40
2010.01.26 07:00:14.517,1.47125,1.4715,4.00,2.40
2010.01.26 07:00:14.867,1.47125,1.4715,4.00,3.10
2010.01.26 07:00:15.257,1.4712,1.4715,10.50,3.10
2010.01.26 07:00:15.427,1.4712,1.47145,11.30,1.00
2010.01.26 07:00:15.647,1.47125,1.4715,8.10,6.30
2010.01.26 07:00:16.207,1.47125,1.4715,1.00,6.30
2010.01.26 07:00:16.556,1.4712,1.4715,14.50,6.50
2010.01.26 07:00:18.386,1.4713,1.4715,2.40,6.30
2010.01.26 07:00:19.686,1.47125,1.4715,1.00,6.30
2010.01.26 07:00:20.026,1.4712,1.47145,14.40,1.00
2010.01.26 07:00:20.765,1.47125,1.47145,2.40,1.00
2010.01.26 07:00:21.785,1.47125,1.47145,2.40,4.10
2010.01.26 07:00:22.125,1.47125,1.47145,2.40,1.00
2010.01.26 07:00:22.585,1.47125,1.47145,3.20,1.00
2010.01.26 07:00:23.605,1.4713,1.4715,2.40,11.10
2010.01.26 07:00:23.945,1.4713,1.4715,2.40,7.30
2010.01.26 07:00:24.305,1.47125,1.4715,3.20,11.30
2010.01.26 07:00:24.645,1.47125,1.4715,3.20,6.50
2010.01.26 07:00:24.994,1.47125,1.4715,2.40,14.50
2010.01.26 07:00:25.625,1.47125,1.4715,2.40,14.50
2010.01.26 07:00:26.314,1.47125,1.4715,2.50,10.30
2010.01.26 07:00:26.604,1.47125,1.4715,3.20,6.40
2010.01.26 07:00:26.904,1.47125,1.4715,11.20,3.30
2010.01.26 07:00:27.174,1.47125,1.4715,3.20,7.30
2010.01.26 07:00:27.464,1.47125,1.4715,3.20,3.30
2010.01.26 07:00:28.484,1.47125,1.4715,2.40,6.50
2010.01.26 07:00:32.403,1.47125,1.4715,2.40,10.50
2010.01.26 07:00:32.693,1.47125,1.4715,2.40,6.50
2010.01.26 07:00:33.073,1.47125,1.4715,2.40,10.50
2010.01.26 07:00:33.243,1.47125,1.47145,2.40,1.00
2010.01.26 07:00:33.472,1.47125,1.47145,2.40,4.10
2010.01.26 07:00:33.643,1.47125,1.47145,2.40,8.10
2010.01.26 07:00:34.002,1.47125,1.47145,2.40,4.10
2010.01.26 07:00:34.342,1.47125,1.47145,2.40,8.10
2010.01.26 07:00:34.932,1.47125,1.47145,2.40,1.00
2010.01.26 07:00:35.402,1.4712,1.47145,7.50,4.10
2010.01.26 07:00:38.031,1.47125,1.47145,2.40,4.00
2010.01.26 07:00:38.321,1.47125,1.4715,2.40,10.50
2010.01.26 07:00:38.651,1.47125,1.4715,2.40,6.50
2010.01.26 07:00:38.931,1.47125,1.4715,2.40,10.50
2010.01.26 07:00:39.611,1.47125,1.4715,2.40,14.50
2010.01.26 07:00:40.461,1.47125,1.47145,2.40,1.00
2010.01.26 07:00:40.581,1.47125,1.47145,2.40,4.90
2010.01.26 07:00:40.861,1.47125,1.47145,2.40,8.10
2010.01.26 07:00:41.381,1.47125,1.47145,2.40,4.90
2010.01.26 07:00:41.730,1.47125,1.4715,2.40,14.50
2010.01.26 07:00:42.310,1.47125,1.47145,2.40,1.00
2010.01.26 07:00:42.891,1.47125,1.47145,2.40,1.00
2010.01.26 07:00:43.460,1.47125,1.47145,3.20,1.00
2010.01.26 07:00:45.560,1.4713,1.47145,2.40,1.00
2010.01.26 07:00:45.779,1.47125,1.4715,6.50,10.40
2010.01.26 07:00:46.060,1.4713,1.4715,2.40,10.50
2010.01.26 07:00:46.349,1.4713,1.4715,2.40,3.30
2010.01.26 07:00:46.649,1.47125,1.47145,3.20,1.00
2010.01.26 07:00:47.739,1.47125,1.47145,6.40,1.00
2010.01.26 07:00:50.199,1.47125,1.4714,6.40,1.00
2010.01.26 07:00:50.368,1.47125,1.4714,2.40,1.00
2010.01.26 07:00:58.627,1.47125,1.4715,2.40,12.90
2010.01.26 07:00:58.966,1.47125,1.4714,2.40,1.00
2010.01.26 07:00:59.596,1.47125,1.47145,2.40,2.50
2010.01.26 07:01:04.695,1.47125,1.4715,3.20,11.30
2010.01.26 07:01:04.995,1.47125,1.4715,3.20,3.30
2010.01.26 07:01:06.635,1.47125,1.4715,3.20,7.30
2010.01.26 07:01:07.224,1.4712,1.4715,6.90,10.50
2010.01.26 07:01:08.024,1.47125,1.47145,2.40,1.00
2010.01.26 07:01:08.144,1.47125,1.47145,2.40,1.00
2010.01.26 07:01:08.424,1.47125,1.47145,2.40,4.90
2010.01.26 07:01:08.594,1.47125,1.47145,2.40,1.00
2010.01.26 07:01:09.274,1.47125,1.47145,2.40,1.00
2010.01.26 07:01:09.623,1.47125,1.47145,2.40,4.10
2010.01.26 07:01:09.734,1.47125,1.47145,2.40,12.10
2010.01.26 07:01:09.904,1.47125,1.4714,2.40,1.00
2010.01.26 07:01:10.074,1.4712,1.47135,2.40,1.00
2010.01.26 07:01:10.474,1.47115,1.47135,3.30,3.30
2010.01.26 07:01:10.644,1.47115,1.47135,3.30,6.50
2010.01.26 07:01:10.974,1.47115,1.47135,2.40,6.50
2010.01.26 07:01:11.294,1.47125,1.4713,2.40,1.00
2010.01.26 07:01:11.643,1.47125,1.4714,2.40,12.10
2010.01.26 07:01:11.923,1.47125,1.4714,2.40,6.50
2010.01.26 07:01:12.203,1.47125,1.4714,2.40,3.30
2010.01.26 07:01:13.413,1.47125,1.4714,2.40,7.30
2010.01.26 07:01:14.402,1.47125,1.4714,2.40,3.10
2010.01.26 07:01:14.783,1.4712,1.4714,2.40,10.30
2010.01.26 07:01:14.962,1.4713,1.4714,2.40,7.90
2010.01.26 07:01:15.142,1.4713,1.4714,2.40,4.00
2010.01.26 07:01:15.372,1.4713,1.47145,2.40,3.10
2010.01.26 07:01:16.572,1.4713,1.47145,2.40,6.30
2010.01.26 07:01:20.331,1.4713,1.47145,2.40,7.30
2010.01.26 07:01:20.511,1.4713,1.4714,2.40,1.00
2010.01.26 07:01:20.901,1.4713,1.47145,2.40,7.10
2010.01.26 07:01:21.081,1.4713,1.47145,2.40,6.30
2010.01.26 07:01:22.101,1.4713,1.47145,2.40,3.10
2010.01.26 07:01:23.770,1.4713,1.47145,2.40,7.30
2010.01.26 07:01:25.620,1.4713,1.47145,2.40,4.10
2010.01.26 07:01:25.840,1.4713,1.47145,2.40,1.00
2010.01.26 07:01:26.130,1.47135,1.47145,2.40,1.00
2010.01.26 07:01:26.359,1.47135,1.4715,2.40,2.40
2010.01.26 07:01:32.508,1.4714,1.47155,2.40,6.40
2010.01.26 07:01:32.788,1.4714,1.47155,2.40,2.40
2010.01.26 07:01:37.827,1.4714,1.47155,2.50,2.40
2010.01.26 07:01:43.686,1.4714,1.47155,2.40,2.40
2010.01.26 07:01:43.985,1.4714,1.47155,2.50,2.40
2010.01.26 07:01:44.645,1.4714,1.47155,2.40,2.40
2010.01.26 07:01:45.005,1.4714,1.47155,2.50,2.40
2010.01.26 07:01:46.655,1.4714,1.47155,2.40,2.40
2010.01.26 07:01:46.895,1.4714,1.47155,2.50,2.40
2010.01.26 07:01:48.124,1.4714,1.47155,2.40,2.40
2010.01.26 07:01:49.004,1.47135,1.4716,8.00,6.50
2010.01.26 07:01:49.354,1.47135,1.4716,8.00,2.50
2010.01.26 07:01:49.804,1.47135,1.4716,8.00,6.50
2010.01.26 07:01:50.024,1.47135,1.4716,6.40,4.10
2010.01.26 07:01:50.254,1.4714,1.4716,1.00,2.40
2010.01.26 07:01:50.434,1.47135,1.4716,6.40,4.10
2010.01.26 07:01:50.784,1.47135,1.4716,6.40,8.10
2010.01.26 07:01:51.833,1.47145,1.4716,1.00,8.00
2010.01.26 07:01:52.183,1.4715,1.4717,2.40,11.90
2010.01.26 07:01:52.523,1.4715,1.4717,2.40,3.90
2010.01.26 07:01:53.114,1.4715,1.4717,2.40,4.10
2010.01.26 07:01:55.183,1.47155,1.4717,2.40,3.90
2010.01.26 07:01:55.413,1.47145,1.47165,12.40,1.00
2010.01.26 07:01:55.592,1.47145,1.47165,2.40,4.10
2010.01.26 07:01:55.762,1.47145,1.47165,2.40,4.00
2010.01.26 07:01:55.923,1.4714,1.47165,10.40,4.10
2010.01.26 07:01:56.273,1.47145,1.47165,2.40,4.90
2010.01.26 07:01:56.962,1.47145,1.47165,2.40,1.00
2010.01.26 07:01:57.812,1.47145,1.4716,2.40,1.00
2010.01.26 07:01:58.322,1.47145,1.47165,2.40,4.00
2010.01.26 07:01:58.542,1.47145,1.4717,2.40,12.10
2010.01.26 07:01:58.782,1.47145,1.4717,2.40,3.30
2010.01.26 07:01:59.003,1.47145,1.4717,6.40,2.50
2010.01.26 07:02:00.032,1.47145,1.47165,2.40,2.50
2010.01.26 07:02:00.202,1.47145,1.47165,2.40,4.10
2010.01.26 07:02:00.322,1.47145,1.47165,2.40,8.10
2010.01.26 07:02:00.711,1.47145,1.47165,2.40,4.10
2010.01.26 07:02:00.881,1.47145,1.47165,2.40,4.00
2010.01.26 07:02:01.291,1.47145,1.47165,2.40,8.00
2010.01.26 07:02:01.941,1.47145,1.47165,2.40,8.10
2010.01.26 07:02:03.251,1.47145,1.47165,2.40,8.00
2010.01.26 07:02:03.931,1.47145,1.47165,2.40,4.00
2010.01.26 07:02:04.980,1.47145,1.47165,5.60,4.00
2010.01.26 07:02:05.330,1.47145,1.4717,6.40,10.50
2010.01.26 07:02:05.680,1.47145,1.4717,6.40,2.50
2010.01.26 07:02:07.220,1.47145,1.47165,2.40,2.50
2010.01.26 07:02:07.520,1.47145,1.47165,2.40,2.40
2010.01.26 07:02:07.690,1.47145,1.4717,10.40,3.10
2010.01.26 07:02:07.860,1.47145,1.4717,10.40,2.50
2010.01.26 07:02:12.009,1.47145,1.4717,6.40,2.50
2010.01.26 07:02:14.448,1.47145,1.4717,14.40,2.50
2010.01.26 07:02:14.798,1.47145,1.4717,10.40,2.50
2010.01.26 07:02:15.148,1.4715,1.47175,3.20,4.00
2010.01.26 07:02:15.258,1.4715,1.47175,10.40,4.00
2010.01.26 07:02:16.807,1.4715,1.47175,10.40,4.00
2010.01.26 07:02:17.157,1.4715,1.47175,6.40,4.10
2010.01.26 07:02:18.027,1.47155,1.47175,1.30,4.00
2010.01.26 07:02:18.137,1.4716,1.47175,2.40,1.70
2010.01.26 07:02:18.487,1.4715,1.47175,10.40,4.10
2010.01.26 07:02:19.177,1.4715,1.47175,6.40,4.00
2010.01.26 07:02:20.810,1.47155,1.47175,1.00,4.00
2010.01.26 07:02:21.106,1.47155,1.47175,6.40,4.00
2010.01.26 07:02:24.766,1.47155,1.4718,6.40,3.60
2010.01.26 07:02:24.996,1.47155,1.4718,6.40,2.50
2010.01.26 07:02:25.296,1.47155,1.4718,8.00,2.50
2010.01.26 07:02:27.245,1.47155,1.4718,6.40,2.50
2010.01.26 07:02:27.425,1.47155,1.47175,6.40,4.00
2010.01.26 07:02:32.454,1.47155,1.47175,6.40,1.60
2010.01.26 07:02:32.684,1.47155,1.4718,6.40,5.20
2010.01.26 07:02:32.803,1.47155,1.4718,6.40,3.60
2010.01.26 07:02:32.924,1.47155,1.4718,6.40,2.50
2010.01.26 07:02:33.194,1.47155,1.47185,8.00,14.90
2010.01.26 07:02:35.303,1.47155,1.47175,8.00,2.40
2010.01.26 07:02:35.473,1.47155,1.47175,6.40,4.00
2010.01.26 07:02:37.353,1.4716,1.4718,2.40,3.40
2010.01.26 07:02:37.593,1.4716,1.4718,6.40,2.40
2010.01.26 07:02:42.082,1.4716,1.4718,10.40,2.40
2010.01.26 07:02:44.971,1.47155,1.4718,14.80,2.40
2010.01.26 07:02:45.251,1.47155,1.4718,14.80,2.50
2010.01.26 07:02:45.531,1.47155,1.4718,14.40,2.50
2010.01.26 07:02:45.821,1.47155,1.4718,14.40,2.40
2010.01.26 07:02:45.991,1.4716,1.4718,1.00,2.40
2010.01.26 07:02:46.340,1.4716,1.4718,8.10,2.40
2010.01.26 07:02:46.670,1.47165,1.47185,2.40,1.00
2010.01.26 07:02:47.030,1.4716,1.47185,10.40,2.50
2010.01.26 07:02:47.380,1.4716,1.47185,6.40,4.10
2010.01.26 07:02:48.790,1.4716,1.47185,10.40,4.10
2010.01.26 07:02:50.779,1.4716,1.47185,6.40,4.10
2010.01.26 07:02:54.688,1.4717,1.4719,8.00,2.50
2010.01.26 07:02:55.029,1.47175,1.4719,5.10,2.40
2010.01.26 07:02:55.358,1.4718,1.47205,10.50,4.00
2010.01.26 07:02:55.699,1.4718,1.472,2.40,1.00
2010.01.26 07:02:55.978,1.47175,1.472,6.40,2.50
2010.01.26 07:02:56.268,1.47185,1.472,2.40,1.00
2010.01.26 07:02:56.668,1.4718,1.472,2.40,1.00
2010.01.26 07:02:56.998,1.47175,1.472,10.90,2.50
2010.01.26 07:02:58.158,1.47175,1.472,6.40,2.50
2010.01.26 07:02:59.487,1.47175,1.472,10.40,2.50
2010.01.26 07:03:01.057,1.47175,1.472,6.40,2.50
2010.01.26 07:03:06.576,1.47175,1.472,10.80,2.50
2010.01.26 07:03:06.915,1.47175,1.472,10.90,2.50
2010.01.26 07:03:07.265,1.47175,1.472,10.90,2.40
2010.01.26 07:03:07.615,1.47175,1.472,6.90,2.40
2010.01.26 07:03:07.955,1.47175,1.472,10.90,2.40
2010.01.26 07:03:08.235,1.47175,1.472,6.90,2.40
2010.01.26 07:03:08.875,1.47175,1.472,10.90,2.40
2010.01.26 07:03:09.785,1.47175,1.472,14.90,2.40
2010.01.26 07:03:15.923,1.47175,1.472,10.90,2.50
2010.01.26 07:03:17.153,1.47175,1.472,10.80,2.50
2010.01.26 07:03:17.773,1.47175,1.472,14.90,2.50
2010.01.26 07:03:17.833,1.47175,1.47205,14.90,4.80
2010.01.26 07:03:18.243,1.47175,1.472,10.90,2.40
2010.01.26 07:03:18.943,1.47175,1.472,6.90,2.40
2010.01.26 07:03:20.343,1.47175,1.472,8.50,2.40
2010.01.26 07:03:20.692,1.47185,1.47205,2.90,1.60
2010.01.26 07:03:20.932,1.47175,1.47195,6.90,1.00
2010.01.26 07:03:21.193,1.47175,1.47195,6.40,1.00
2010.01.26 07:03:21.772,1.47175,1.472,6.40,6.50
2010.01.26 07:03:22.112,1.47175,1.472,6.40,2.50
2010.01.26 07:03:26.841,1.47175,1.472,6.50,2.40
2010.01.26 07:03:27.061,1.4718,1.472,1.00,2.40
2010.01.26 07:03:27.500,1.47185,1.472,1.00,2.40
2010.01.26 07:03:27.671,1.47185,1.47205,2.40,4.10
2010.01.26 07:03:27.960,1.4718,1.472,1.00,2.50
2010.01.26 07:03:28.190,1.47175,1.472,6.40,7.30
2010.01.26 07:03:28.420,1.47175,1.472,3.20,7.30
2010.01.26 07:03:28.880,1.47175,1.472,3.20,11.30
2010.01.26 07:03:29.390,1.47175,1.47195,6.40,4.00
2010.01.26 07:03:29.720,1.47175,1.472,6.40,2.50
2010.01.26 07:03:30.000,1.47175,1.47195,6.40,1.00
2010.01.26 07:03:30.510,1.47175,1.47195,3.20,1.00
2010.01.26 07:03:31.440,1.47175,1.47195,2.40,1.00
2010.01.26 07:03:31.789,1.4717,1.47195,6.40,7.30
2010.01.26 07:03:32.129,1.4717,1.47195,2.40,12.10
2010.01.26 07:03:32.510,1.4717,1.4719,2.40,1.00
2010.01.26 07:03:33.429,1.47165,1.4719,5.90,3.10
2010.01.26 07:03:33.729,1.47165,1.47185,2.40,3.90
2010.01.26 07:03:34.009,1.4716,1.4718,2.40,3.10
2010.01.26 07:03:34.409,1.47155,1.47175,2.40,1.00
2010.01.26 07:03:36.838,1.47155,1.47175,2.40,7.90
2010.01.26 07:03:37.188,1.47155,1.47175,2.40,3.90
2010.01.26 07:03:45.826,1.47155,1.47175,2.40,7.90
2010.01.26 07:03:46.166,1.47155,1.47175,2.40,3.90
2010.01.26 07:03:48.466,1.47155,1.4717,2.40,3.90
2010.01.26 07:03:48.816,1.47155,1.47175,2.40,11.90
2010.01.26 07:03:48.976,1.47155,1.47175,2.40,3.90
2010.01.26 07:03:51.445,1.47155,1.47175,2.50,3.90
2010.01.26 07:03:51.784,1.47155,1.47175,2.40,3.90
2010.01.26 07:03:55.934,1.47155,1.47175,2.40,1.00
2010.01.26 07:03:58.303,1.47155,1.4717,2.40,1.00
2010.01.26 07:04:00.073,1.47155,1.47175,2.40,3.90
2010.01.26 07:04:00.423,1.4716,1.47175,2.40,3.90
2010.01.26 07:04:01.112,1.47155,1.47175,2.50,1.00
2010.01.26 07:04:01.452,1.47155,1.4718,6.40,2.40
2010.01.26 07:04:02.782,1.47155,1.4718,6.40,3.10
2010.01.26 07:04:03.532,1.4716,1.4718,2.40,3.10
2010.01.26 07:04:03.642,1.4716,1.4718,2.40,2.40
2010.01.26 07:04:04.472,1.47155,1.4718,6.90,2.40
2010.01.26 07:04:04.832,1.47155,1.4718,6.40,2.40
2010.01.26 07:04:05.221,1.47155,1.4718,4.00,2.40
2010.01.26 07:04:05.461,1.4715,1.4718,12.50,5.60
2010.01.26 07:04:05.642,1.4715,1.4718,12.50,6.30
2010.01.26 07:04:07.211,1.47155,1.4718,2.50,3.10
2010.01.26 07:04:07.551,1.47155,1.4718,7.30,3.10
2010.01.26 07:04:07.841,1.47155,1.47175,6.50,1.00
2010.01.26 07:04:08.131,1.47155,1.47175,2.90,1.00
2010.01.26 07:04:10.770,1.47155,1.47175,2.50,1.00
2010.01.26 07:04:11.000,1.47155,1.47175,2.90,1.00
2010.01.26 07:04:11.380,1.4715,1.47175,10.90,3.90
2010.01.26 07:04:11.730,1.4715,1.47175,2.40,4.10
2010.01.26 07:04:12.070,1.47145,1.4717,1.00,4.10
2010.01.26 07:04:12.420,1.47145,1.47165,2.50,3.90
2010.01.26 07:04:12.770,1.4714,1.4716,2.50,3.90
2010.01.26 07:04:13.129,1.47135,1.4716,14.20,3.90
2010.01.26 07:04:28.766,1.4714,1.4716,2.50,3.90
2010.01.26 07:04:29.116,1.4714,1.47155,2.40,3.90
2010.01.26 07:04:29.456,1.4713,1.47145,4.00,3.90
2010.01.26 07:04:29.846,1.47125,1.47145,8.00,1.00
2010.01.26 07:04:30.176,1.47125,1.47145,4.00,3.90
2010.01.26 07:04:30.535,1.4711,1.47135,12.50,1.00
2010.01.26 07:04:30.875,1.47105,1.47135,12.50,1.00
2010.01.26 07:04:31.235,1.471,1.4713,12.50,2.50
2010.01.26 07:04:31.575,1.471,1.4713,12.50,3.30
2010.01.26 07:04:31.925,1.471,1.47125,12.50,1.00
2010.01.26 07:04:32.275,1.471,1.47125,4.50,1.00
2010.01.26 07:04:32.625,1.471,1.47125,4.10,1.00
2010.01.26 07:04:35.045,1.471,1.4713,10.50,10.50
2010.01.26 07:04:35.334,1.471,1.4713,10.90,10.50
2010.01.26 07:04:36.194,1.47105,1.4713,1.00,7.30
2010.01.26 07:04:37.744,1.47105,1.4713,1.00,3.30
2010.01.26 07:04:39.783,1.47105,1.4713,4.00,2.50
2010.01.26 07:04:46.051,1.47105,1.4713,4.00,3.30
2010.01.26 07:04:46.282,1.47105,1.4713,1.00,7.30
2010.01.26 07:04:46.461,1.47105,1.4713,1.00,3.30
2010.01.26 07:04:46.842,1.47105,1.4713,1.00,7.30
2010.01.26 07:04:47.181,1.471,1.4713,10.90,10.50
2010.01.26 07:04:52.430,1.471,1.47125,6.40,4.00
2010.01.26 07:04:52.770,1.471,1.4712,2.40,3.90
2010.01.26 07:04:53.120,1.471,1.47125,3.20,2.50
2010.01.26 07:04:53.350,1.471,1.47125,3.20,1.00
2010.01.26 07:04:53.570,1.471,1.47125,6.40,2.50
2010.01.26 07:04:53.849,1.471,1.4713,3.30,14.50
2010.01.26 07:04:54.029,1.471,1.47125,2.50,1.00
2010.01.26 07:04:54.390,1.471,1.47125,2.50,3.10
2010.01.26 07:04:54.730,1.471,1.47125,2.40,6.50
2010.01.26 07:04:55.470,1.471,1.4712,2.40,2.40
2010.01.26 07:04:55.709,1.471,1.47125,2.40,14.50
2010.01.26 07:04:56.119,1.471,1.47125,2.80,7.30
2010.01.26 07:04:56.499,1.47105,1.4713,1.00,10.50
2010.01.26 07:04:56.839,1.47105,1.4713,1.00,8.90
2010.01.26 07:04:57.179,1.471,1.4713,12.50,8.10
2010.01.26 07:04:57.469,1.471,1.47125,2.80,1.00
2010.01.26 07:04:57.709,1.471,1.47125,2.90,4.70
2010.01.26 07:04:57.999,1.471,1.47125,2.80,1.00
2010.01.26 07:04:58.538,1.471,1.47125,2.80,4.70
2010.01.26 07:04:59.358,1.471,1.47125,2.90,1.00
2010.01.26 07:04:59.708,1.471,1.47125,2.90,4.70
2010.01.26 07:05:00.068,1.471,1.47125,2.90,1.00
2010.01.26 07:05:00.458,1.471,1.47125,3.70,1.00
2010.01.26 07:05:00.808,1.471,1.4713,6.90,12.10
2010.01.26 07:05:01.158,1.471,1.4713,10.90,8.10
2010.01.26 07:05:01.508,1.471,1.4713,6.90,8.10
2010.01.26 07:05:01.848,1.4711,1.4713,2.40,7.90
2010.01.26 07:05:02.238,1.4711,1.4713,2.40,1.00
2010.01.26 07:05:02.598,1.4711,1.4713,2.40,6.50
2010.01.26 07:05:06.407,1.4711,1.4713,2.40,6.30
2010.01.26 07:05:06.706,1.4711,1.4713,2.40,3.10
2010.01.26 07:05:07.037,1.4711,1.4713,2.40,6.30
2010.01.26 07:05:07.726,1.4711,1.47125,2.40,1.00
2010.01.26 07:05:11.905,1.4711,1.47125,2.40,3.90
2010.01.26 07:05:13.045,1.4711,1.47125,2.40,1.00
2010.01.26 07:05:14.925,1.4711,1.4713,2.40,3.90
2010.01.26 07:05:15.275,1.4711,1.4713,2.40,6.30
2010.01.26 07:05:17.144,1.4711,1.47125,2.40,1.00
2010.01.26 07:05:17.474,1.4711,1.4713,2.40,6.30
2010.01.26 07:05:18.164,1.4711,1.4713,2.40,6.50
2010.01.26 07:05:18.394,1.4711,1.47125,2.40,1.00
2010.01.26 07:05:20.443,1.4711,1.4713,2.40,6.30
2010.01.26 07:05:21.233,1.4711,1.4713,2.40,6.50
2010.01.26 07:05:21.573,1.4711,1.4713,2.40,6.30
2010.01.26 07:05:22.713,1.4711,1.47125,2.40,1.00
2010.01.26 07:05:31.671,1.4711,1.47125,2.40,3.90
2010.01.26 07:05:32.070,1.47115,1.4713,2.40,4.10
2010.01.26 07:05:32.420,1.4711,1.47125,2.40,3.90
2010.01.26 07:05:34.350,1.4711,1.4712,2.40,3.90
2010.01.26 07:05:38.219,1.47105,1.4712,2.40,3.90
2010.01.26 07:05:38.399,1.471,1.47115,2.40,3.90
2010.01.26 07:05:39.609,1.471,1.4711,2.40,1.00
2010.01.26 07:05:39.959,1.4709,1.4711,6.40,6.30
2010.01.26 07:05:40.308,1.4709,1.4711,2.40,6.30
2010.01.26 07:05:40.888,1.4709,1.4711,2.40,10.50
2010.01.26 07:05:41.179,1.47075,1.47095,7.70,1.00
2010.01.26 07:05:41.468,1.4708,1.471,2.40,2.50
2010.01.26 07:05:42.058,1.4708,1.471,2.40,2.40
2010.01.26 07:05:42.398,1.4708,1.471,2.40,3.10
2010.01.26 07:05:43.458,1.47085,1.47105,7.60,3.90
2010.01.26 07:05:43.638,1.47085,1.47105,9.20,3.90
2010.01.26 07:05:44.477,1.4709,1.47105,2.40,3.90
2010.01.26 07:05:44.647,1.4709,1.4711,2.40,3.10
2010.01.26 07:05:45.048,1.4709,1.4711,2.40,11.10
2010.01.26 07:05:45.387,1.4709,1.4711,2.40,3.10
2010.01.26 07:05:46.317,1.4709,1.4711,2.40,2.40
2010.01.26 07:05:46.597,1.471,1.47115,2.40,8.70
2010.01.26 07:05:46.927,1.47095,1.47115,10.00,1.00
2010.01.26 07:05:47.227,1.47095,1.47115,9.20,1.00
2010.01.26 07:05:48.247,1.47095,1.4712,9.20,6.50
2010.01.26 07:05:48.986,1.47095,1.47115,9.20,1.00
2010.01.26 07:05:49.276,1.47095,1.4712,9.20,6.50
2010.01.26 07:05:49.796,1.47095,1.4712,9.20,3.30
2010.01.26 07:05:50.036,1.47095,1.4712,12.40,3.30
2010.01.26 07:05:50.436,1.47095,1.4712,13.20,2.50
2010.01.26 07:05:50.786,1.47095,1.47115,10.00,1.00
2010.01.26 07:05:52.166,1.47095,1.47115,4.80,1.00
2010.01.26 07:05:53.195,1.47095,1.47115,2.40,3.20
2010.01.26 07:05:53.365,1.471,1.47115,2.40,1.00
2010.01.26 07:05:53.595,1.471,1.47115,2.40,1.00
2010.01.26 07:05:53.765,1.47095,1.47115,4.80,1.00
2010.01.26 07:05:54.095,1.47095,1.4712,4.80,10.50
2010.01.26 07:05:54.445,1.47095,1.47115,4.80,1.00
2010.01.26 07:05:54.775,1.47095,1.4712,3.30,9.50
2010.01.26 07:05:55.125,1.471,1.4712,2.40,2.40
2010.01.26 07:05:59.934,1.47095,1.4712,8.00,3.30
2010.01.26 07:06:01.413,1.471,1.4712,2.40,3.30
2010.01.26 07:06:01.693,1.471,1.4712,2.40,2.50
2010.01.26 07:06:02.043,1.471,1.4712,3.20,2.50
2010.01.26 07:06:07.242,1.471,1.4712,2.40,2.50
2010.01.26 07:06:08.802,1.47095,1.4712,8.80,2.50
2010.01.26 07:06:09.142,1.47095,1.4712,8.00,2.50
2010.01.26 07:06:10.781,1.47095,1.4712,4.80,3.30
2010.01.26 07:06:11.121,1.47095,1.4712,4.00,10.50
2010.01.26 07:06:11.881,1.47095,1.47115,1.60,2.40
2010.01.26 07:06:12.161,1.47095,1.47115,2.40,4.10
2010.01.26 07:06:12.491,1.471,1.47115,2.40,1.00
2010.01.26 07:06:12.841,1.47095,1.47115,7.60,7.10
2010.01.26 07:06:13.181,1.47095,1.47115,7.60,7.30
2010.01.26 07:06:13.530,1.4709,1.47115,4.00,3.30
2010.01.26 07:06:13.880,1.4709,1.47115,4.00,10.50
2010.01.26 07:06:14.271,1.47085,1.4711,14.00,1.00
2010.01.26 07:06:14.670,1.47095,1.47115,7.60,7.30
2010.01.26 07:06:15.010,1.47095,1.47115,9.20,2.50
2010.01.26 07:06:17.520,1.47095,1.47115,7.30,2.40
2010.01.26 07:06:17.700,1.471,1.4712,2.40,10.30
2010.01.26 07:06:17.759,1.471,1.4712,2.40,6.30
2010.01.26 07:06:19.949,1.471,1.4712,2.40,3.30
2010.01.26 07:06:20.239,1.471,1.4712,2.40,10.30
2010.01.26 07:06:20.799,1.471,1.4712,2.40,6.30
2010.01.26 07:06:21.039,1.471,1.47115,2.40,1.00
2010.01.26 07:06:21.389,1.47095,1.4712,9.20,15.30
2010.01.26 07:06:21.738,1.47095,1.47115,10.00,2.50
2010.01.26 07:06:22.119,1.47095,1.47115,9.20,3.30
2010.01.26 07:06:22.458,1.47095,1.47115,9.20,2.50
2010.01.26 07:06:24.848,1.47095,1.4711,6.80,2.40
2010.01.26 07:06:25.348,1.47095,1.47115,9.20,2.50
2010.01.26 07:06:30.047,1.47095,1.4711,9.20,1.00
2010.01.26 07:06:30.387,1.47095,1.4711,6.80,2.50
2010.01.26 07:06:30.736,1.47095,1.47115,10.00,3.70
2010.01.26 07:06:30.966,1.47095,1.4711,10.00,1.00
2010.01.26 07:06:31.086,1.47095,1.4711,6.80,2.50
2010.01.26 07:06:31.196,1.47095,1.4711,9.20,1.00
2010.01.26 07:06:31.306,1.47095,1.47115,9.20,2.90
2010.01.26 07:06:31.656,1.47095,1.47115,9.20,6.40
2010.01.26 07:06:32.006,1.47095,1.47115,9.20,2.40
2010.01.26 07:06:32.876,1.471,1.4712,2.40,2.50
2010.01.26 07:06:40.244,1.471,1.47125,2.40,8.10
2010.01.26 07:06:40.694,1.471,1.47125,2.40,12.10
2010.01.26 07:06:45.423,1.471,1.47125,2.50,10.50
2010.01.26 07:06:45.763,1.471,1.47125,2.40,14.50
2010.01.26 07:06:45.943,1.471,1.4712,2.40,4.00
2010.01.26 07:06:47.412,1.471,1.4712,2.40,6.50
2010.01.26 07:06:47.772,1.471,1.47115,2.40,1.00
2010.01.26 07:06:48.102,1.47095,1.4712,4.00,11.80
2010.01.26 07:06:48.442,1.47095,1.4712,4.00,6.50
2010.01.26 07:06:48.742,1.471,1.4712,2.40,10.50
2010.01.26 07:06:49.092,1.471,1.4712,2.40,1.00
2010.01.26 07:06:49.422,1.471,1.4712,2.40,6.50
2010.01.26 07:06:49.772,1.471,1.4712,2.40,10.50
2010.01.26 07:06:50.352,1.471,1.47115,2.40,1.00
2010.01.26 07:06:50.971,1.471,1.4712,2.40,1.00
2010.01.26 07:06:51.371,1.471,1.4712,2.40,6.50
2010.01.26 07:06:51.721,1.471,1.4712,2.40,6.50
2010.01.26 07:06:52.071,1.471,1.4712,2.40,2.50
2010.01.26 07:06:52.421,1.471,1.4712,2.40,6.50
2010.01.26 07:06:52.761,1.471,1.4712,2.40,7.30
2010.01.26 07:06:53.111,1.471,1.4712,2.40,6.50
2010.01.26 07:06:53.291,1.471,1.4712,3.20,2.50
2010.01.26 07:06:53.641,1.471,1.4712,6.40,3.30
2010.01.26 07:06:54.041,1.471,1.4712,6.40,2.50
2010.01.26 07:06:56.210,1.471,1.4712,2.40,2.50
2010.01.26 07:06:56.550,1.47095,1.47115,8.40,2.50
2010.01.26 07:06:56.900,1.47095,1.47115,4.00,2.50
2010.01.26 07:06:57.590,1.47095,1.47115,8.00,2.50
2010.01.26 07:06:57.930,1.471,1.47115,1.00,2.50
2010.01.26 07:06:58.280,1.471,1.4712,6.40,2.50
2010.01.26 07:06:59.689,1.47105,1.47125,4.00,1.00
2010.01.26 07:07:00.029,1.47105,1.4713,4.00,2.50
2010.01.26 07:07:00.389,1.4711,1.4713,1.00,6.50
2010.01.26 07:07:00.729,1.4711,1.4713,1.00,2.50
2010.01.26 07:07:01.579,1.47105,1.4713,6.00,2.50
2010.01.26 07:07:01.919,1.47105,1.4713,8.50,4.70
2010.01.26 07:07:02.259,1.47105,1.4713,8.50,3.10
2010.01.26 07:07:05.418,1.47105,1.4713,8.40,3.30
2010.01.26 07:07:05.768,1.47105,1.4713,9.20,2.50
2010.01.26 07:07:06.338,1.4711,1.4713,1.00,2.50
2010.01.26 07:07:07.668,1.47105,1.47125,6.00,1.00
2010.01.26 07:07:08.017,1.47105,1.47125,5.20,1.00
2010.01.26 07:07:08.477,1.47105,1.4713,5.20,8.10
2010.01.26 07:07:08.697,1.47105,1.4713,6.00,4.90
2010.01.26 07:07:09.417,1.471,1.4713,15.70,1.50
2010.01.26 07:07:09.767,1.47105,1.47125,7.60,1.00
2010.01.26 07:07:10.097,1.47105,1.47125,10.00,2.50
2010.01.26 07:07:10.747,1.47105,1.47125,9.20,2.50
2010.01.26 07:07:11.976,1.47105,1.47125,9.20,3.30
2010.01.26 07:07:12.616,1.47105,1.47125,9.20,2.50
2010.01.26 07:07:13.656,1.4711,1.4713,2.40,15.20
2010.01.26 07:07:14.046,1.4711,1.4713,2.40,6.50
2010.01.26 07:07:14.216,1.4711,1.4713,2.40,2.50
2010.01.26 07:07:14.396,1.47105,1.4713,4.40,2.50
2010.01.26 07:07:14.786,1.47105,1.4713,4.00,2.50
2010.01.26 07:07:16.295,1.47105,1.4713,6.50,6.40
2010.01.26 07:07:16.935,1.47105,1.4713,10.50,2.40
2010.01.26 07:07:17.285,1.47105,1.4713,4.00,2.50
2010.01.26 07:07:17.645,1.47105,1.4713,6.50,6.40
2010.01.26 07:07:17.945,1.47105,1.4713,6.50,2.40
2010.01.26 07:07:19.875,1.4711,1.47135,2.50,4.70
2010.01.26 07:07:20.215,1.4711,1.47135,6.50,1.00
2010.01.26 07:07:21.404,1.4711,1.4713,10.40,4.00
2010.01.26 07:07:21.675,1.4711,1.47135,11.30,5.60
2010.01.26 07:07:22.014,1.4711,1.47125,6.40,1.00
2010.01.26 07:07:22.364,1.4711,1.47125,1.00,2.40
2010.01.26 07:07:22.694,1.4711,1.4713,6.40,4.10
2010.01.26 07:07:23.494,1.4711,1.4713,4.80,4.00
2010.01.26 07:07:23.724,1.4711,1.47135,4.00,9.70
2010.01.26 07:07:24.303,1.4711,1.4713,4.00,1.70
2010.01.26 07:07:24.584,1.4711,1.47125,2.40,1.70
2010.01.26 07:07:24.874,1.47105,1.47125,5.60,4.10
2010.01.26 07:07:25.574,1.47105,1.47125,5.60,2.50
2010.01.26 07:07:25.924,1.47105,1.47125,5.60,4.10
2010.01.26 07:07:27.013,1.47105,1.47125,6.40,4.10
2010.01.26 07:07:27.303,1.47105,1.47125,10.40,2.50
2010.01.26 07:07:29.272,1.47105,1.47125,10.40,4.30
2010.01.26 07:07:29.622,1.47105,1.47125,8.90,2.10
2010.01.26 07:07:29.982,1.4711,1.4713,2.40,4.10
2010.01.26 07:07:30.322,1.4711,1.4713,8.10,4.00
2010.01.26 07:07:30.552,1.4711,1.4713,8.10,2.40
2010.01.26 07:07:30.952,1.47115,1.4713,1.60,2.40
2010.01.26 07:07:31.182,1.4711,1.4713,8.00,2.40
2010.01.26 07:07:32.661,1.4712,1.47135,2.40,2.40
2010.01.26 07:07:32.962,1.4712,1.4714,2.40,8.10
2010.01.26 07:07:33.302,1.47115,1.47135,15.20,1.60
2010.01.26 07:07:33.591,1.47115,1.47135,14.80,1.60
2010.01.26 07:07:34.382,1.47115,1.4714,14.80,4.90
2010.01.26 07:07:34.961,1.4712,1.4714,6.40,4.00
2010.01.26 07:07:35.301,1.4712,1.4714,6.40,4.10
2010.01.26 07:07:35.641,1.4712,1.4714,6.40,4.00
2010.01.26 07:07:38.410,1.4712,1.4714,2.40,4.10
2010.01.26 07:07:38.710,1.4712,1.4714,6.40,4.00
2010.01.26 07:07:41.219,1.4712,1.4714,3.20,4.00
2010.01.26 07:07:41.630,1.4712,1.4714,6.40,4.00
2010.01.26 07:07:47.238,1.4712,1.4714,8.00,4.00
2010.01.26 07:07:47.948,1.4712,1.4714,4.00,4.00
2010.01.26 07:07:48.288,1.4712,1.4714,1.00,4.00
2010.01.26 07:07:49.717,1.4712,1.47135,1.00,1.60
2010.01.26 07:07:50.067,1.47115,1.47135,14.90,1.60
2010.01.26 07:07:50.357,1.4712,1.47135,1.00,1.60
2010.01.26 07:07:50.657,1.4712,1.4714,6.50,1.60
2010.01.26 07:07:51.007,1.4712,1.47145,8.10,4.00
2010.01.26 07:07:51.287,1.4712,1.47145,8.10,8.00
2010.01.26 07:07:51.637,1.4712,1.4714,6.50,1.60
2010.01.26 07:07:53.016,1.4712,1.4714,5.60,1.70
2010.01.26 07:07:53.356,1.4712,1.4714,2.40,8.80
2010.01.26 07:07:53.587,1.4712,1.4714,2.40,4.00
2010.01.26 07:07:53.986,1.4712,1.4714,2.40,4.70
2010.01.26 07:07:54.446,1.4712,1.47135,2.40,1.60
2010.01.26 07:07:57.105,1.47115,1.47135,10.40,4.00
2010.01.26 07:07:57.456,1.47115,1.47135,2.40,4.90
2010.01.26 07:07:57.746,1.4711,1.47125,1.00,1.60
2010.01.26 07:07:58.105,1.4711,1.47135,1.00,4.90
2010.01.26 07:08:01.934,1.4711,1.47135,4.00,4.10
2010.01.26 07:08:02.284,1.4711,1.47135,4.10,4.10
2010.01.26 07:08:04.734,1.4711,1.47135,4.00,4.10
2010.01.26 07:08:05.064,1.4711,1.47135,1.00,4.90
2010.01.26 07:08:05.403,1.4711,1.47135,1.00,8.90
2010.01.26 07:08:07.283,1.47105,1.4713,9.70,1.00
2010.01.26 07:08:08.433,1.47105,1.4713,5.70,1.00
2010.01.26 07:08:08.663,1.4711,1.47135,1.60,16.10
2010.01.26 07:08:08.883,1.47105,1.4713,5.60,1.70
2010.01.26 07:08:09.173,1.47105,1.4712,2.40,1.00
2010.01.26 07:08:09.393,1.471,1.47115,13.70,2.40
2010.01.26 07:08:09.752,1.47105,1.4713,1.00,13.70
2010.01.26 07:08:10.132,1.47105,1.4713,2.40,9.70
2010.01.26 07:08:10.472,1.47105,1.4713,2.40,5.70
2010.01.26 07:08:10.822,1.47105,1.4713,2.40,1.70
2010.01.26 07:08:11.162,1.47105,1.4713,2.40,5.70
2010.01.26 07:08:12.212,1.47105,1.4713,2.40,1.70
2010.01.26 07:08:12.552,1.47105,1.4713,2.40,5.70
2010.01.26 07:08:13.251,1.47105,1.4712,1.00,2.50
2010.01.26 07:08:13.752,1.47105,1.4713,2.40,9.70
2010.01.26 07:08:13.921,1.47105,1.4713,2.40,6.50
2010.01.26 07:08:14.032,1.47105,1.4713,1.60,6.50
2010.01.26 07:08:14.321,1.47105,1.4713,1.60,2.50
2010.01.26 07:08:14.671,1.471,1.4712,10.40,1.00
2010.01.26 07:08:15.001,1.47105,1.47125,7.60,1.00
2010.01.26 07:08:15.711,1.47105,1.47125,10.80,1.00
2010.01.26 07:08:17.430,1.4711,1.4713,1.00,2.40
2010.01.26 07:08:17.751,1.4711,1.47125,1.00,1.00
2010.01.26 07:08:18.321,1.4711,1.4713,1.00,4.00
2010.01.26 07:08:18.560,1.4711,1.47135,1.00,12.90
2010.01.26 07:08:18.840,1.4711,1.47135,4.00,12.10
2010.01.26 07:08:19.120,1.47105,1.47135,10.90,12.10
2010.01.26 07:08:19.390,1.4711,1.47135,1.00,12.10
2010.01.26 07:08:19.680,1.4711,1.47135,1.00,8.10
2010.01.26 07:08:20.030,1.47105,1.47125,10.80,1.00
2010.01.26 07:08:26.108,1.47105,1.47125,7.60,1.00
2010.01.26 07:08:27.188,1.47105,1.47125,6.00,1.00
2010.01.26 07:08:29.458,1.47105,1.47125,10.00,1.00
2010.01.26 07:08:29.808,1.47105,1.4713,6.00,8.30
2010.01.26 07:08:30.198,1.47105,1.4713,10.90,6.30
2010.01.26 07:08:30.427,1.47105,1.4713,10.90,2.30
2010.01.26 07:08:33.587,1.47105,1.4713,10.90,1.60
2010.01.26 07:08:34.507,1.4711,1.4713,4.00,1.60
2010.01.26 07:08:35.196,1.4711,1.47125,4.00,1.00
2010.01.26 07:08:35.546,1.47105,1.4713,9.20,5.70
2010.01.26 07:08:35.906,1.4711,1.4713,4.00,1.00
2010.01.26 07:08:38.656,1.4711,1.47135,5.60,8.10
2010.01.26 07:08:38.716,1.4711,1.47135,1.00,12.10
2010.01.26 07:08:38.956,1.4711,1.47135,1.00,8.10
2010.01.26 07:08:39.075,1.4711,1.47135,1.00,4.10
2010.01.26 07:08:39.185,1.4711,1.47135,4.80,4.10
2010.01.26 07:08:39.236,1.4711,1.47135,1.00,4.10
2010.01.26 07:08:39.755,1.4711,1.47135,1.00,4.90
2010.01.26 07:08:40.105,1.47105,1.47135,14.90,4.90
2010.01.26 07:08:40.435,1.47105,1.47135,18.90,4.90
2010.01.26 07:08:41.405,1.47105,1.4713,18.90,1.00
2010.01.26 07:08:42.045,1.4711,1.47135,2.40,4.90
2010.01.26 07:08:42.385,1.47105,1.4713,6.10,4.90
2010.01.26 07:08:42.734,1.47105,1.4713,5.20,12.10
2010.01.26 07:08:43.025,1.47105,1.47125,5.20,3.30
2010.01.26 07:08:44.524,1.47105,1.47125,5.20,10.50
2010.01.26 07:08:45.504,1.47105,1.4712,5.20,1.00
2010.01.26 07:08:45.844,1.471,1.4712,4.00,1.00
2010.01.26 07:08:46.294,1.47105,1.47125,5.20,9.70
2010.01.26 07:08:46.454,1.47105,1.4713,5.20,9.70
2010.01.26 07:08:47.413,1.47105,1.47125,7.60,1.00
2010.01.26 07:08:49.823,1.47105,1.47125,7.60,2.50
2010.01.26 07:08:50.163,1.47105,1.47125,1.60,4.10
2010.01.26 07:08:50.503,1.47105,1.4712,1.60,2.50
2010.01.26 07:08:50.903,1.47105,1.47125,2.40,4.10
2010.01.26 07:08:52.032,1.47105,1.4712,1.60,2.50
2010.01.26 07:08:52.382,1.471,1.4712,5.60,2.50
2010.01.26 07:08:52.732,1.47105,1.4712,1.60,2.50
2010.01.26 07:08:53.072,1.471,1.4712,4.00,2.50
2010.01.26 07:08:53.372,1.471,1.4712,5.70,2.40
2010.01.26 07:08:55.132,1.47105,1.4712,1.00,2.40
2010.01.26 07:08:55.652,1.471,1.4712,4.00,1.00
2010.01.26 07:08:55.882,1.471,1.4712,1.60,4.10
2010.01.26 07:08:56.411,1.471,1.47125,4.10,4.90
2010.01.26 07:08:56.751,1.471,1.47125,4.90,4.90
2010.01.26 07:09:00.330,1.471,1.47125,4.90,8.90
2010.01.26 07:09:01.770,1.471,1.47125,4.80,4.90
2010.01.26 07:09:02.530,1.471,1.47125,4.80,8.90
2010.01.26 07:09:03.700,1.471,1.47125,8.00,8.10
2010.01.26 07:09:03.810,1.471,1.47125,8.10,8.10
2010.01.26 07:09:04.159,1.471,1.47125,8.10,4.10
2010.01.26 07:09:05.989,1.471,1.47125,12.10,4.10
2010.01.26 07:09:11.478,1.471,1.47125,4.90,4.90
2010.01.26 07:09:11.718,1.471,1.47125,3.30,4.90
2010.01.26 07:09:11.938,1.47095,1.4712,22.90,2.50
2010.01.26 07:09:12.108,1.471,1.4712,4.00,2.50
2010.01.26 07:09:12.287,1.47105,1.4712,1.60,2.50
2010.01.26 07:09:12.637,1.47105,1.4712,1.60,2.40
2010.01.26 07:09:13.017,1.47105,1.47125,1.60,4.10
2010.01.26 07:09:14.587,1.47105,1.47125,1.60,2.50
2010.01.26 07:09:16.386,1.47105,1.47125,1.60,2.40
2010.01.26 07:09:18.006,1.47105,1.47125,2.40,2.40
2010.01.26 07:09:19.976,1.47105,1.47125,5.60,2.40
2010.01.26 07:09:23.125,1.47105,1.47125,2.40,2.40
2010.01.26 07:09:23.245,1.47105,1.47125,2.40,2.50
2010.01.26 07:09:25.814,1.47105,1.47125,1.60,2.50
2010.01.26 07:09:26.344,1.47105,1.4712,1.60,2.40
2010.01.26 07:09:26.564,1.47105,1.47125,2.40,2.40
2010.01.26 07:09:26.744,1.47105,1.47125,1.00,2.40
2010.01.26 07:09:26.974,1.47105,1.47125,2.40,2.40
2010.01.26 07:09:27.324,1.47105,1.47125,1.60,2.40
2010.01.26 07:09:27.674,1.471,1.47125,8.00,6.50
2010.01.26 07:09:28.024,1.471,1.47115,6.40,1.00
2010.01.26 07:09:28.354,1.47105,1.4712,7.60,2.30
2010.01.26 07:09:28.643,1.47105,1.4712,7.60,1.00
2010.01.26 07:09:28.863,1.47105,1.4712,9.20,1.00
2010.01.26 07:09:29.683,1.471,1.4712,4.10,1.00
2010.01.26 07:09:30.033,1.47105,1.47125,10.80,3.90
2010.01.26 07:09:30.433,1.47105,1.47125,9.30,5.50
2010.01.26 07:09:31.793,1.47105,1.47125,10.90,5.50
2010.01.26 07:09:32.853,1.47105,1.47125,14.90,5.50
2010.01.26 07:09:33.152,1.47105,1.47125,14.90,3.90
2010.01.26 07:09:33.492,1.47105,1.47125,10.90,3.90
2010.01.26 07:09:34.012,1.47105,1.47125,14.90,5.50
2010.01.26 07:09:34.172,1.47105,1.47125,8.00,5.50
2010.01.26 07:09:34.352,1.471,1.47125,4.10,7.90
2010.01.26 07:09:35.052,1.471,1.47125,12.10,7.90
2010.01.26 07:09:35.402,1.471,1.47125,8.10,7.90
2010.01.26 07:09:36.452,1.47105,1.47125,6.90,1.00
2010.01.26 07:09:36.681,1.4711,1.4713,2.50,1.60
2010.01.26 07:09:36.911,1.4711,1.47135,2.50,3.90
2010.01.26 07:09:37.252,1.4711,1.4713,2.50,1.00
2010.01.26 07:09:39.151,1.47105,1.4713,10.50,4.70
2010.01.26 07:09:39.331,1.4711,1.4713,2.40,4.70
2010.01.26 07:09:39.901,1.4711,1.4713,2.40,3.90
2010.01.26 07:09:40.241,1.4711,1.4713,2.50,7.10
2010.01.26 07:09:40.601,1.4711,1.4713,2.40,6.30
2010.01.26 07:09:40.940,1.4711,1.4713,2.50,3.90
2010.01.26 07:09:43.320,1.4711,1.47125,1.00,1.00
2010.01.26 07:09:43.482,1.47105,1.47125,5.70,1.00
2010.01.26 07:09:44.810,1.47105,1.47125,4.10,1.00
2010.01.26 07:09:46.659,1.47105,1.47125,4.10,3.90
2010.01.26 07:09:46.959,1.47105,1.47125,4.10,6.30
2010.01.26 07:09:47.249,1.47105,1.47125,4.10,3.90
2010.01.26 07:09:47.469,1.47105,1.47125,5.70,3.90
2010.01.26 07:09:48.039,1.47105,1.4712,1.60,2.40
2010.01.26 07:09:48.399,1.47105,1.47125,4.00,6.30
2010.01.26 07:09:48.619,1.47105,1.47125,4.00,3.90
2010.01.26 07:09:48.789,1.47105,1.47125,4.00,6.50
2010.01.26 07:09:49.248,1.47105,1.4713,4.00,8.60
2010.01.26 07:09:50.978,1.47105,1.47125,9.20,7.90
2010.01.26 07:09:52.598,1.47105,1.47125,9.20,6.50
2010.01.26 07:09:52.838,1.47105,1.4712,1.60,1.60
2010.01.26 07:09:53.128,1.471,1.4712,9.20,5.50
2010.01.26 07:09:53.418,1.47105,1.4712,1.60,3.90
2010.01.26 07:09:54.747,1.47105,1.4712,6.80,4.80
2010.01.26 07:09:55.137,1.47105,1.47125,9.20,6.30
2010.01.26 07:09:55.437,1.47105,1.4712,6.80,2.40
2010.01.26 07:09:55.797,1.47105,1.4712,9.20,3.20
2010.01.26 07:09:56.147,1.47105,1.47125,9.20,7.90
2010.01.26 07:09:56.837,1.471,1.47125,10.80,6.30
2010.01.26 07:09:57.196,1.471,1.4712,5.70,1.00
2010.01.26 07:09:57.536,1.471,1.4712,5.70,3.90
2010.01.26 07:09:57.926,1.471,1.4712,4.10,3.90
2010.01.26 07:09:58.846,1.471,1.4712,5.70,5.50
2010.01.26 07:10:00.016,1.471,1.4712,4.00,7.90
2010.01.26 07:10:00.486,1.47105,1.4712,1.60,5.50
2010.01.26 07:10:01.216,1.471,1.4712,5.70,5.50
2010.01.26 07:10:01.906,1.47095,1.4712,13.70,7.90
2010.01.26 07:10:02.255,1.47095,1.4712,9.70,7.90
2010.01.26 07:10:02.605,1.47095,1.4712,13.70,7.90
2010.01.26 07:10:02.945,1.47095,1.47115,11.20,4.00
2010.01.26 07:10:03.295,1.47095,1.47115,1.70,4.00
2010.01.26 07:10:03.405,1.47095,1.47115,6.80,2.40
2010.01.26 07:10:03.515,1.471,1.4712,2.50,5.50
2010.01.26 07:10:03.635,1.471,1.4712,5.70,5.50
2010.01.26 07:10:03.735,1.47105,1.4712,5.20,5.50
2010.01.26 07:10:03.856,1.47105,1.4712,7.60,5.50
2010.01.26 07:10:03.965,1.471,1.4712,1.60,6.30
2010.01.26 07:10:04.075,1.47095,1.4712,5.70,7.90
2010.01.26 07:10:04.185,1.47095,1.47115,5.60,1.00
2010.01.26 07:10:04.365,1.47095,1.47115,5.60,3.10
2010.01.26 07:10:05.065,1.47095,1.47115,5.60,6.30
2010.01.26 07:10:05.405,1.47095,1.47115,1.60,2.40
2010.01.26 07:10:05.805,1.4709,1.47115,13.70,8.10
2010.01.26 07:10:06.164,1.4709,1.47115,14.50,8.10
2010.01.26 07:10:06.504,1.47095,1.47115,7.60,8.10
2010.01.26 07:10:06.894,1.47095,1.47115,9.20,6.50
2010.01.26 07:10:08.124,1.47095,1.47115,9.20,3.30
2010.01.26 07:10:08.704,1.47095,1.47115,10.80,2.40
2010.01.26 07:10:08.934,1.47095,1.47115,9.20,2.40
2010.01.26 07:10:09.104,1.47095,1.47115,9.20,2.50
2010.01.26 07:10:09.464,1.47095,1.47115,9.20,3.30
2010.01.26 07:10:11.473,1.47095,1.47115,9.20,6.50
2010.01.26 07:10:11.993,1.47095,1.47115,9.20,2.40
2010.01.26 07:10:12.323,1.47095,1.4712,10.90,8.10
2010.01.26 07:10:12.673,1.47095,1.4712,14.90,8.10
2010.01.26 07:10:13.693,1.47095,1.4712,15.70,4.90
2010.01.26 07:10:13.863,1.47095,1.4712,14.90,8.10
2010.01.26 07:10:14.902,1.47095,1.4712,14.90,7.90
2010.01.26 07:10:15.242,1.47095,1.4712,10.90,7.90
2010.01.26 07:10:15.912,1.47095,1.47115,9.20,6.30
2010.01.26 07:10:16.442,1.47095,1.47115,10.80,6.30
2010.01.26 07:10:17.632,1.47095,1.4711,10.80,1.00
2010.01.26 07:10:23.820,1.47095,1.4711,10.90,1.00
2010.01.26 07:10:23.990,1.47095,1.4711,10.80,1.00
2010.01.26 07:10:25.330,1.47095,1.4711,10.90,1.00
2010.01.26 07:10:25.560,1.47095,1.47115,10.90,3.90
2010.01.26 07:10:25.730,1.471,1.47115,1.60,6.30
2010.01.26 07:10:25.960,1.471,1.47115,1.60,3.90
2010.01.26 07:10:26.480,1.47095,1.47115,10.90,3.90
2010.01.26 07:10:26.649,1.47095,1.47115,10.90,1.00
2010.01.26 07:10:28.089,1.47095,1.47115,10.90,3.90
2010.01.26 07:10:28.539,1.47095,1.47115,10.80,3.90
2010.01.26 07:10:28.889,1.47095,1.47115,10.80,6.30
2010.01.26 07:10:29.229,1.47095,1.4711,9.20,1.00
2010.01.26 07:10:29.929,1.47095,1.4711,10.80,1.00
2010.01.26 07:10:30.959,1.47095,1.4711,14.80,1.00
2010.01.26 07:10:31.079,1.47095,1.4711,10.90,1.00
2010.01.26 07:10:31.198,1.47095,1.47115,10.90,3.90
2010.01.26 07:10:31.308,1.47095,1.47115,10.90,1.00
2010.01.26 07:10:31.428,1.47095,1.4712,10.90,7.90
2010.01.26 07:10:31.549,1.471,1.4712,1.60,4.70
2010.01.26 07:10:31.949,1.471,1.47115,1.60,1.00
2010.01.26 07:10:32.298,1.47095,1.47115,14.80,6.50
2010.01.26 07:10:32.698,1.47095,1.47115,18.80,3.90
2010.01.26 07:10:33.048,1.4709,1.47115,19.30,6.50
2010.01.26 07:10:33.758,1.471,1.47115,1.60,3.90
2010.01.26 07:10:34.388,1.47095,1.47115,18.80,3.90
2010.01.26 07:10:35.637,1.47095,1.47115,18.90,3.90
2010.01.26 07:10:35.927,1.47095,1.47115,18.90,1.00
2010.01.26 07:10:36.267,1.47095,1.4712,18.80,8.10
2010.01.26 07:10:36.627,1.471,1.4712,1.60,6.30
2010.01.26 07:10:36.967,1.471,1.4712,4.00,3.90
2010.01.26 07:10:37.697,1.47105,1.4712,1.60,1.00
2010.01.26 07:10:38.047,1.47095,1.47115,17.70,2.40
2010.01.26 07:10:38.377,1.47095,1.47115,14.80,3.10
2010.01.26 07:10:38.617,1.47095,1.47115,14.80,6.30
2010.01.26 07:10:38.787,1.47105,1.47115,1.60,1.00
2010.01.26 07:10:39.007,1.47105,1.4712,1.60,3.90
2010.01.26 07:10:39.237,1.471,1.4712,4.00,3.90
2010.01.26 07:10:39.407,1.471,1.4712,4.10,3.90
2010.01.26 07:10:39.756,1.471,1.47125,4.40,7.90
2010.01.26 07:10:40.166,1.471,1.4712,10.00,4.00
2010.01.26 07:10:40.456,1.471,1.4712,1.60,2.40
2010.01.26 07:10:40.806,1.471,1.4712,4.10,1.00
2010.01.26 07:10:41.166,1.47105,1.47125,7.70,5.50
2010.01.26 07:10:41.556,1.47105,1.47125,9.30,3.90
2010.01.26 07:10:41.906,1.4711,1.47125,1.60,3.90
2010.01.26 07:10:44.015,1.47105,1.47125,14.90,3.90
2010.01.26 07:10:44.185,1.47105,1.47125,10.90,5.50
2010.01.26 07:10:44.365,1.47105,1.4712,10.90,1.00
2010.01.26 07:10:44.945,1.47105,1.47125,10.90,3.90
2010.01.26 07:10:45.646,1.47105,1.4712,6.80,3.10
2010.01.26 07:10:46.465,1.47105,1.47115,6.80,3.90
2010.01.26 07:10:47.494,1.471,1.47115,5.60,3.90
2010.01.26 07:10:47.854,1.47105,1.47115,8.40,3.90
2010.01.26 07:10:48.144,1.47105,1.47115,8.40,1.00
2010.01.26 07:10:48.714,1.47105,1.47115,1.60,3.10
2010.01.26 07:10:49.004,1.471,1.47115,1.60,6.30
2010.01.26 07:10:49.734,1.471,1.47115,1.60,3.10
2010.01.26 07:10:50.084,1.47095,1.47115,5.70,3.10
2010.01.26 07:10:50.424,1.471,1.47115,1.60,3.90
2010.01.26 07:10:51.104,1.471,1.47115,1.60,1.00
2010.01.26 07:10:51.324,1.471,1.4712,1.60,6.30
2010.01.26 07:10:51.553,1.471,1.4712,4.10,3.90
2010.01.26 07:10:52.003,1.471,1.4712,4.10,1.00
2010.01.26 07:10:52.333,1.471,1.4712,8.50,3.90
2010.01.26 07:10:52.723,1.471,1.4712,4.10,3.90
2010.01.26 07:10:54.263,1.471,1.4712,8.50,1.00
2010.01.26 07:10:54.433,1.471,1.4712,6.50,1.00
2010.01.26 07:10:54.603,1.471,1.4712,2.40,3.90
2010.01.26 07:10:57.542,1.471,1.47115,2.50,1.00
2010.01.26 07:10:57.892,1.471,1.47115,4.10,1.00
2010.01.26 07:10:58.592,1.471,1.4712,4.10,3.90
2010.01.26 07:10:59.232,1.471,1.4712,8.10,3.90
2010.01.26 07:10:59.652,1.47105,1.4712,1.60,1.00
2010.01.26 07:10:59.881,1.47105,1.47125,1.60,7.90
2010.01.26 07:11:01.371,1.471,1.47125,8.10,8.10
2010.01.26 07:11:01.661,1.471,1.4712,4.10,1.00
2010.01.26 07:11:01.941,1.471,1.4712,4.10,3.90
2010.01.26 07:11:07.430,1.471,1.4712,2.50,3.90
2010.01.26 07:11:10.879,1.471,1.4712,4.10,3.90
2010.01.26 07:11:11.449,1.471,1.4712,2.50,3.90
2010.01.26 07:11:12.878,1.471,1.4712,2.40,3.90
2010.01.26 07:11:13.208,1.471,1.4712,2.50,3.90
2010.01.26 07:11:13.598,1.471,1.4712,2.40,3.90
2010.01.26 07:11:14.048,1.47095,1.47115,19.30,2.40
2010.01.26 07:11:14.488,1.47095,1.47115,14.10,6.30
2010.01.26 07:11:14.828,1.47095,1.4711,9.60,1.00
2010.01.26 07:11:15.168,1.47095,1.4711,8.00,1.00
2010.01.26 07:11:15.508,1.47095,1.4711,5.60,1.00
2010.01.26 07:11:15.867,1.47095,1.4711,9.60,1.00
2010.01.26 07:11:16.867,1.471,1.47115,1.60,1.00
2010.01.26 07:11:17.188,1.471,1.4712,1.60,7.90
2010.01.26 07:11:18.127,1.47095,1.47115,13.60,3.10
2010.01.26 07:11:18.477,1.47095,1.4711,9.60,1.00
2010.01.26 07:11:18.877,1.47095,1.4711,8.00,1.00
2010.01.26 07:11:18.977,1.47095,1.4711,1.60,1.00
2010.01.26 07:11:19.097,1.47095,1.4711,1.60,3.90
2010.01.26 07:11:19.217,1.47095,1.4711,4.00,3.20
2010.01.26 07:11:19.337,1.471,1.47115,1.60,3.90
2010.01.26 07:11:19.567,1.47095,1.47115,5.60,3.90
2010.01.26 07:11:19.917,1.471,1.47115,1.60,3.90
2010.01.26 07:11:20.877,1.47095,1.47115,5.70,3.90
2010.01.26 07:11:22.766,1.47095,1.47115,5.60,3.90
2010.01.26 07:11:24.485,1.47095,1.47115,3.20,6.30
2010.01.26 07:11:24.645,1.47095,1.4711,1.60,3.90
2010.01.26 07:11:24.815,1.47095,1.4711,4.00,3.90
2010.01.26 07:11:24.985,1.47095,1.4711,1.60,3.90
2010.01.26 07:11:25.336,1.47095,1.4711,3.20,3.90
2010.01.26 07:11:27.015,1.47095,1.4711,5.60,3.20
2010.01.26 07:11:27.405,1.47095,1.47115,4.00,3.90
2010.01.26 07:11:28.724,1.47095,1.47115,5.60,3.90
2010.01.26 07:11:29.365,1.47095,1.47115,1.60,6.30
2010.01.26 07:11:29.594,1.47095,1.47115,4.00,3.90
2010.01.26 07:11:29.824,1.47095,1.47115,5.60,3.90
2010.01.26 07:11:30.864,1.47095,1.47115,5.70,3.90
2010.01.26 07:11:31.204,1.471,1.47115,1.60,3.90
2010.01.26 07:11:34.493,1.471,1.47115,1.60,1.00
2010.01.26 07:11:40.791,1.47095,1.47115,9.60,6.50
2010.01.26 07:11:41.491,1.47095,1.4711,7.20,3.20
2010.01.26 07:11:41.791,1.47095,1.4711,5.60,3.30
2010.01.26 07:11:42.181,1.47095,1.4711,5.60,1.00
2010.01.26 07:11:42.521,1.47095,1.4711,5.60,3.90
2010.01.26 07:11:43.181,1.47095,1.4711,7.20,3.90
2010.01.26 07:11:45.310,1.47095,1.4711,7.20,1.00
2010.01.26 07:11:45.640,1.47095,1.4711,9.70,1.00
2010.01.26 07:11:46.370,1.47095,1.4711,9.60,1.00
2010.01.26 07:11:47.380,1.47095,1.4711,5.60,1.00
2010.01.26 07:11:48.550,1.471,1.4711,1.60,1.00
2010.01.26 07:11:49.819,1.47095,1.4711,8.00,1.00
2010.01.26 07:11:52.089,1.47095,1.4711,8.00,3.90
2010.01.26 07:11:53.379,1.471,1.4711,2.40,1.00
2010.01.26 07:11:53.548,1.47095,1.4711,6.40,1.00
2010.01.26 07:11:53.709,1.47095,1.4711,5.60,1.00
2010.01.26 07:11:54.408,1.47095,1.4711,4.00,1.00
2010.01.26 07:11:55.748,1.47095,1.47115,4.00,3.30
2010.01.26 07:12:03.116,1.471,1.4712,2.40,9.40
2010.01.26 07:12:03.446,1.471,1.4712,2.40,8.10
2010.01.26 07:12:04.796,1.471,1.47115,2.40,1.00
2010.01.26 07:12:08.435,1.47095,1.47115,5.60,3.30
2010.01.26 07:12:08.945,1.47095,1.47115,5.60,6.50
2010.01.26 07:12:09.185,1.47095,1.47115,4.00,6.50
2010.01.26 07:12:10.095,1.47095,1.4711,1.60,3.30
2010.01.26 07:12:10.434,1.471,1.4711,2.40,1.00
2010.01.26 07:12:10.824,1.47095,1.4711,4.00,3.90
2010.01.26 07:12:11.124,1.47095,1.4711,4.00,1.00
2010.01.26 07:12:13.514,1.47095,1.4711,5.60,1.00
2010.01.26 07:12:13.814,1.47095,1.47115,4.00,6.50
2010.01.26 07:12:14.614,1.47095,1.4711,1.60,2.40
2010.01.26 07:12:14.724,1.47095,1.47115,4.10,4.50
2010.01.26 07:12:14.843,1.471,1.47115,2.40,3.90
2010.01.26 07:12:17.633,1.47095,1.4711,6.40,1.00
2010.01.26 07:12:17.983,1.471,1.4711,2.40,1.00
2010.01.26 07:12:18.443,1.47095,1.47115,6.50,3.90
2010.01.26 07:12:19.762,1.471,1.47115,2.40,1.00
2010.01.26 07:12:20.852,1.471,1.4712,4.00,7.90
2010.01.26 07:12:21.192,1.47095,1.47115,10.80,2.40
2010.01.26 07:12:21.312,1.47095,1.47115,6.80,2.40
2010.01.26 07:12:21.542,1.47095,1.47115,17.20,7.90
2010.01.26 07:12:21.662,1.471,1.47115,2.40,5.50
2010.01.26 07:12:26.920,1.471,1.47115,2.40,5.70
2010.01.26 07:12:27.200,1.47095,1.47115,10.80,8.10
2010.01.26 07:12:27.670,1.47095,1.47115,12.40,8.10
2010.01.26 07:12:38.648,1.47095,1.4711,12.40,1.00
2010.01.26 07:12:38.818,1.47095,1.4711,10.80,1.00
2010.01.26 07:12:38.938,1.47095,1.4711,5.60,1.00
2010.01.26 07:12:39.058,1.47095,1.4711,5.60,3.90
2010.01.26 07:12:39.168,1.47095,1.47105,4.00,1.00
2010.01.26 07:12:39.228,1.47095,1.47105,5.60,1.00
2010.01.26 07:12:39.348,1.47095,1.47105,10.80,1.00
2010.01.26 07:12:40.367,1.47095,1.4711,4.00,5.50
2010.01.26 07:12:47.725,1.4709,1.47105,8.00,3.90
2010.01.26 07:12:48.065,1.4709,1.47105,12.00,3.90
2010.01.26 07:12:48.465,1.471,1.4711,2.40,2.30
2010.01.26 07:12:48.575,1.471,1.4711,2.40,1.00
2010.01.26 07:12:48.865,1.47095,1.47115,11.60,6.30
2010.01.26 07:12:49.145,1.47095,1.47115,10.80,6.30
2010.01.26 07:12:49.255,1.47095,1.47115,10.80,7.90
2010.01.26 07:12:49.555,1.47095,1.47115,11.70,4.70
2010.01.26 07:12:49.945,1.47095,1.47105,7.60,1.00
2010.01.26 07:12:50.285,1.471,1.47105,2.40,3.90
2010.01.26 07:12:50.615,1.4709,1.47105,2.40,3.90
2010.01.26 07:12:51.005,1.4709,1.471,2.40,4.70
2010.01.26 07:12:51.355,1.47085,1.471,4.00,6.30
2010.01.26 07:12:51.684,1.47085,1.471,4.00,4.70
2010.01.26 07:12:52.034,1.4709,1.471,2.40,1.00
2010.01.26 07:12:52.364,1.4709,1.47105,2.40,5.50
2010.01.26 07:12:52.724,1.47085,1.471,9.20,3.20
2010.01.26 07:12:53.064,1.47085,1.471,9.20,3.90
2010.01.26 07:12:53.414,1.47085,1.471,5.20,6.50
2010.01.26 07:12:53.924,1.4708,1.471,2.40,7.10
2010.01.26 07:12:54.214,1.47085,1.471,8.40,6.30
2010.01.26 07:12:54.554,1.47085,1.47105,9.30,5.50
2010.01.26 07:12:54.894,1.4709,1.47105,2.40,6.30
2010.01.26 07:12:55.244,1.4709,1.47105,2.40,5.50
2010.01.26 07:12:55.584,1.4709,1.47105,2.40,3.90
2010.01.26 07:12:56.294,1.47085,1.47105,10.90,5.50
2010.01.26 07:12:57.333,1.47085,1.47105,10.90,3.10
2010.01.26 07:12:57.673,1.47085,1.47105,11.20,3.10
2010.01.26 07:12:57.963,1.4709,1.47105,2.40,3.90
2010.01.26 07:12:58.593,1.47085,1.47105,10.10,5.50
2010.01.26 07:12:58.823,1.47085,1.47105,9.30,5.50
2010.01.26 07:12:59.223,1.47085,1.47105,9.20,5.50
2010.01.26 07:12:59.393,1.47085,1.47105,9.30,5.50
2010.01.26 07:13:00.083,1.47085,1.47105,9.30,10.30
2010.01.26 07:13:00.423,1.47085,1.47105,9.30,6.30
2010.01.26 07:13:00.822,1.47085,1.47105,2.50,8.70
2010.01.26 07:13:01.112,1.4708,1.47095,1.60,3.90
2010.01.26 07:13:01.482,1.47075,1.47095,11.20,5.50
2010.01.26 07:13:01.762,1.47075,1.47095,9.20,5.50
2010.01.26 07:13:02.112,1.47075,1.4709,9.20,1.00
2010.01.26 07:13:02.472,1.47075,1.47095,8.90,7.20
2010.01.26 07:13:02.852,1.4708,1.47105,4.10,14.50
2010.01.26 07:13:03.192,1.4708,1.47105,4.10,5.70
2010.01.26 07:13:03.881,1.4708,1.47105,4.90,2.50
2010.01.26 07:13:04.211,1.4708,1.471,4.80,1.60
2010.01.26 07:13:04.502,1.4708,1.47105,4.90,1.60
2010.01.26 07:13:05.491,1.47085,1.47105,1.00,1.60
2010.01.26 07:13:05.841,1.4708,1.47105,8.10,1.60
2010.01.26 07:13:06.191,1.4708,1.47105,4.90,1.60
2010.01.26 07:13:11.230,1.4708,1.47105,4.10,2.30
2010.01.26 07:13:11.810,1.4708,1.47105,4.10,5.50
2010.01.26 07:13:13.689,1.4708,1.471,4.10,1.00
2010.01.26 07:13:13.989,1.4708,1.471,2.50,2.30
2010.01.26 07:13:15.079,1.4708,1.471,2.50,5.50
2010.01.26 07:13:16.069,1.4708,1.471,2.50,2.30
2010.01.26 07:13:18.728,1.4708,1.471,2.50,1.60
2010.01.26 07:13:19.378,1.4708,1.47105,4.10,5.50
2010.01.26 07:13:21.097,1.4708,1.47105,4.90,5.50
2010.01.26 07:13:21.388,1.4708,1.47105,4.90,2.30
2010.01.26 07:13:21.557,1.4708,1.47105,8.90,2.30
2010.01.26 07:13:21.948,1.4708,1.47105,16.10,1.70
2010.01.26 07:13:22.337,1.4708,1.47105,4.50,9.70
2010.01.26 07:13:22.687,1.4708,1.47105,4.10,8.10
2010.01.26 07:13:23.357,1.4708,1.471,4.10,3.90
2010.01.26 07:13:23.718,1.4708,1.471,4.10,1.00
2010.01.26 07:13:29.146,1.4708,1.471,2.50,3.90
2010.01.26 07:13:29.725,1.4708,1.471,4.10,3.90
2010.01.26 07:13:29.905,1.4708,1.471,4.00,3.90
2010.01.26 07:13:30.025,1.4708,1.471,2.40,3.90
2010.01.26 07:13:33.175,1.47075,1.47095,11.30,1.00
2010.01.26 07:13:33.535,1.47075,1.47095,10.90,1.00
2010.01.26 07:13:35.934,1.47075,1.47095,9.20,1.00
2010.01.26 07:13:36.274,1.47075,1.47095,9.20,3.90
2010.01.26 07:13:36.394,1.47075,1.47095,4.00,3.90
2010.01.26 07:13:36.564,1.47075,1.47095,10.80,5.50
2010.01.26 07:13:36.734,1.47075,1.47095,9.20,3.90
2010.01.26 07:13:39.693,1.47075,1.47095,6.80,6.30
2010.01.26 07:13:39.753,1.47075,1.47095,6.80,6.50
2010.01.26 07:13:39.863,1.47075,1.47095,6.90,6.30
2010.01.26 07:13:40.273,1.47075,1.47095,10.80,3.90
2010.01.26 07:13:40.613,1.47075,1.47095,9.20,3.90
2010.01.26 07:13:41.592,1.47075,1.47095,6.80,6.50
2010.01.26 07:13:41.983,1.4708,1.47095,2.40,3.90
2010.01.26 07:13:46.172,1.4708,1.47095,2.40,5.50
2010.01.26 07:13:46.391,1.4708,1.47095,2.40,3.90
2010.01.26 07:13:49.171,1.4708,1.47095,4.00,3.90
2010.01.26 07:13:49.291,1.4708,1.47095,2.40,3.90
2010.01.26 07:13:49.691,1.4708,1.47095,2.40,1.00
2010.01.26 07:13:54.750,1.4708,1.471,2.40,8.10
2010.01.26 07:13:54.860,1.4708,1.47095,2.40,1.00
2010.01.26 07:13:55.079,1.4708,1.471,2.40,8.10
2010.01.26 07:13:58.068,1.47075,1.47095,6.40,2.40
2010.01.26 07:13:58.418,1.47075,1.47095,4.00,2.50
2010.01.26 07:13:58.758,1.4708,1.471,2.40,7.90
2010.01.26 07:13:59.568,1.4708,1.47105,2.40,18.10
2010.01.26 07:13:59.688,1.4708,1.47105,2.40,16.10
2010.01.26 07:14:00.148,1.4708,1.47105,3.20,16.10
2010.01.26 07:14:00.478,1.47085,1.47105,8.40,1.60
2010.01.26 07:14:00.828,1.47085,1.47105,10.00,1.60
2010.01.26 07:14:01.688,1.47085,1.47105,11.60,1.60
2010.01.26 07:14:02.328,1.4709,1.47105,2.40,1.60
2010.01.26 07:14:03.367,1.47085,1.47105,3.20,1.70
2010.01.26 07:14:03.647,1.4708,1.47105,6.50,8.10
2010.01.26 07:14:04.917,1.4708,1.471,6.40,2.40
2010.01.26 07:14:05.197,1.4708,1.47105,8.10,8.00
2010.01.26 07:14:05.527,1.4708,1.47105,8.10,4.00
2010.01.26 07:14:06.227,1.47085,1.4711,9.30,16.10
2010.01.26 07:14:06.447,1.47085,1.4711,13.30,4.00
2010.01.26 07:14:06.626,1.47085,1.4711,14.90,4.00
2010.01.26 07:14:08.736,1.47085,1.47105,2.40,2.40
2010.01.26 07:14:08.916,1.47085,1.47105,1.00,4.00
2010.01.26 07:14:09.656,1.4708,1.47105,8.10,4.00
2010.01.26 07:14:10.416,1.47085,1.47105,1.00,4.00
2010.01.26 07:14:10.636,1.47085,1.47105,1.00,4.10
2010.01.26 07:14:10.815,1.4708,1.47105,2.40,12.10
2010.01.26 07:14:11.155,1.4708,1.47105,2.40,16.10
2010.01.26 07:14:11.505,1.4708,1.471,2.40,1.00
2010.01.26 07:14:12.645,1.47085,1.47105,4.00,4.70
2010.01.26 07:14:12.945,1.4708,1.47105,4.00,8.10
2010.01.26 07:14:13.295,1.4708,1.47105,4.10,15.90
2010.01.26 07:14:13.655,1.4708,1.47105,4.10,11.90
2010.01.26 07:14:14.165,1.4708,1.47105,4.10,7.90
2010.01.26 07:14:14.515,1.4708,1.47105,4.90,4.70
2010.01.26 07:14:16.694,1.4708,1.47105,4.90,4.90
2010.01.26 07:14:18.384,1.4708,1.47105,8.10,4.70
2010.01.26 07:14:18.674,1.4708,1.47105,8.10,4.00
2010.01.26 07:14:19.253,1.47085,1.47105,1.00,4.00
2010.01.26 07:14:19.433,1.47085,1.47105,2.40,4.00
2010.01.26 07:14:21.103,1.47085,1.47105,1.60,8.00
2010.01.26 07:14:21.453,1.47085,1.47105,1.60,4.00
2010.01.26 07:14:25.422,1.47085,1.47105,1.60,1.60
2010.01.26 07:14:33.880,1.47085,1.47105,1.60,1.70
2010.01.26 07:14:33.940,1.4708,1.47105,8.10,1.70
2010.01.26 07:14:33.990,1.4708,1.47105,4.90,2.50
2010.01.26 07:14:34.510,1.4708,1.47105,4.10,2.50
2010.01.26 07:14:34.910,1.4708,1.47105,4.10,5.70
2010.01.26 07:14:35.590,1.4708,1.47105,4.00,8.10
2010.01.26 07:14:35.939,1.4708,1.47105,4.10,6.50
2010.01.26 07:14:36.510,1.4708,1.47105,4.10,5.70
2010.01.26 07:14:36.859,1.4708,1.47105,4.90,10.30
2010.01.26 07:14:37.239,1.47085,1.4711,2.40,12.90
2010.01.26 07:14:37.929,1.47085,1.4711,2.40,4.90
2010.01.26 07:14:38.269,1.47085,1.4711,2.40,8.90
2010.01.26 07:14:39.119,1.47085,1.47105,2.40,1.60
2010.01.26 07:14:39.639,1.47085,1.47105,1.60,1.60
2010.01.26 07:14:40.868,1.47085,1.47105,1.60,1.00
2010.01.26 07:14:41.098,1.4708,1.4711,3.30,13.70
2010.01.26 07:14:41.378,1.4708,1.47105,8.10,1.60
2010.01.26 07:14:42.458,1.47085,1.47105,2.40,1.70
2010.01.26 07:14:42.848,1.47085,1.47105,1.60,8.10
2010.01.26 07:14:43.188,1.47085,1.47105,1.60,12.10
2010.01.26 07:14:43.487,1.4708,1.47105,4.00,12.10
2010.01.26 07:14:47.856,1.4708,1.471,1.60,2.50
2010.01.26 07:14:48.206,1.47085,1.47105,4.10,4.00
2010.01.26 07:14:48.756,1.47085,1.47105,1.60,1.00
2010.01.26 07:14:49.106,1.4708,1.471,3.20,1.00
2010.01.26 07:14:49.346,1.47085,1.471,1.00,2.40
2010.01.26 07:14:49.566,1.47085,1.47105,1.00,5.70
2010.01.26 07:14:49.846,1.47085,1.47105,1.00,1.70
2010.01.26 07:14:50.996,1.47085,1.471,1.00,2.50
2010.01.26 07:14:51.335,1.4708,1.471,4.80,2.50
2010.01.26 07:14:51.678,1.4708,1.471,3.20,2.50
2010.01.26 07:14:51.966,1.4708,1.471,2.40,2.50
2010.01.26 07:14:52.326,1.4708,1.471,2.40,4.10
2010.01.26 07:14:53.755,1.4708,1.47105,4.80,10.50
2010.01.26 07:14:54.105,1.4708,1.47105,8.00,9.70
2010.01.26 07:14:54.385,1.4708,1.47105,8.10,5.60
2010.01.26 07:14:54.725,1.47085,1.47105,1.00,1.60
2010.01.26 07:14:54.895,1.47085,1.47105,2.40,1.60
2010.01.26 07:14:56.195,1.4708,1.47105,12.10,1.70
2010.01.26 07:14:56.535,1.4708,1.47105,8.90,2.50
2010.01.26 07:14:56.884,1.4708,1.47105,4.90,2.50
2010.01.26 07:14:57.225,1.4708,1.47105,7.20,4.80
2010.01.26 07:14:57.574,1.4708,1.47105,2.40,8.90
2010.01.26 07:14:57.904,1.4708,1.471,2.40,1.60
2010.01.26 07:14:58.594,1.4708,1.47105,2.40,4.90
2010.01.26 07:14:59.124,1.47075,1.471,13.20,2.50
2010.01.26 07:14:59.234,1.4708,1.471,2.40,1.00
2010.01.26 07:14:59.354,1.4708,1.47105,2.50,12.50
2010.01.26 07:14:59.474,1.4708,1.471,10.50,1.60
2010.01.26 07:14:59.644,1.47085,1.47105,3.20,4.00
2010.01.26 07:14:59.983,1.4709,1.47105,6.40,1.60
2010.01.26 07:15:00.334,1.4709,1.4711,6.50,1.60
2010.01.26 07:15:00.683,1.4709,1.4711,10.50,1.60
2010.01.26 07:15:01.023,1.4709,1.4711,6.50,1.60
2010.01.26 07:15:01.323,1.4709,1.4711,6.40,1.70
2010.01.26 07:15:01.673,1.4709,1.4711,3.20,4.10
2010.01.26 07:15:02.023,1.4709,1.4711,6.50,4.00
2010.01.26 07:15:02.353,1.47095,1.4711,4.00,1.60
2010.01.26 07:15:03.013,1.47095,1.47115,4.00,1.60
2010.01.26 07:15:04.523,1.47095,1.4711,4.00,1.60
2010.01.26 07:15:05.032,1.47095,1.4711,4.40,1.60
2010.01.26 07:15:05.382,1.47095,1.4711,4.00,1.60
2010.01.26 07:15:06.053,1.4709,1.4711,10.40,1.60
2010.01.26 07:15:06.342,1.4709,1.4711,8.00,1.60
2010.01.26 07:15:08.172,1.4709,1.4711,8.10,1.60
2010.01.26 07:15:08.631,1.47095,1.4711,3.20,1.60
2010.01.26 07:15:08.811,1.47095,1.4711,4.00,1.60
2010.01.26 07:15:09.672,1.47095,1.47115,8.00,1.70
2010.01.26 07:15:09.901,1.47095,1.47115,4.00,1.70
2010.01.26 07:15:11.021,1.47095,1.47115,4.10,1.60
2010.01.26 07:15:11.371,1.47095,1.47115,4.00,1.70
2010.01.26 07:15:11.661,1.47095,1.4711,4.00,1.60
2010.01.26 07:15:12.001,1.47095,1.47115,4.00,1.60
2010.01.26 07:15:13.001,1.47095,1.4712,8.10,4.00
2010.01.26 07:15:14.000,1.47095,1.4712,12.10,4.00
2010.01.26 07:15:14.870,1.47095,1.4712,12.10,4.10
2010.01.26 07:15:15.150,1.47095,1.4712,8.10,4.10
2010.01.26 07:15:15.450,1.47095,1.4712,8.00,4.10
2010.01.26 07:15:15.800,1.47095,1.4712,4.00,4.10
2010.01.26 07:15:16.190,1.47095,1.47115,12.10,1.60
2010.01.26 07:15:16.530,1.471,1.4712,4.00,4.00
2010.01.26 07:15:16.709,1.47105,1.47125,4.00,1.60
2010.01.26 07:15:17.119,1.47105,1.4713,5.60,4.10
2010.01.26 07:15:17.359,1.47105,1.4713,5.70,4.00
2010.01.26 07:15:17.539,1.47105,1.4713,9.70,4.00
2010.01.26 07:15:19.849,1.47105,1.4713,9.60,4.00
2010.01.26 07:15:20.009,1.47105,1.4713,9.60,4.10
2010.01.26 07:15:20.069,1.47105,1.47125,8.00,1.60
2010.01.26 07:15:20.539,1.47105,1.47125,4.00,1.60
2010.01.26 07:15:20.889,1.47105,1.47125,8.00,1.60
2010.01.26 07:15:21.238,1.47105,1.47125,4.00,1.60
2010.01.26 07:15:22.948,1.47105,1.4713,4.10,4.10
2010.01.26 07:15:24.318,1.47105,1.4713,4.00,4.10
2010.01.26 07:15:24.548,1.47105,1.47125,4.10,1.60
2010.01.26 07:15:24.788,1.47105,1.4713,4.10,4.00
2010.01.26 07:15:25.078,1.47105,1.47125,8.00,1.60
2010.01.26 07:15:25.307,1.47105,1.47125,4.00,1.60
2010.01.26 07:15:25.577,1.47105,1.47125,4.10,1.60
2010.01.26 07:15:25.927,1.47105,1.47125,8.10,1.60
2010.01.26 07:15:26.777,1.47105,1.4713,4.10,4.10
2010.01.26 07:15:27.247,1.47105,1.4713,8.10,4.10
2010.01.26 07:15:30.186,1.4711,1.4713,6.50,2.40
2010.01.26 07:15:30.416,1.4711,1.4713,10.50,2.40
2010.01.26 07:15:30.656,1.47115,1.47135,2.40,1.70
2010.01.26 07:15:30.896,1.47115,1.47135,2.50,1.60
2010.01.26 07:15:31.196,1.47115,1.47135,7.30,1.60
2010.01.26 07:15:34.615,1.47115,1.47135,7.20,1.60
2010.01.26 07:15:34.725,1.47115,1.47135,1.00,1.60
2010.01.26 07:15:36.315,1.4711,1.47135,16.10,1.60
2010.01.26 07:15:36.945,1.47115,1.47135,1.00,1.60
2010.01.26 07:15:37.515,1.4711,1.47135,12.10,4.10
2010.01.26 07:15:37.894,1.4711,1.4713,7.30,1.60
2010.01.26 07:15:38.244,1.47105,1.4713,6.50,1.60
2010.01.26 07:15:38.474,1.4711,1.4713,1.00,1.60
2010.01.26 07:15:41.104,1.4711,1.4713,4.00,1.60
2010.01.26 07:15:43.833,1.4711,1.47125,1.00,1.00
2010.01.26 07:15:43.993,1.4711,1.47125,1.00,4.00
2010.01.26 07:15:44.113,1.47105,1.47125,8.00,1.60
2010.01.26 07:15:44.343,1.47105,1.47125,6.40,1.60
2010.01.26 07:15:44.693,1.4711,1.47125,3.20,1.60
2010.01.26 07:15:44.813,1.4711,1.4713,4.00,1.60
2010.01.26 07:15:51.731,1.4711,1.4713,4.00,1.60
2010.01.26 07:15:55.830,1.4711,1.4713,1.00,1.60
2010.01.26 07:15:57.220,1.47105,1.4713,10.50,1.60
2010.01.26 07:15:57.450,1.47105,1.4713,7.30,1.60
2010.01.26 07:15:57.740,1.47105,1.47125,1.00,4.10
2010.01.26 07:15:58.089,1.47105,1.47125,4.00,1.60
2010.01.26 07:15:58.430,1.47105,1.47125,5.60,1.60
2010.01.26 07:15:58.770,1.47105,1.47125,9.60,1.60
2010.01.26 07:15:59.180,1.47105,1.47125,9.60,1.70
2010.01.26 07:15:59.359,1.47105,1.47125,4.00,4.10
2010.01.26 07:16:02.169,1.47105,1.47125,5.60,2.50
2010.01.26 07:16:02.458,1.47105,1.47125,8.10,2.40
2010.01.26 07:16:02.689,1.47105,1.47125,16.10,2.40
2010.01.26 07:16:03.318,1.47105,1.47125,12.10,2.40
2010.01.26 07:16:04.358,1.47105,1.47125,8.90,4.00
2010.01.26 07:16:04.648,1.47105,1.47125,4.90,4.00
2010.01.26 07:16:05.438,1.47105,1.47125,1.70,4.70
2010.01.26 07:16:05.768,1.471,1.4712,4.80,1.00
2010.01.26 07:16:06.118,1.471,1.4712,16.00,1.00
2010.01.26 07:16:06.468,1.471,1.4712,6.40,4.10
2010.01.26 07:16:06.757,1.471,1.4712,1.00,2.50
2010.01.26 07:16:07.097,1.471,1.4712,1.00,2.30
2010.01.26 07:16:07.387,1.47095,1.47125,12.90,8.50
2010.01.26 07:16:07.938,1.471,1.47115,8.80,1.00
2010.01.26 07:16:08.277,1.471,1.47125,4.00,1.70
2010.01.26 07:16:08.567,1.471,1.47125,12.00,1.70
2010.01.26 07:16:08.857,1.47105,1.47125,1.00,1.60
2010.01.26 07:16:09.137,1.47105,1.4713,3.20,2.50
2010.01.26 07:16:09.487,1.4711,1.4713,8.10,2.40
2010.01.26 07:16:09.707,1.47115,1.4714,1.00,4.50
2010.01.26 07:16:09.937,1.47115,1.4714,1.00,4.10
2010.01.26 07:16:10.167,1.47115,1.4714,1.00,4.10
2010.01.26 07:16:10.967,1.47115,1.47135,6.50,1.60
2010.01.26 07:16:11.306,1.47115,1.4714,6.50,4.00
2010.01.26 07:16:11.656,1.47115,1.4714,4.10,4.00
2010.01.26 07:16:11.996,1.47115,1.4714,4.10,4.10
2010.01.26 07:16:12.336,1.47115,1.4714,8.10,4.10
2010.01.26 07:16:12.636,1.47115,1.4714,4.10,4.10
2010.01.26 07:16:13.466,1.47115,1.4714,1.00,4.90
2010.01.26 07:16:14.336,1.47115,1.4714,1.00,4.90
2010.01.26 07:16:14.446,1.47115,1.4714,1.00,4.90
2010.01.26 07:16:15.446,1.47115,1.4714,3.30,4.70
2010.01.26 07:16:15.616,1.47115,1.4714,6.50,4.00
2010.01.26 07:16:17.225,1.47115,1.4714,4.10,4.10
2010.01.26 07:16:18.415,1.47115,1.4714,4.00,4.10
2010.01.26 07:16:18.755,1.47115,1.47135,1.00,5.50
2010.01.26 07:16:18.975,1.47115,1.47135,1.00,4.80
2010.01.26 07:16:19.195,1.4711,1.47135,16.10,1.60
2010.01.26 07:16:19.375,1.4711,1.4713,9.70,1.60
2010.01.26 07:16:19.604,1.4711,1.4713,9.60,1.60
2010.01.26 07:16:19.844,1.47105,1.4713,12.10,1.60
2010.01.26 07:16:20.194,1.47105,1.4713,8.10,1.60
2010.01.26 07:16:22.204,1.47105,1.4713,4.90,2.30
2010.01.26 07:16:22.424,1.47105,1.4713,1.00,2.30
2010.01.26 07:16:23.393,1.47105,1.4713,8.10,1.60
2010.01.26 07:16:28.463,1.47105,1.4713,12.10,1.60
2010.01.26 07:16:29.562,1.47105,1.4713,8.10,5.50
2010.01.26 07:16:29.722,1.47105,1.4713,4.10,5.50
2010.01.26 07:16:29.782,1.47105,1.4713,1.00,5.50
2010.01.26 07:16:29.842,1.47105,1.4713,1.00,1.60
2010.01.26 07:16:30.012,1.47105,1.4713,4.10,1.60
2010.01.26 07:16:30.282,1.47105,1.4713,12.10,1.60
2010.01.26 07:16:30.722,1.47105,1.4713,8.10,1.60
2010.01.26 07:16:31.062,1.4711,1.4713,1.00,2.30
2010.01.26 07:16:31.412,1.4711,1.4713,1.00,1.60
2010.01.26 07:16:31.701,1.47105,1.4713,8.10,1.60
2010.01.26 07:16:31.982,1.47105,1.4713,12.10,1.60
2010.01.26 07:16:32.891,1.4711,1.4713,1.00,1.60
2010.01.26 07:16:33.231,1.4711,1.47135,1.00,1.70
2010.01.26 07:16:33.591,1.4711,1.47135,4.10,1.70
2010.01.26 07:16:34.221,1.4711,1.47135,8.10,1.70
2010.01.26 07:16:35.031,1.4711,1.47135,4.00,1.70
2010.01.26 07:16:35.361,1.4711,1.4713,4.10,1.60
2010.01.26 07:16:35.530,1.4711,1.47135,8.10,1.60
2010.01.26 07:16:35.691,1.4711,1.47135,12.10,1.60
2010.01.26 07:16:36.031,1.47105,1.47135,12.20,1.70
2010.01.26 07:16:36.380,1.4711,1.47135,1.00,9.70
2010.01.26 07:16:37.060,1.47105,1.4713,8.10,1.60
2010.01.26 07:16:38.280,1.4711,1.4713,1.00,1.60
2010.01.26 07:16:38.660,1.47115,1.47135,2.50,1.60
2010.01.26 07:16:39.000,1.47115,1.47135,4.00,1.60
2010.01.26 07:16:39.180,1.4711,1.47135,4.10,5.50
2010.01.26 07:16:39.410,1.4711,1.47135,1.60,5.70
2010.01.26 07:16:39.620,1.47105,1.4713,8.90,1.60
2010.01.26 07:16:39.800,1.47105,1.4713,1.00,2.30
2010.01.26 07:16:40.030,1.47105,1.4713,1.00,2.30
2010.01.26 07:16:40.729,1.47105,1.47135,1.00,13.70
2010.01.26 07:16:41.030,1.47105,1.4713,12.10,1.60
2010.01.26 07:16:41.369,1.4711,1.4713,4.00,1.70
2010.01.26 07:16:41.709,1.47105,1.4713,4.90,1.60
2010.01.26 07:16:42.039,1.47105,1.4713,8.80,2.50
2010.01.26 07:16:42.379,1.471,1.4713,12.10,5.70
2010.01.26 07:16:42.719,1.471,1.4713,16.10,5.70
2010.01.26 07:16:43.589,1.471,1.47125,8.90,1.00
2010.01.26 07:16:44.268,1.471,1.4712,7.20,2.50
2010.01.26 07:16:44.538,1.47105,1.47125,1.00,5.50
2010.01.26 07:16:44.888,1.47105,1.4713,1.00,9.50
2010.01.26 07:16:45.178,1.47105,1.4713,1.00,5.50
2010.01.26 07:16:45.528,1.47105,1.4713,1.00,2.30
2010.01.26 07:16:47.048,1.47105,1.4713,1.00,5.50
2010.01.26 07:16:48.308,1.471,1.4713,16.10,5.70
2010.01.26 07:16:48.647,1.471,1.47125,14.50,1.60
2010.01.26 07:16:49.217,1.471,1.47125,16.10,1.70
2010.01.26 07:16:49.517,1.471,1.47125,8.10,1.70
2010.01.26 07:16:50.537,1.47105,1.47125,1.00,1.70
2010.01.26 07:16:50.777,1.47105,1.47135,4.10,13.70
2010.01.26 07:16:51.127,1.47105,1.4713,8.10,1.60
2010.01.26 07:16:51.477,1.47105,1.4713,4.90,2.30
2010.01.26 07:16:51.817,1.471,1.47125,15.30,2.30
2010.01.26 07:16:52.277,1.471,1.47125,8.10,2.30
2010.01.26 07:16:52.607,1.47105,1.47125,1.00,1.60
2010.01.26 07:16:52.946,1.47105,1.4713,4.80,1.60
2010.01.26 07:16:53.336,1.4711,1.4713,1.00,1.60
2010.01.26 07:16:54.586,1.47115,1.4713,1.00,1.60
2010.01.26 07:16:54.816,1.4711,1.47135,8.10,1.70
2010.01.26 07:16:54.976,1.4711,1.47135,4.10,1.70
2010.01.26 07:16:55.137,1.4711,1.47135,4.90,2.50
2010.01.26 07:16:55.496,1.4711,1.47135,1.00,2.50
2010.01.26 07:16:55.666,1.47115,1.47135,2.50,1.00
2010.01.26 07:16:55.826,1.47115,1.47135,6.50,1.60
2010.01.26 07:16:56.556,1.47115,1.4714,6.40,4.10
2010.01.26 07:16:57.056,1.4711,1.47135,16.10,1.60
2010.01.26 07:16:57.395,1.4711,1.47135,8.90,2.30
2010.01.26 07:16:57.785,1.47115,1.47135,2.50,2.30
2010.01.26 07:16:58.115,1.47115,1.4714,14.10,5.50
2010.01.26 07:16:58.455,1.47115,1.4714,10.10,2.30
2010.01.26 07:16:58.815,1.47115,1.47135,9.30,1.60
2010.01.26 07:16:59.335,1.47115,1.47135,5.30,1.60
2010.01.26 07:16:59.995,1.47115,1.47135,5.30,2.30
2010.01.26 07:17:00.395,1.47115,1.47135,5.20,1.60
2010.01.26 07:17:01.065,1.47115,1.47135,5.20,1.70
2010.01.26 07:17:01.415,1.47105,1.4713,14.50,1.60
2010.01.26 07:17:01.765,1.47105,1.47125,4.00,1.60
2010.01.26 07:17:03.034,1.47105,1.47125,1.00,1.60
2010.01.26 07:17:04.964,1.47105,1.47125,1.00,1.70
2010.01.26 07:17:05.613,1.47105,1.47125,1.00,1.60
2010.01.26 07:17:07.823,1.4711,1.47125,4.00,1.60
2010.01.26 07:17:08.183,1.47115,1.47135,6.40,1.60
2010.01.26 07:17:08.513,1.4711,1.47135,8.00,13.40
2010.01.26 07:17:08.863,1.47105,1.47125,4.10,1.60
2010.01.26 07:17:09.213,1.47105,1.4713,4.10,1.70
2010.01.26 07:17:14.201,1.471,1.47125,12.00,4.10
2010.01.26 07:17:14.362,1.471,1.47125,8.00,4.10
2010.01.26 07:17:14.472,1.471,1.47125,4.80,4.10
2010.01.26 07:17:15.141,1.471,1.47125,4.80,8.10
2010.01.26 07:17:15.481,1.471,1.47125,4.80,12.10
2010.01.26 07:17:15.821,1.47105,1.47125,1.00,5.50
2010.01.26 07:17:16.171,1.47105,1.4713,1.00,5.70
2010.01.26 07:17:16.501,1.471,1.47125,4.80,4.10
2010.01.26 07:17:16.791,1.471,1.4712,1.00,4.00
2010.01.26 07:17:17.141,1.471,1.4712,4.80,1.60
2010.01.26 07:17:17.481,1.471,1.4712,1.00,1.60
2010.01.26 07:17:17.830,1.47095,1.4712,13.70,1.70
2010.01.26 07:17:18.170,1.47095,1.4712,8.10,1.70
2010.01.26 07:17:18.910,1.47095,1.4712,8.10,1.60
2010.01.26 07:17:19.250,1.471,1.4712,4.80,1.60
2010.01.26 07:17:20.290,1.471,1.47125,4.90,2.50
2010.01.26 07:17:20.630,1.471,1.47125,8.10,1.70
2010.01.26 07:17:20.980,1.471,1.47125,4.10,1.70
2010.01.26 07:17:21.610,1.471,1.47125,8.10,1.60
2010.01.26 07:17:22.169,1.471,1.4713,8.10,8.90
2010.01.26 07:17:22.460,1.4711,1.4713,1.00,1.60
2010.01.26 07:17:22.819,1.4711,1.4713,8.10,1.60
2010.01.26 07:17:23.179,1.4711,1.47135,8.10,1.60
2010.01.26 07:17:24.379,1.47115,1.47135,2.50,1.60
2010.01.26 07:17:24.619,1.47115,1.47135,1.00,1.60
2010.01.26 07:17:24.839,1.4711,1.47135,6.40,1.70
2010.01.26 07:17:25.069,1.4711,1.47135,4.10,9.70
2010.01.26 07:17:25.349,1.47105,1.47135,10.90,12.90
2010.01.26 07:17:25.589,1.47105,1.47135,14.90,9.70
2010.01.26 07:17:25.888,1.47105,1.47135,10.90,9.70
2010.01.26 07:17:26.289,1.4711,1.47135,1.00,7.90
2010.01.26 07:17:26.638,1.4711,1.47135,4.10,3.90
2010.01.26 07:17:26.868,1.4711,1.47135,4.10,4.10
2010.01.26 07:17:27.038,1.4711,1.47135,1.00,4.10
2010.01.26 07:17:27.368,1.4711,1.47135,1.00,5.70
2010.01.26 07:17:29.548,1.4711,1.4713,1.00,1.60
2010.01.26 07:17:29.788,1.47105,1.47125,13.30,1.60
2010.01.26 07:17:29.908,1.47105,1.47125,13.30,2.10
2010.01.26 07:17:30.077,1.47105,1.47125,13.30,1.60
2010.01.26 07:17:30.198,1.47105,1.4713,9.30,1.60
2010.01.26 07:17:30.367,1.47105,1.4713,8.50,1.60
2010.01.26 07:17:30.478,1.47105,1.47125,9.30,1.60
2010.01.26 07:17:31.088,1.47105,1.4713,9.30,1.60
2010.01.26 07:17:31.447,1.47105,1.4713,9.20,1.70
2010.01.26 07:17:31.817,1.47105,1.4713,9.30,5.60
2010.01.26 07:17:31.927,1.47105,1.47125,9.30,1.60
2010.01.26 07:17:32.097,1.47105,1.47125,9.20,1.60
2010.01.26 07:17:32.617,1.47105,1.47125,6.00,1.60
2010.01.26 07:17:42.674,1.471,1.4713,13.30,10.50
2010.01.26 07:17:46.693,1.47105,1.47125,6.00,4.00
2010.01.26 07:17:46.924,1.47105,1.47125,5.20,4.10
2010.01.26 07:17:47.513,1.47105,1.47125,5.20,4.90
2010.01.26 07:17:49.753,1.471,1.47125,11.70,5.60
2010.01.26 07:17:50.033,1.47105,1.47125,5.20,1.60
2010.01.26 07:17:50.083,1.471,1.4712,8.40,1.00
2010.01.26 07:17:50.533,1.47105,1.47125,6.00,1.60
2010.01.26 07:17:51.222,1.47105,1.47125,5.20,1.70
2010.01.26 07:17:51.562,1.47105,1.47125,5.20,4.10
2010.01.26 07:17:53.272,1.47105,1.47125,5.20,4.90
2010.01.26 07:17:53.912,1.47105,1.47125,5.20,4.10
2010.01.26 07:17:54.772,1.47105,1.47125,5.30,4.00
2010.01.26 07:17:54.892,1.47105,1.47125,5.30,1.60
2010.01.26 07:17:55.072,1.471,1.4712,7.30,1.60
2010.01.26 07:17:55.192,1.47095,1.4712,6.50,2.30
2010.01.26 07:17:55.532,1.47095,1.4712,1.00,5.50
2010.01.26 07:17:55.872,1.471,1.4712,1.00,5.60
2010.01.26 07:17:56.211,1.471,1.4712,1.00,1.60
2010.01.26 07:17:56.561,1.471,1.4712,4.10,1.60
2010.01.26 07:17:58.661,1.471,1.4712,1.00,1.60
2010.01.26 07:18:00.080,1.47095,1.47115,8.10,1.60
2010.01.26 07:18:00.300,1.47095,1.47115,4.10,1.60
2010.01.26 07:18:00.530,1.47095,1.47115,8.10,1.60
2010.01.26 07:18:00.880,1.47095,1.47115,4.10,1.60
2010.01.26 07:18:01.740,1.47095,1.47115,1.00,1.60
2010.01.26 07:18:03.319,1.4709,1.47115,14.50,4.00
2010.01.26 07:18:03.669,1.4709,1.47115,14.50,4.10
2010.01.26 07:18:04.019,1.4709,1.47115,14.50,4.00
2010.01.26 07:18:04.249,1.4709,1.47115,10.50,4.00
2010.01.26 07:18:04.479,1.4709,1.47115,6.50,4.10
2010.01.26 07:18:04.929,1.4709,1.47115,10.50,4.10
2010.01.26 07:18:05.269,1.4709,1.47115,6.50,4.10
2010.01.26 07:18:05.969,1.4709,1.47115,10.50,4.10
2010.01.26 07:18:06.299,1.4709,1.47115,10.50,4.00
2010.01.26 07:18:06.639,1.4709,1.47115,6.50,1.60
2010.01.26 07:18:06.979,1.4709,1.47115,10.50,1.60
2010.01.26 07:18:07.319,1.47095,1.47115,1.00,1.60
2010.01.26 07:18:08.178,1.47095,1.47115,1.00,4.00
2010.01.26 07:18:08.508,1.47095,1.47115,1.00,1.60
2010.01.26 07:18:11.238,1.47095,1.47115,1.00,1.60
2010.01.26 07:18:16.746,1.471,1.47115,1.00,1.60
2010.01.26 07:18:17.087,1.471,1.4712,1.00,1.60
2010.01.26 07:18:17.366,1.471,1.4712,1.00,4.00
2010.01.26 07:18:17.836,1.471,1.4712,1.00,1.60
2010.01.26 07:18:21.315,1.471,1.4712,4.10,1.60
2010.01.26 07:18:22.445,1.471,1.47125,4.10,5.60
2010.01.26 07:18:22.835,1.471,1.4712,4.10,1.60
2010.01.26 07:18:23.185,1.471,1.4712,4.10,1.60
2010.01.26 07:18:23.864,1.471,1.4712,8.10,1.60
2010.01.26 07:18:24.204,1.471,1.4712,4.10,1.60
2010.01.26 07:18:24.545,1.471,1.4712,6.40,1.60
2010.01.26 07:18:24.985,1.47095,1.4712,4.00,8.10
2010.01.26 07:18:25.274,1.4709,1.4712,16.10,2.50
2010.01.26 07:18:25.514,1.4709,1.47115,12.10,1.60
2010.01.26 07:18:25.904,1.4709,1.4711,4.00,1.00
2010.01.26 07:18:32.273,1.4709,1.4711,1.00,1.70
2010.01.26 07:18:32.972,1.4709,1.47105,1.00,1.00
2010.01.26 07:18:33.312,1.4709,1.4711,1.00,4.00
2010.01.26 07:18:33.652,1.4709,1.47105,1.00,1.00
2010.01.26 07:18:34.383,1.4709,1.4711,1.00,4.10
2010.01.26 07:18:34.792,1.4709,1.4711,1.00,1.70
2010.01.26 07:18:34.962,1.4709,1.47105,1.00,1.00
2010.01.26 07:18:38.061,1.4709,1.4711,1.00,1.70
2010.01.26 07:18:39.901,1.4709,1.47105,1.00,1.00
2010.01.26 07:18:40.650,1.47085,1.47105,4.00,1.00
2010.01.26 07:18:41.690,1.47085,1.47105,1.00,1.00
2010.01.26 07:18:45.349,1.47085,1.47105,4.00,1.00
2010.01.26 07:18:45.739,1.47085,1.4711,4.00,4.10
2010.01.26 07:18:45.969,1.47085,1.4711,4.10,1.70
2010.01.26 07:18:46.259,1.4709,1.4711,1.00,1.70
2010.01.26 07:18:46.549,1.4709,1.4711,1.00,4.00
2010.01.26 07:18:47.589,1.4709,1.4711,4.10,4.00
2010.01.26 07:18:47.939,1.4709,1.47115,4.10,9.70
2010.01.26 07:18:48.279,1.4709,1.47115,4.10,5.70
2010.01.26 07:18:50.358,1.47095,1.47115,1.00,5.60
2010.01.26 07:18:50.468,1.47095,1.47115,1.00,4.00
2010.01.26 07:18:50.928,1.4709,1.4712,8.10,16.10
2010.01.26 07:18:51.268,1.4709,1.4712,8.10,12.10
2010.01.26 07:18:51.728,1.4709,1.4712,8.10,12.00
2010.01.26 07:18:51.848,1.4709,1.4712,8.10,12.10
2010.01.26 07:18:52.128,1.4709,1.4712,12.10,8.10
2010.01.26 07:18:52.348,1.47095,1.4712,2.40,12.90
2010.01.26 07:18:52.468,1.47095,1.4712,2.40,4.90
2010.01.26 07:18:52.988,1.47095,1.47115,1.00,1.60
2010.01.26 07:18:54.427,1.47095,1.4712,2.50,4.90
2010.01.26 07:18:54.707,1.4709,1.47115,8.10,1.60
2010.01.26 07:18:56.227,1.47105,1.4712,7.70,4.70
2010.01.26 07:18:56.577,1.4711,1.47125,2.40,2.30
2010.01.26 07:19:00.146,1.471,1.47125,4.10,2.30
2010.01.26 07:19:00.546,1.471,1.4712,1.60,1.00
2010.01.26 07:19:00.906,1.47095,1.4712,8.00,5.50
2010.01.26 07:19:01.246,1.47095,1.4712,1.00,5.70
2010.01.26 07:19:02.705,1.47095,1.4712,1.00,5.50
2010.01.26 07:19:03.455,1.47095,1.4712,4.10,1.60
2010.01.26 07:19:05.435,1.47095,1.4712,4.10,1.70
2010.01.26 07:19:05.615,1.47095,1.4712,1.00,5.50
2010.01.26 07:19:06.064,1.471,1.4712,1.00,5.50
2010.01.26 07:19:06.414,1.471,1.4712,4.10,1.60
2010.01.26 07:19:06.744,1.471,1.47125,4.10,9.60
2010.01.26 07:19:06.974,1.471,1.47125,4.10,5.60
2010.01.26 07:19:07.904,1.471,1.47125,4.10,1.60
2010.01.26 07:19:08.594,1.47095,1.47125,8.20,1.70
2010.01.26 07:19:09.454,1.471,1.47125,4.00,5.70
2010.01.26 07:19:09.754,1.471,1.4712,4.00,1.60
2010.01.26 07:19:11.863,1.471,1.47115,1.00,1.60
2010.01.26 07:19:12.653,1.471,1.4712,1.00,1.70
2010.01.26 07:19:12.833,1.47095,1.47115,1.00,1.60
2010.01.26 07:19:13.572,1.47095,1.47115,4.10,1.60
2010.01.26 07:19:13.912,1.47095,1.47115,4.00,5.70
2010.01.26 07:19:15.262,1.47095,1.47115,4.00,1.70
2010.01.26 07:19:15.742,1.47095,1.47115,1.00,1.70
2010.01.26 07:19:15.802,1.47095,1.4711,1.00,2.40
2010.01.26 07:19:15.922,1.47095,1.4711,1.00,2.50
2010.01.26 07:19:26.270,1.47095,1.4711,1.00,2.40
2010.01.26 07:19:26.599,1.47095,1.47115,1.00,1.70
2010.01.26 07:19:33.138,1.4709,1.47115,8.00,1.70
2010.01.26 07:19:33.478,1.4709,1.47115,6.40,1.70
2010.01.26 07:19:34.168,1.4709,1.4711,6.40,4.10
2010.01.26 07:19:34.398,1.47095,1.4711,1.00,4.10
2010.01.26 07:19:35.047,1.47095,1.4711,1.00,2.50
2010.01.26 07:19:39.147,1.47095,1.47115,1.00,2.10
2010.01.26 07:19:39.257,1.47095,1.47115,1.00,1.70
2010.01.26 07:19:40.976,1.47095,1.4711,1.00,2.40
2010.01.26 07:19:41.336,1.47095,1.4711,1.00,2.50
2010.01.26 07:19:45.395,1.4709,1.4711,6.40,2.50
2010.01.26 07:19:46.374,1.4709,1.4711,6.40,4.10
2010.01.26 07:19:46.695,1.47085,1.471,6.40,1.00
2010.01.26 07:19:47.024,1.47085,1.471,1.00,2.50
2010.01.26 07:19:47.254,1.47085,1.471,1.00,2.40
2010.01.26 07:19:47.494,1.47085,1.471,1.00,2.50
2010.01.26 07:19:47.725,1.47085,1.47105,1.00,1.00
2010.01.26 07:19:47.894,1.47085,1.47105,4.00,1.60
2010.01.26 07:19:48.474,1.4708,1.47105,12.80,1.70
2010.01.26 07:19:48.864,1.4708,1.471,8.80,2.50
2010.01.26 07:19:49.204,1.4708,1.471,4.80,2.50
2010.01.26 07:19:49.434,1.4708,1.471,3.20,2.50
2010.01.26 07:19:49.664,1.4708,1.471,4.80,2.50
2010.01.26 07:19:50.104,1.4708,1.471,4.80,2.40
2010.01.26 07:19:50.384,1.4708,1.471,8.00,2.40
2010.01.26 07:19:51.443,1.4708,1.471,8.00,2.50
2010.01.26 07:19:53.343,1.4708,1.471,4.80,2.50
2010.01.26 07:19:56.102,1.4708,1.47105,4.90,10.30
2010.01.26 07:19:56.332,1.47085,1.47105,1.60,9.60
2010.01.26 07:19:56.612,1.47085,1.47105,1.60,1.70
2010.01.26 07:19:57.073,1.47085,1.47105,1.70,1.60
2010.01.26 07:19:57.362,1.47085,1.47105,2.50,1.60
2010.01.26 07:19:57.932,1.47085,1.4711,2.50,4.90
2010.01.26 07:19:58.282,1.47085,1.4711,5.60,4.10
2010.01.26 07:19:59.681,1.4709,1.4711,1.00,4.00
2010.01.26 07:19:59.792,1.47085,1.4711,10.90,4.00
2010.01.26 07:19:59.962,1.4709,1.4711,4.00,4.00
2010.01.26 07:20:00.081,1.4709,1.4711,8.00,4.00
2010.01.26 07:20:00.361,1.4709,1.4711,5.60,4.10
2010.01.26 07:20:00.522,1.47085,1.4711,5.70,4.00
2010.01.26 07:20:04.151,1.4709,1.4711,4.10,4.00
2010.01.26 07:20:04.320,1.4709,1.4711,8.10,4.00
2010.01.26 07:20:04.540,1.4709,1.4711,8.00,4.00
2010.01.26 07:20:04.780,1.4709,1.4711,5.60,4.10
2010.01.26 07:20:04.990,1.47085,1.4711,6.00,4.10
2010.01.26 07:20:05.330,1.47085,1.4711,5.60,4.10
2010.01.26 07:20:07.340,1.47085,1.4711,9.60,4.10
2010.01.26 07:20:07.840,1.47085,1.4711,5.60,4.10
2010.01.26 07:20:08.009,1.47085,1.4711,2.40,4.10
2010.01.26 07:20:08.359,1.47085,1.47105,1.00,1.70
2010.01.26 07:20:08.760,1.47085,1.47105,2.40,1.60
2010.01.26 07:20:09.089,1.47085,1.47105,4.00,1.60
2010.01.26 07:20:10.059,1.4708,1.47105,8.10,1.60
2010.01.26 07:20:10.229,1.47085,1.47105,4.00,1.60
2010.01.26 07:20:10.349,1.47085,1.47105,5.60,1.60
2010.01.26 07:20:12.099,1.47085,1.4711,5.60,4.10
2010.01.26 07:20:12.719,1.47085,1.4711,5.70,4.00
2010.01.26 07:20:12.838,1.47085,1.4711,5.70,8.00
2010.01.26 07:20:12.958,1.47085,1.4711,5.60,8.10
2010.01.26 07:20:13.068,1.47085,1.4711,9.60,4.10
2010.01.26 07:20:13.529,1.47085,1.47105,4.00,1.60
2010.01.26 07:20:13.878,1.47085,1.4711,5.60,4.10
2010.01.26 07:20:14.388,1.47085,1.47105,5.60,1.60
2010.01.26 07:20:16.528,1.47085,1.47095,1.60,2.40
2010.01.26 07:20:16.707,1.47085,1.471,8.00,1.00
2010.01.26 07:20:16.877,1.47085,1.471,5.60,2.40
2010.01.26 07:20:17.097,1.47085,1.4711,5.60,4.10
2010.01.26 07:20:18.337,1.4708,1.47095,9.70,2.40
2010.01.26 07:20:18.717,1.4709,1.47105,2.40,1.00
2010.01.26 07:20:19.007,1.47085,1.4711,5.60,4.10
2010.01.26 07:20:19.347,1.47085,1.47105,5.60,1.60
2010.01.26 07:20:20.026,1.47085,1.4711,5.60,4.10
2010.01.26 07:20:20.406,1.4709,1.471,6.40,1.60
2010.01.26 07:20:20.576,1.4709,1.4711,8.00,4.10
2010.01.26 07:20:20.746,1.4709,1.4711,1.60,4.10
2010.01.26 07:20:21.086,1.47085,1.4711,5.60,4.10
2010.01.26 07:20:33.563,1.47085,1.4711,5.60,4.10
2010.01.26 07:20:38.862,1.47085,1.47105,5.60,1.60
2010.01.26 07:20:41.771,1.47085,1.47105,4.00,1.60
2010.01.26 07:20:46.311,1.47085,1.47105,4.00,4.10
2010.01.26 07:20:46.701,1.47085,1.47105,2.40,4.10
2010.01.26 07:20:47.040,1.47085,1.471,4.00,1.60
2010.01.26 07:20:47.390,1.47085,1.47105,4.00,4.10
2010.01.26 07:20:47.900,1.4708,1.47105,8.00,4.10
2010.01.26 07:20:48.240,1.4708,1.471,6.40,1.00
2010.01.26 07:20:48.640,1.4708,1.471,6.40,4.10
2010.01.26 07:20:48.990,1.4708,1.47105,8.00,8.10
2010.01.26 07:20:49.319,1.47085,1.47105,1.00,8.10
2010.01.26 07:20:51.749,1.47085,1.47105,1.00,4.10
2010.01.26 07:20:52.099,1.47085,1.47105,1.00,8.10
2010.01.26 07:20:53.439,1.47085,1.47105,1.00,4.10
2010.01.26 07:20:53.768,1.47085,1.47105,1.00,8.10
2010.01.26 07:20:57.727,1.47085,1.47095,1.00,1.00
2010.01.26 07:20:58.067,1.4708,1.47095,6.40,1.60
2010.01.26 07:20:58.417,1.4708,1.47105,8.10,8.50
2010.01.26 07:20:58.807,1.4708,1.47105,8.10,4.40
2010.01.26 07:20:59.147,1.4708,1.47105,8.10,8.10
2010.01.26 07:20:59.767,1.4708,1.47105,8.10,4.10
2010.01.26 07:21:00.117,1.47085,1.47105,2.40,1.60
2010.01.26 07:21:00.527,1.47085,1.47105,5.60,1.60
2010.01.26 07:21:01.107,1.47085,1.4711,5.60,4.10
2010.01.26 07:21:02.996,1.47085,1.4711,5.70,2.40
2010.01.26 07:21:03.696,1.471,1.4711,1.00,2.40
2010.01.26 07:21:04.036,1.47105,1.4712,6.40,1.00
2010.01.26 07:21:04.386,1.471,1.47125,4.00,1.70
2010.01.26 07:21:04.726,1.47105,1.47125,4.00,1.00
2010.01.26 07:21:10.005,1.47105,1.47125,1.00,2.50
2010.01.26 07:21:11.634,1.47105,1.47125,1.00,6.50
2010.01.26 07:21:13.744,1.47105,1.47125,1.00,8.10
2010.01.26 07:21:17.183,1.47105,1.47125,1.00,4.10
2010.01.26 07:21:19.023,1.47105,1.47125,4.00,1.60
2010.01.26 07:21:19.302,1.47105,1.4713,5.60,1.70
2010.01.26 07:21:19.542,1.4711,1.47135,1.00,16.20
2010.01.26 07:21:22.682,1.4711,1.4713,1.00,1.60
2010.01.26 07:21:22.861,1.4711,1.47135,1.00,16.90
2010.01.26 07:21:22.921,1.4711,1.47135,4.00,13.70
2010.01.26 07:21:22.982,1.47105,1.47135,4.90,12.10
2010.01.26 07:21:23.092,1.47105,1.47135,4.90,16.10
2010.01.26 07:21:23.441,1.4711,1.4713,1.00,1.60
2010.01.26 07:21:23.791,1.4711,1.47135,4.10,5.60
2010.01.26 07:21:24.142,1.47115,1.47135,1.00,1.60
2010.01.26 07:21:24.311,1.47115,1.47135,2.50,1.60
2010.01.26 07:21:24.481,1.47115,1.4714,1.00,8.90
2010.01.26 07:21:24.651,1.4711,1.47135,12.10,1.00
2010.01.26 07:21:24.821,1.4711,1.47135,4.10,1.00
2010.01.26 07:21:25.231,1.4711,1.47135,8.10,1.00
2010.01.26 07:21:25.931,1.4711,1.47135,4.00,1.70
2010.01.26 07:21:26.651,1.4711,1.47135,4.10,1.70
2010.01.26 07:21:26.991,1.4711,1.47135,8.10,1.00
2010.01.26 07:21:27.330,1.4711,1.47135,8.00,1.00
2010.01.26 07:21:27.610,1.4711,1.47135,8.10,1.00
2010.01.26 07:21:27.900,1.4711,1.4714,6.50,12.10
2010.01.26 07:21:28.190,1.4711,1.4714,8.10,12.10
2010.01.26 07:21:30.620,1.4711,1.47135,8.10,1.60
2010.01.26 07:21:30.670,1.4711,1.47135,8.10,1.70
2010.01.26 07:21:31.020,1.4711,1.4714,6.50,10.50
2010.01.26 07:21:31.410,1.47115,1.4714,4.00,4.10
2010.01.26 07:21:31.709,1.47115,1.4714,4.00,8.10
2010.01.26 07:21:32.069,1.47115,1.4714,5.60,4.10
2010.01.26 07:21:33.559,1.47115,1.4714,5.70,2.50
2010.01.26 07:21:36.148,1.47115,1.4714,5.70,2.40
2010.01.26 07:21:36.448,1.47115,1.4714,9.70,2.40
2010.01.26 07:21:37.148,1.4712,1.47145,4.10,6.30
2010.01.26 07:21:37.368,1.4712,1.4714,1.00,1.70
2010.01.26 07:21:37.548,1.4712,1.47145,1.00,1.00
2010.01.26 07:21:37.888,1.4712,1.47145,1.00,1.00
2010.01.26 07:21:38.128,1.4712,1.47145,1.00,1.00
2010.01.26 07:21:38.847,1.4712,1.47145,1.00,2.50
2010.01.26 07:21:40.197,1.47125,1.47145,1.00,1.00
2010.01.26 07:21:40.427,1.47125,1.4715,1.00,4.90
2010.01.26 07:21:41.117,1.47125,1.4715,1.00,8.10
2010.01.26 07:21:42.387,1.47125,1.4715,1.00,4.90
2010.01.26 07:21:42.717,1.47125,1.47145,1.00,1.60
2010.01.26 07:21:43.007,1.47125,1.47145,4.10,1.60
2010.01.26 07:21:43.417,1.47125,1.4715,4.10,2.40
2010.01.26 07:21:43.647,1.4713,1.47155,1.00,9.50
2010.01.26 07:21:44.236,1.4713,1.47155,1.00,1.00
2010.01.26 07:21:44.686,1.4713,1.4716,8.10,12.10
2010.01.26 07:21:45.366,1.4713,1.4716,4.10,12.10
2010.01.26 07:21:46.066,1.4713,1.47155,1.00,1.00
2010.01.26 07:21:46.416,1.4713,1.47155,1.00,5.70
2010.01.26 07:21:46.756,1.4713,1.47155,4.10,6.50
2010.01.26 07:21:47.096,1.4713,1.47155,1.00,2.50
2010.01.26 07:21:47.925,1.4713,1.47155,1.00,2.40
2010.01.26 07:21:48.275,1.47125,1.4715,10.10,1.00
2010.01.26 07:21:48.625,1.47125,1.4715,10.10,2.30
2010.01.26 07:21:49.315,1.47125,1.4715,6.10,2.50
2010.01.26 07:21:50.545,1.4713,1.4715,1.00,1.60
2010.01.26 07:21:50.785,1.4713,1.47155,1.00,2.50
2010.01.26 07:21:54.914,1.47125,1.4715,15.70,1.60
2010.01.26 07:21:55.604,1.47125,1.4715,11.60,1.70
2010.01.26 07:21:56.004,1.47125,1.4715,9.20,1.70
2010.01.26 07:21:56.344,1.4713,1.47155,1.00,13.50
2010.01.26 07:21:56.673,1.4713,1.47155,1.00,2.30
2010.01.26 07:21:58.743,1.4713,1.47155,4.90,2.30
2010.01.26 07:21:59.723,1.4713,1.47155,8.10,1.60
2010.01.26 07:22:00.063,1.4713,1.4716,8.10,12.10
2010.01.26 07:22:00.233,1.4713,1.47155,8.10,1.60
2010.01.26 07:22:00.932,1.4713,1.47155,4.90,2.30
2010.01.26 07:22:03.702,1.4713,1.47155,1.00,2.30
2010.01.26 07:22:04.351,1.4713,1.47155,1.00,2.50
2010.01.26 07:22:07.001,1.47125,1.4715,11.70,1.60
2010.01.26 07:22:07.351,1.47125,1.4715,8.50,1.60
2010.01.26 07:22:07.521,1.47125,1.4715,8.40,2.50
2010.01.26 07:22:07.701,1.47125,1.4715,5.20,2.50
2010.01.26 07:22:08.141,1.47125,1.47145,5.20,1.60
2010.01.26 07:22:08.310,1.47125,1.47145,5.20,1.70
2010.01.26 07:22:09.000,1.47125,1.47145,5.20,2.50
2010.01.26 07:22:09.640,1.4712,1.47145,2.50,2.50
2010.01.26 07:22:09.750,1.47115,1.4714,12.00,1.70
2010.01.26 07:22:09.870,1.47115,1.4714,8.10,1.60
2010.01.26 07:22:10.400,1.47115,1.4714,8.00,1.70
2010.01.26 07:22:10.620,1.47115,1.4714,8.10,1.60
2010.01.26 07:22:10.800,1.47115,1.4714,8.00,1.70
2010.01.26 07:22:10.980,1.47115,1.4714,8.10,1.60
2010.01.26 07:22:11.380,1.4712,1.4714,1.00,1.60
2010.01.26 07:22:17.458,1.4712,1.47145,1.00,1.00
2010.01.26 07:22:17.628,1.47125,1.47145,2.50,1.00
2010.01.26 07:22:17.908,1.47125,1.4715,2.50,12.10
2010.01.26 07:22:18.428,1.47125,1.4715,2.50,8.10
2010.01.26 07:22:20.757,1.4712,1.4715,12.10,8.00
2010.01.26 07:22:20.868,1.4712,1.4715,12.10,8.10
2010.01.26 07:22:21.188,1.4712,1.4715,8.10,8.10
2010.01.26 07:22:21.547,1.4712,1.47145,8.10,1.60
2010.01.26 07:22:22.187,1.4712,1.47145,4.10,5.50
2010.01.26 07:22:23.157,1.4712,1.4714,4.10,1.60
2010.01.26 07:22:23.267,1.4712,1.4714,4.00,1.60
2010.01.26 07:22:24.117,1.4712,1.4714,8.00,1.60
2010.01.26 07:22:24.477,1.4712,1.47145,8.00,5.70
2010.01.26 07:22:24.816,1.4712,1.47145,4.00,5.70
2010.01.26 07:22:25.326,1.4712,1.4714,4.00,1.00
2010.01.26 07:22:25.506,1.4712,1.47145,4.00,5.70
2010.01.26 07:22:26.196,1.4712,1.4714,12.00,1.60
2010.01.26 07:22:27.986,1.4712,1.47145,12.00,1.70
2010.01.26 07:22:31.175,1.4712,1.47145,8.00,1.70
2010.01.26 07:22:31.505,1.4712,1.47145,4.00,5.70
2010.01.26 07:22:33.514,1.47115,1.4714,16.10,1.60
2010.01.26 07:22:35.304,1.47115,1.4714,16.00,1.70
2010.01.26 07:22:35.414,1.47115,1.4714,16.10,1.60
2010.01.26 07:22:35.904,1.4712,1.4714,1.00,1.60
2010.01.26 07:22:40.573,1.4713,1.47145,4.00,1.60
2010.01.26 07:22:40.693,1.4713,1.47145,3.20,1.60
2010.01.26 07:22:40.793,1.4713,1.4715,4.00,1.60
2010.01.26 07:22:41.132,1.4713,1.4715,8.00,1.60
2010.01.26 07:22:43.792,1.4713,1.4715,4.00,1.60
2010.01.26 07:22:44.142,1.4713,1.4715,1.00,1.60
2010.01.26 07:22:44.492,1.47125,1.4715,17.30,1.60
2010.01.26 07:22:44.712,1.47125,1.4715,13.30,1.60
2010.01.26 07:22:44.892,1.47125,1.4715,9.30,1.60
2010.01.26 07:22:46.451,1.47125,1.4715,13.30,1.70
2010.01.26 07:22:46.801,1.47135,1.47155,1.00,1.70
2010.01.26 07:22:47.141,1.4713,1.4715,8.10,1.60
2010.01.26 07:22:47.491,1.4713,1.4715,4.10,1.60
2010.01.26 07:22:47.881,1.4713,1.4715,8.10,1.60
2010.01.26 07:22:48.221,1.4713,1.47155,8.10,1.60
2010.01.26 07:22:48.671,1.47135,1.4716,3.20,4.10
2010.01.26 07:22:48.971,1.47135,1.47155,1.00,1.60
2010.01.26 07:22:49.601,1.47135,1.47155,3.20,1.60
2010.01.26 07:22:49.891,1.4714,1.4716,1.00,1.60
2010.01.26 07:22:50.451,1.47135,1.4716,19.70,1.60
2010.01.26 07:22:50.680,1.4714,1.4716,1.00,1.60
2010.01.26 07:22:50.910,1.47135,1.4716,19.70,1.60
2010.01.26 07:22:51.260,1.47135,1.4716,17.30,1.60
2010.01.26 07:22:59.988,1.47145,1.4717,8.90,4.90
2010.01.26 07:23:00.228,1.47145,1.4717,10.50,4.10
2010.01.26 07:23:00.508,1.47145,1.4717,12.10,4.10
2010.01.26 07:23:00.788,1.47145,1.47165,12.00,1.60
2010.01.26 07:23:01.058,1.47145,1.47165,4.00,1.60
2010.01.26 07:23:02.937,1.4714,1.47165,16.10,1.60
2010.01.26 07:23:03.108,1.4714,1.47165,12.10,1.60
2010.01.26 07:23:03.338,1.4714,1.47165,8.10,1.60
2010.01.26 07:23:04.037,1.4714,1.47165,12.10,1.60
2010.01.26 07:23:05.197,1.47145,1.47165,4.00,1.60
2010.01.26 07:23:05.317,1.47145,1.4715,5.60,2.40
2010.01.26 07:23:05.477,1.47135,1.4715,1.60,2.40
2010.01.26 07:23:05.597,1.47135,1.4715,1.70,2.40
2010.01.26 07:23:05.707,1.47135,1.47155,4.90,5.60
2010.01.26 07:23:05.827,1.47135,1.47155,8.10,5.60
2010.01.26 07:23:05.947,1.47135,1.4715,1.60,2.40
2010.01.26 07:23:06.247,1.47135,1.47155,8.00,4.00
2010.01.26 07:23:06.367,1.47135,1.47155,8.00,5.60
2010.01.26 07:23:06.696,1.47135,1.47155,8.10,5.60
2010.01.26 07:23:07.036,1.47135,1.4715,1.60,2.40
2010.01.26 07:23:12.135,1.47135,1.47155,8.10,4.00
2010.01.26 07:23:13.065,1.47135,1.4715,6.40,2.40
2010.01.26 07:23:13.405,1.47135,1.4715,1.60,2.40
2010.01.26 07:23:15.164,1.4713,1.4715,8.00,2.40
2010.01.26 07:23:17.234,1.4713,1.4715,5.60,2.40
2010.01.26 07:23:17.524,1.47125,1.4715,9.60,4.90
2010.01.26 07:23:17.804,1.47125,1.4715,1.70,4.90
2010.01.26 07:23:18.084,1.47125,1.4715,1.60,5.70
2010.01.26 07:23:18.424,1.47125,1.4715,9.60,4.90
2010.01.26 07:23:20.723,1.47125,1.4715,6.40,4.90
2010.01.26 07:23:20.963,1.47125,1.4715,6.40,5.70
2010.01.26 07:23:24.552,1.47135,1.4715,2.40,1.00
2010.01.26 07:23:24.782,1.47135,1.4715,4.00,1.00
2010.01.26 07:23:27.971,1.47135,1.47155,4.00,5.90
2010.01.26 07:23:30.551,1.47135,1.47155,4.00,8.00
2010.01.26 07:23:30.671,1.47135,1.47155,4.00,8.70
2010.01.26 07:23:31.080,1.47135,1.4715,4.00,1.00
2010.01.26 07:23:31.540,1.47135,1.4715,4.00,1.00
2010.01.26 07:23:31.660,1.4714,1.47155,4.00,1.00
2010.01.26 07:23:32.010,1.47145,1.47155,1.60,1.00
2010.01.26 07:23:32.360,1.4714,1.47155,1.00,1.00
2010.01.26 07:23:32.700,1.47135,1.47155,1.60,3.90
2010.01.26 07:23:34.840,1.47135,1.47155,6.80,3.90
2010.01.26 07:23:34.950,1.4714,1.47155,1.60,3.90
2010.01.26 07:23:35.069,1.4714,1.4716,4.00,6.30
2010.01.26 07:23:35.230,1.47145,1.4716,5.20,3.90
2010.01.26 07:23:35.340,1.4714,1.47165,4.90,11.10
2010.01.26 07:23:35.459,1.47135,1.47165,23.80,7.90
2010.01.26 07:23:35.629,1.4714,1.47165,4.90,5.50
2010.01.26 07:23:40.009,1.4714,1.47165,8.90,5.50
2010.01.26 07:23:41.178,1.47145,1.47165,1.60,3.90
2010.01.26 07:23:41.408,1.47145,1.47165,1.60,1.00
2010.01.26 07:23:42.458,1.4715,1.47165,2.40,1.00
2010.01.26 07:23:42.788,1.4715,1.47165,2.50,1.00
2010.01.26 07:23:43.418,1.4715,1.47165,2.40,1.00
2010.01.26 07:23:45.337,1.4715,1.47165,2.50,1.00
2010.01.26 07:23:45.397,1.4715,1.47165,2.40,1.00
2010.01.26 07:23:45.967,1.4715,1.47165,2.50,1.00
2010.01.26 07:23:46.077,1.4715,1.47165,3.10,1.00
2010.01.26 07:23:46.197,1.47155,1.47165,2.40,1.00
2010.01.26 07:23:46.427,1.4715,1.47165,3.10,1.00
2010.01.26 07:23:46.787,1.4715,1.4717,2.50,7.10
2010.01.26 07:23:51.056,1.4715,1.4717,6.50,7.10
2010.01.26 07:23:51.166,1.4715,1.4717,6.50,3.90
2010.01.26 07:23:53.005,1.4715,1.4717,2.50,3.90
2010.01.26 07:23:53.235,1.4715,1.4717,6.50,3.90
2010.01.26 07:23:53.925,1.4715,1.4717,6.40,5.50
2010.01.26 07:23:54.275,1.4715,1.4717,2.40,5.50
2010.01.26 07:23:54.615,1.4715,1.4717,2.40,8.70
2010.01.26 07:23:58.494,1.4715,1.47165,2.40,1.00
2010.01.26 07:23:58.774,1.4715,1.4717,2.40,8.70
2010.01.26 07:23:59.344,1.47145,1.47165,9.70,1.00
2010.01.26 07:23:59.624,1.47145,1.47165,1.70,1.00
2010.01.26 07:24:01.703,1.47145,1.4717,1.60,8.80
2010.01.26 07:24:01.993,1.4714,1.47165,12.90,5.70
2010.01.26 07:24:02.273,1.4714,1.47165,4.90,5.50
2010.01.26 07:24:02.903,1.47145,1.47165,1.60,5.50
2010.01.26 07:24:04.583,1.47145,1.4717,1.70,12.70
2010.01.26 07:24:04.812,1.4715,1.4717,2.50,12.70
2010.01.26 07:24:05.102,1.4715,1.4717,2.50,7.10
2010.01.26 07:24:05.332,1.4715,1.4717,2.50,8.70
2010.01.26 07:24:06.912,1.4715,1.4717,6.50,7.10
2010.01.26 07:24:07.952,1.47155,1.4717,2.50,7.10
2010.01.26 07:24:08.062,1.47155,1.4717,2.50,3.90
2010.01.26 07:24:08.531,1.4715,1.4717,6.50,3.90
2010.01.26 07:24:10.941,1.47155,1.4717,2.40,3.90
2010.01.26 07:24:11.061,1.47155,1.4717,2.50,3.90
2010.01.26 07:24:11.281,1.47155,1.4717,2.50,5.60
2010.01.26 07:24:11.401,1.4715,1.4717,10.50,7.10
2010.01.26 07:24:11.511,1.4715,1.47165,10.50,1.00
2010.01.26 07:24:11.621,1.4715,1.47165,2.50,1.00
2010.01.26 07:24:11.681,1.4715,1.47165,2.50,1.50
2010.01.26 07:24:11.791,1.4715,1.47165,2.50,1.00
2010.01.26 07:24:11.911,1.4715,1.4717,2.50,7.50
2010.01.26 07:24:12.301,1.4715,1.47165,2.50,1.00
2010.01.26 07:24:12.651,1.4715,1.47165,1.00,1.00
2010.01.26 07:24:13.001,1.47145,1.47165,5.70,1.00
2010.01.26 07:24:13.341,1.47145,1.47165,1.70,1.00
2010.01.26 07:24:15.210,1.47145,1.4717,1.70,8.70
2010.01.26 07:24:16.240,1.47145,1.4716,1.70,1.00
2010.01.26 07:24:16.360,1.47145,1.47155,1.60,2.40
2010.01.26 07:24:16.660,1.4714,1.4715,1.60,1.00
2010.01.26 07:24:16.999,1.47135,1.47155,10.50,4.80
2010.01.26 07:24:17.349,1.4713,1.47155,16.80,4.80
2010.01.26 07:24:19.929,1.47135,1.47155,12.30,4.80
2010.01.26 07:24:20.099,1.4714,1.4715,1.00,2.40
2010.01.26 07:24:20.259,1.47135,1.4715,5.60,2.40
2010.01.26 07:24:20.489,1.47135,1.4715,1.60,2.40
2010.01.26 07:24:20.649,1.4714,1.4715,2.40,1.00
2010.01.26 07:24:20.818,1.4713,1.4715,2.40,3.30
2010.01.26 07:24:24.378,1.47125,1.47145,5.60,1.00
2010.01.26 07:24:24.738,1.4713,1.4715,1.60,7.30
2010.01.26 07:24:25.258,1.4713,1.4715,1.60,3.30
2010.01.26 07:24:29.656,1.47125,1.47145,2.40,1.00
2010.01.26 07:24:33.106,1.47125,1.47145,1.60,4.90
2010.01.26 07:24:33.386,1.47125,1.47145,1.60,4.70
2010.01.26 07:24:33.685,1.47125,1.47145,1.60,1.00
2010.01.26 07:24:33.966,1.47125,1.4715,1.60,12.90
2010.01.26 07:24:35.285,1.47125,1.4715,1.60,9.70
2010.01.26 07:24:35.335,1.47125,1.4715,2.40,9.70
2010.01.26 07:24:35.395,1.47125,1.4715,1.60,9.70
2010.01.26 07:24:35.575,1.47125,1.4715,1.60,5.70
2010.01.26 07:24:36.025,1.47125,1.4715,1.60,9.70
2010.01.26 07:24:36.415,1.4713,1.4715,1.60,3.30
2010.01.26 07:24:37.105,1.4713,1.4715,1.60,4.10
2010.01.26 07:24:38.304,1.47125,1.4715,1.60,12.90
2010.01.26 07:24:39.574,1.47125,1.47145,1.60,1.00
2010.01.26 07:24:40.254,1.4712,1.4714,4.80,2.40
2010.01.26 07:24:40.484,1.47115,1.4714,10.40,5.70
2010.01.26 07:24:40.834,1.4712,1.4714,1.60,5.70
2010.01.26 07:24:41.174,1.4712,1.4714,1.60,4.90
2010.01.26 07:24:41.854,1.4712,1.4714,1.60,3.30
2010.01.26 07:24:44.003,1.4712,1.4714,1.60,3.20
2010.01.26 07:24:44.353,1.4712,1.4714,1.60,4.10
2010.01.26 07:24:45.133,1.47125,1.4714,1.60,4.10
2010.01.26 07:24:45.243,1.4712,1.4714,1.60,4.10
2010.01.26 07:24:46.392,1.47115,1.47125,1.00,1.00
2010.01.26 07:24:46.682,1.4711,1.4712,1.00,1.00
2010.01.26 07:24:47.022,1.47105,1.4712,1.60,1.00
2010.01.26 07:24:47.692,1.471,1.47115,4.00,1.00
2010.01.26 07:24:48.032,1.47095,1.47105,2.40,2.40
2010.01.26 07:24:48.392,1.47095,1.4712,5.70,9.50
2010.01.26 07:24:48.782,1.47095,1.4712,1.60,5.70
2010.01.26 07:24:49.112,1.47095,1.4712,2.40,5.70
2010.01.26 07:24:49.462,1.471,1.4712,1.60,3.30
2010.01.26 07:24:50.702,1.47105,1.4712,1.00,2.40
2010.01.26 07:24:50.761,1.4711,1.4712,1.00,2.40
2010.01.26 07:24:51.042,1.4711,1.4713,6.50,1.00
2010.01.26 07:24:51.271,1.47115,1.47135,2.40,1.00
2010.01.26 07:24:51.551,1.47115,1.4713,2.40,2.50
2010.01.26 07:24:51.791,1.4712,1.4714,1.60,7.30
2010.01.26 07:24:52.081,1.4712,1.4714,4.80,2.50
2010.01.26 07:24:52.371,1.4712,1.4714,5.60,2.50
2010.01.26 07:24:53.291,1.4713,1.4714,1.00,2.40
2010.01.26 07:24:53.521,1.4713,1.47145,4.10,4.70
2010.01.26 07:24:53.751,1.4713,1.4715,4.90,3.20
2010.01.26 07:24:54.930,1.4713,1.4715,2.40,4.90
2010.01.26 07:24:55.290,1.47125,1.47145,2.40,1.00
2010.01.26 07:24:56.210,1.47125,1.4714,2.40,1.00
2010.01.26 07:24:56.510,1.4712,1.4714,2.40,2.50
2010.01.26 07:24:56.870,1.47125,1.47145,2.50,7.90
2010.01.26 07:24:57.210,1.4713,1.4714,1.70,2.40
2010.01.26 07:24:57.570,1.4713,1.4715,12.10,3.20
2010.01.26 07:24:57.730,1.4713,1.4715,12.10,2.40
2010.01.26 07:24:58.090,1.4713,1.4715,8.10,2.40
2010.01.26 07:24:59.309,1.47145,1.4715,1.00,1.00
2010.01.26 07:24:59.599,1.4716,1.47165,1.00,1.00
2010.01.26 07:24:59.879,1.4715,1.4716,10.90,1.00
2010.01.26 07:25:00.119,1.47155,1.47175,2.50,1.00
2010.01.26 07:25:00.399,1.47155,1.4718,14.30,4.50
2010.01.26 07:25:00.759,1.47155,1.4717,1.00,2.40
2010.01.26 07:25:01.109,1.47155,1.4717,1.00,2.50
2010.01.26 07:25:01.449,1.4715,1.4717,14.40,4.00
2010.01.26 07:25:01.799,1.47155,1.47175,1.00,1.60
2010.01.26 07:25:02.479,1.47145,1.4717,1.60,7.30
2010.01.26 07:25:02.778,1.47145,1.4716,1.60,1.00
2010.01.26 07:25:03.049,1.47145,1.4716,1.60,2.50
2010.01.26 07:25:04.608,1.4715,1.47165,2.40,10.30
2010.01.26 07:25:04.728,1.47145,1.4716,4.00,1.00
2010.01.26 07:25:04.968,1.4714,1.4716,5.60,1.00
2010.01.26 07:25:05.088,1.4714,1.4716,1.60,1.00
2010.01.26 07:25:05.588,1.4714,1.4716,1.60,1.40
2010.01.26 07:25:05.948,1.4714,1.4716,1.60,1.00
2010.01.26 07:25:06.987,1.4714,1.47165,1.60,12.20
2010.01.26 07:25:07.677,1.47135,1.4716,1.60,8.10
2010.01.26 07:25:07.787,1.47135,1.4716,1.60,12.10
2010.01.26 07:25:07.957,1.4714,1.4716,1.60,12.10
2010.01.26 07:25:09.427,1.4714,1.4716,1.60,8.10
2010.01.26 07:25:09.777,1.4714,1.4716,1.60,4.90
2010.01.26 07:25:09.837,1.4714,1.4716,1.60,1.00
2010.01.26 07:25:09.897,1.4714,1.47165,1.60,8.10
2010.01.26 07:25:10.467,1.4714,1.47165,1.60,12.10
2010.01.26 07:25:11.096,1.4714,1.47165,1.60,8.10
2010.01.26 07:25:11.436,1.4714,1.47155,1.60,1.00
2010.01.26 07:25:11.796,1.47135,1.4715,1.60,2.40
2010.01.26 07:25:12.016,1.47135,1.4715,1.60,3.20
2010.01.26 07:25:12.256,1.4713,1.4715,1.70,3.20
2010.01.26 07:25:12.676,1.4713,1.4715,4.00,3.30
2010.01.26 07:25:12.916,1.4713,1.4715,1.60,5.70
2010.01.26 07:25:13.946,1.4713,1.4715,4.10,5.50
2010.01.26 07:25:14.346,1.4713,1.4715,4.00,5.70
2010.01.26 07:25:14.645,1.47125,1.4715,1.60,12.90
2010.01.26 07:25:16.725,1.47125,1.47145,1.60,1.00
2010.01.26 07:25:16.945,1.47125,1.47145,1.60,1.00
2010.01.26 07:25:17.225,1.47125,1.4714,1.60,2.50
2010.01.26 07:25:19.065,1.4712,1.4714,4.80,2.50
2010.01.26 07:25:21.314,1.4712,1.47135,3.20,1.00
2010.01.26 07:25:21.494,1.4712,1.47135,1.00,2.50
2010.01.26 07:25:21.604,1.47115,1.4713,2.00,2.40
2010.01.26 07:25:21.774,1.47115,1.4713,1.60,2.50
2010.01.26 07:25:22.814,1.47105,1.4712,2.40,1.00
2010.01.26 07:25:23.214,1.47105,1.47125,2.40,1.00
2010.01.26 07:25:23.563,1.47105,1.47125,10.80,1.00
2010.01.26 07:25:23.903,1.4711,1.47125,2.40,1.00
2010.01.26 07:25:24.933,1.471,1.47125,3.70,9.40
2010.01.26 07:25:25.113,1.47095,1.4712,1.60,9.70
2010.01.26 07:25:25.763,1.47095,1.4712,1.60,5.70
2010.01.26 07:25:25.933,1.47095,1.4712,4.10,5.70
2010.01.26 07:25:26.053,1.47095,1.4712,8.10,4.90
2010.01.26 07:25:26.223,1.47095,1.4712,8.10,4.80
2010.01.26 07:25:26.633,1.47105,1.4712,1.00,3.20
2010.01.26 07:25:26.813,1.47105,1.4712,1.00,3.30
2010.01.26 07:25:26.983,1.471,1.4712,1.60,3.30
2010.01.26 07:25:28.342,1.47095,1.47115,5.60,1.00
2010.01.26 07:25:28.673,1.47095,1.47115,2.40,1.00
2010.01.26 07:25:29.072,1.47095,1.47115,1.60,1.00
2010.01.26 07:25:29.352,1.4709,1.4712,9.00,12.90
2010.01.26 07:25:29.712,1.47095,1.4712,1.70,12.10
2010.01.26 07:25:30.062,1.471,1.4712,1.60,12.10
2010.01.26 07:25:30.242,1.471,1.4712,1.60,7.30
2010.01.26 07:25:30.472,1.471,1.4712,1.60,8.90
2010.01.26 07:25:30.822,1.471,1.4712,1.60,8.10
2010.01.26 07:25:31.282,1.471,1.4712,1.60,4.10
2010.01.26 07:25:31.561,1.47105,1.4712,2.40,1.00
2010.01.26 07:25:31.802,1.471,1.4712,1.60,4.90
2010.01.26 07:25:32.511,1.471,1.4712,1.60,1.00
2010.01.26 07:25:33.851,1.47105,1.47115,2.40,1.00
2010.01.26 07:25:34.201,1.47095,1.47115,9.20,3.30
2010.01.26 07:25:34.541,1.471,1.47125,1.60,7.30
2010.01.26 07:25:34.891,1.471,1.47125,1.60,11.30
2010.01.26 07:25:35.061,1.471,1.4711,1.60,1.00
2010.01.26 07:25:35.691,1.471,1.4712,1.60,2.50
2010.01.26 07:25:36.041,1.47095,1.4711,7.60,1.00
2010.01.26 07:25:36.440,1.47095,1.4711,6.00,1.00
2010.01.26 07:25:36.731,1.47095,1.47115,9.20,11.30
2010.01.26 07:25:37.020,1.47095,1.47115,9.20,7.30
2010.01.26 07:25:37.310,1.47095,1.47115,7.60,7.30
2010.01.26 07:25:37.610,1.47095,1.47115,7.60,3.30
2010.01.26 07:25:40.100,1.47095,1.47115,7.60,7.30
2010.01.26 07:25:41.389,1.47095,1.47115,7.60,6.50
2010.01.26 07:25:41.679,1.47095,1.47115,7.60,2.50
2010.01.26 07:25:41.979,1.47105,1.4712,2.40,4.80
2010.01.26 07:25:42.369,1.47095,1.4712,10.80,4.10
2010.01.26 07:25:46.098,1.47095,1.47115,7.60,1.00
2010.01.26 07:25:46.449,1.47095,1.47115,6.80,1.00
2010.01.26 07:25:46.958,1.47095,1.4712,6.80,8.10
2010.01.26 07:25:47.598,1.47095,1.47115,6.80,1.00
2010.01.26 07:25:47.888,1.47095,1.47115,5.20,2.50
2010.01.26 07:25:48.177,1.4709,1.47115,8.80,2.50
2010.01.26 07:25:48.527,1.47095,1.47115,1.60,1.00
2010.01.26 07:25:48.877,1.4709,1.47115,8.00,1.00
2010.01.26 07:25:49.217,1.47095,1.47115,1.60,1.00
2010.01.26 07:25:49.557,1.47095,1.4712,10.10,2.50
2010.01.26 07:25:49.847,1.47095,1.4712,10.10,1.00
2010.01.26 07:25:50.197,1.47095,1.4712,13.30,1.00
2010.01.26 07:25:50.757,1.47095,1.4712,13.30,1.00
2010.01.26 07:25:50.927,1.471,1.4712,8.30,1.00
2010.01.26 07:25:51.107,1.4711,1.47125,4.80,4.80
2010.01.26 07:25:51.277,1.4711,1.4713,1.70,1.60
2010.01.26 07:25:51.637,1.47115,1.4714,2.40,16.10
2010.01.26 07:25:51.977,1.47115,1.4714,2.40,12.10
2010.01.26 07:25:53.086,1.47115,1.47135,2.40,1.00
2010.01.26 07:25:53.197,1.47115,1.47135,1.00,1.00
2010.01.26 07:25:54.356,1.47115,1.47125,1.60,2.40
2010.01.26 07:25:54.896,1.47115,1.47135,1.60,1.00
2010.01.26 07:25:56.356,1.47115,1.47125,1.60,2.40
2010.01.26 07:25:56.595,1.47115,1.47135,1.60,4.10
2010.01.26 07:25:56.825,1.47115,1.47135,1.60,4.10
2010.01.26 07:25:57.055,1.47115,1.47135,1.60,4.00
2010.01.26 07:25:57.345,1.47115,1.4714,1.60,13.90
2010.01.26 07:25:57.695,1.47115,1.47125,2.50,2.40
2010.01.26 07:25:58.025,1.47115,1.4714,7.70,10.30
2010.01.26 07:25:58.315,1.47115,1.47135,5.20,1.70
2010.01.26 07:25:58.545,1.47115,1.47135,6.00,1.70
2010.01.26 07:25:59.105,1.47115,1.47135,6.00,2.50
2010.01.26 07:25:59.745,1.47115,1.47135,6.00,5.70
2010.01.26 07:26:00.095,1.4711,1.47125,2.40,1.00
2010.01.26 07:26:00.334,1.47105,1.4712,1.00,1.00
2010.01.26 07:26:00.554,1.471,1.4712,1.00,4.10
2010.01.26 07:26:00.795,1.47095,1.47115,1.60,1.00
2010.01.26 07:26:03.744,1.47095,1.47115,2.40,2.50
2010.01.26 07:26:04.084,1.47095,1.47115,1.60,1.00
2010.01.26 07:26:05.463,1.47095,1.47115,4.00,1.00
2010.01.26 07:26:05.803,1.471,1.4712,1.60,5.70
2010.01.26 07:26:06.153,1.47095,1.4712,9.30,4.10
2010.01.26 07:26:07.293,1.47095,1.47115,9.20,2.50
2010.01.26 07:26:07.633,1.47095,1.47115,13.20,2.50
2010.01.26 07:26:07.973,1.47095,1.47115,9.20,2.50
2010.01.26 07:26:08.213,1.471,1.47115,1.70,2.40
2010.01.26 07:26:08.493,1.471,1.4712,2.40,7.30
2010.01.26 07:26:08.712,1.47095,1.47115,6.80,1.00
2010.01.26 07:26:08.943,1.47095,1.47115,6.80,4.70
2010.01.26 07:26:09.292,1.47095,1.47115,6.80,1.00
2010.01.26 07:26:11.332,1.47095,1.4712,6.90,12.10
2010.01.26 07:26:11.672,1.47095,1.4712,10.90,8.70
2010.01.26 07:26:12.022,1.471,1.47125,1.60,8.90
2010.01.26 07:26:12.362,1.471,1.47125,2.40,4.90
2010.01.26 07:26:13.101,1.471,1.4712,1.00,1.00
2010.01.26 07:26:13.441,1.471,1.4712,1.60,4.10
2010.01.26 07:26:13.782,1.471,1.4712,1.60,1.00
2010.01.26 07:26:15.471,1.471,1.4712,1.60,4.90
2010.01.26 07:26:15.881,1.471,1.4712,2.40,4.10
2010.01.26 07:26:16.121,1.471,1.47125,2.40,8.90
2010.01.26 07:26:16.241,1.471,1.47125,2.40,4.90
2010.01.26 07:26:16.581,1.471,1.47125,5.70,8.10
2010.01.26 07:26:16.911,1.47105,1.4713,1.60,12.10
2010.01.26 07:26:17.250,1.47105,1.4713,1.60,3.30
2010.01.26 07:26:19.370,1.47105,1.4713,4.10,4.10
2010.01.26 07:26:19.730,1.47105,1.47125,1.60,1.00
2010.01.26 07:26:20.290,1.471,1.4712,1.60,1.00
2010.01.26 07:26:20.880,1.471,1.4712,1.60,1.00
2010.01.26 07:26:22.749,1.471,1.47115,1.60,1.00
2010.01.26 07:26:22.919,1.47095,1.4712,2.40,3.30
2010.01.26 07:26:23.089,1.471,1.4712,1.60,9.70
2010.01.26 07:26:23.459,1.471,1.4712,1.60,6.50
2010.01.26 07:26:23.799,1.471,1.4712,1.60,1.00
2010.01.26 07:26:25.159,1.47095,1.4712,10.80,1.00
2010.01.26 07:26:25.269,1.471,1.47125,1.60,14.60
2010.01.26 07:26:26.708,1.471,1.4712,1.60,4.90
2010.01.26 07:26:26.948,1.47095,1.4712,6.80,1.70
2010.01.26 07:26:27.288,1.471,1.47125,1.60,13.70
2010.01.26 07:26:27.568,1.471,1.47125,1.60,12.10
2010.01.26 07:26:28.198,1.471,1.4712,1.60,8.10
2010.01.26 07:26:28.548,1.471,1.4712,1.60,4.10
2010.01.26 07:26:28.908,1.47095,1.4712,10.90,4.90
2010.01.26 07:26:29.248,1.471,1.47125,1.60,12.10
2010.01.26 07:26:29.938,1.471,1.47125,1.60,8.90
2010.01.26 07:26:30.177,1.471,1.47125,1.60,4.90
2010.01.26 07:26:31.047,1.471,1.47125,1.60,8.90
2010.01.26 07:26:31.747,1.471,1.47125,1.60,8.70
2010.01.26 07:26:31.867,1.471,1.47125,1.70,8.90
2010.01.26 07:26:31.978,1.471,1.47125,1.70,10.50
2010.01.26 07:26:32.317,1.471,1.4712,1.60,1.00
2010.01.26 07:26:33.017,1.47095,1.4712,10.90,1.00
2010.01.26 07:26:33.757,1.471,1.4712,1.60,1.00
2010.01.26 07:26:35.277,1.47095,1.4712,7.70,1.00
2010.01.26 07:26:37.146,1.47095,1.4712,6.10,1.00
2010.01.26 07:26:37.326,1.4709,1.4712,22.20,1.00
2010.01.26 07:26:37.736,1.47095,1.4712,6.90,1.00
2010.01.26 07:26:38.826,1.47095,1.47115,6.80,1.00
2010.01.26 07:26:39.415,1.47095,1.47115,5.20,1.00
2010.01.26 07:26:41.075,1.4709,1.47115,12.00,1.00
2010.01.26 07:26:41.305,1.4709,1.4711,6.40,1.00
2010.01.26 07:26:41.655,1.4709,1.4711,2.40,1.00
2010.01.26 07:26:42.344,1.4709,1.47115,2.50,4.90
2010.01.26 07:26:42.625,1.4709,1.47115,2.50,1.00
2010.01.26 07:26:44.024,1.4709,1.47115,2.50,1.70
2010.01.26 07:26:44.374,1.4709,1.4711,2.40,1.00
2010.01.26 07:26:45.124,1.4709,1.47115,2.50,4.90
2010.01.26 07:26:45.344,1.4709,1.47115,2.50,1.00
2010.01.26 07:26:45.524,1.4709,1.47115,6.50,1.00
2010.01.26 07:26:46.894,1.47095,1.47115,2.40,1.00
2010.01.26 07:26:47.004,1.47095,1.47115,4.00,1.70
2010.01.26 07:26:47.354,1.47095,1.47115,4.10,1.00
2010.01.26 07:26:47.743,1.47095,1.47115,4.90,1.00
2010.01.26 07:26:56.951,1.47095,1.47115,4.80,1.00
2010.01.26 07:26:57.131,1.47095,1.4712,2.40,3.70
2010.01.26 07:26:57.531,1.47095,1.4712,6.40,3.30
2010.01.26 07:26:57.701,1.47095,1.47115,6.40,5.20
2010.01.26 07:26:57.941,1.471,1.4711,2.40,1.60
2010.01.26 07:26:58.161,1.471,1.4712,3.20,1.60
2010.01.26 07:26:58.731,1.471,1.4712,4.00,1.60
2010.01.26 07:26:59.090,1.471,1.4712,4.10,1.60
2010.01.26 07:27:00.090,1.471,1.47115,4.00,1.60
2010.01.26 07:27:00.320,1.471,1.47115,2.40,1.60
2010.01.26 07:27:01.750,1.471,1.47115,3.20,1.60
2010.01.26 07:27:01.990,1.47095,1.4712,16.50,4.90
2010.01.26 07:27:03.279,1.471,1.4712,5.70,4.00
2010.01.26 07:27:03.460,1.471,1.4712,5.70,1.60
2010.01.26 07:27:03.639,1.47105,1.4712,1.00,1.60
2010.01.26 07:27:03.809,1.47105,1.47125,1.00,4.10
2010.01.26 07:27:04.609,1.471,1.4712,5.60,1.60
2010.01.26 07:27:06.169,1.471,1.4712,4.00,1.60
2010.01.26 07:27:06.519,1.471,1.4712,4.00,4.10
2010.01.26 07:27:06.819,1.471,1.4712,3.20,4.90
2010.01.26 07:27:07.039,1.471,1.4712,2.40,4.90
2010.01.26 07:27:07.368,1.471,1.47115,2.40,1.60
2010.01.26 07:27:08.058,1.471,1.4712,2.40,4.70
2010.01.26 07:27:08.698,1.471,1.4712,2.40,4.90
2010.01.26 07:27:09.278,1.47095,1.4711,6.10,2.40
2010.01.26 07:27:09.628,1.471,1.4712,2.40,4.70
2010.01.26 07:27:10.788,1.471,1.4712,2.40,4.90
2010.01.26 07:27:11.877,1.471,1.4712,2.40,4.70
2010.01.26 07:27:13.887,1.471,1.4712,3.30,1.60
2010.01.26 07:27:14.247,1.471,1.4712,4.10,1.60
2010.01.26 07:27:15.976,1.471,1.4712,3.30,1.60
2010.01.26 07:27:17.386,1.471,1.4712,3.20,1.60
2010.01.26 07:27:18.486,1.471,1.4712,3.20,1.70
2010.01.26 07:27:18.776,1.471,1.4712,3.20,4.90
2010.01.26 07:27:19.016,1.47095,1.47115,2.40,4.00
2010.01.26 07:27:19.375,1.47095,1.47115,4.00,4.00
2010.01.26 07:27:21.595,1.4709,1.47115,14.90,2.40
2010.01.26 07:27:22.345,1.471,1.47115,2.40,2.40
2010.01.26 07:27:25.474,1.471,1.47115,4.00,2.40
2010.01.26 07:27:26.014,1.471,1.4712,4.00,5.60
2010.01.26 07:27:26.184,1.471,1.4712,4.00,4.90
2010.01.26 07:27:26.644,1.47095,1.47105,1.00,1.00
2010.01.26 07:27:26.984,1.4708,1.471,6.00,2.50
2010.01.26 07:27:27.344,1.4708,1.471,2.40,11.30
2010.01.26 07:27:27.684,1.47085,1.471,2.40,4.80
2010.01.26 07:27:28.033,1.47085,1.47105,2.40,16.70
2010.01.26 07:27:28.374,1.47085,1.47105,2.40,16.10
2010.01.26 07:27:28.773,1.47085,1.47105,2.40,16.90
2010.01.26 07:27:29.123,1.47085,1.47105,2.40,16.10
2010.01.26 07:27:29.664,1.4708,1.471,3.20,2.40
2010.01.26 07:27:29.953,1.47085,1.471,2.40,1.00
2010.01.26 07:27:30.183,1.4708,1.471,5.30,2.40
2010.01.26 07:27:30.413,1.4708,1.471,4.50,4.00
2010.01.26 07:27:30.623,1.47085,1.47105,2.40,16.10
2010.01.26 07:27:30.793,1.47085,1.471,2.40,3.10
2010.01.26 07:27:31.013,1.47085,1.47095,2.40,1.00
2010.01.26 07:27:31.233,1.47085,1.471,2.40,11.10
2010.01.26 07:27:31.413,1.47085,1.471,2.40,8.70
2010.01.26 07:27:31.743,1.4708,1.471,5.30,8.00
2010.01.26 07:27:32.082,1.47085,1.471,2.40,4.00
2010.01.26 07:27:34.692,1.47085,1.471,4.00,4.00
2010.01.26 07:27:34.922,1.47085,1.47105,2.40,9.70
2010.01.26 07:27:35.152,1.47085,1.47105,2.40,12.10
2010.01.26 07:27:35.662,1.47085,1.47105,4.00,12.90
2010.01.26 07:27:36.171,1.47085,1.47095,2.40,1.00
2010.01.26 07:27:36.672,1.4708,1.47095,4.00,1.00
2010.01.26 07:27:37.021,1.4708,1.47095,2.40,2.50
2010.01.26 07:27:38.301,1.47075,1.47095,6.90,2.50
2010.01.26 07:27:38.411,1.4708,1.47095,2.90,1.60
2010.01.26 07:27:38.581,1.47085,1.47095,2.40,1.60
2010.01.26 07:27:39.291,1.47085,1.471,2.40,4.10
2010.01.26 07:27:39.981,1.4708,1.471,2.90,10.30
2010.01.26 07:27:40.081,1.47085,1.471,2.40,10.30
2010.01.26 07:27:40.141,1.47085,1.471,2.40,7.90
2010.01.26 07:27:40.201,1.47085,1.471,2.40,5.50
2010.01.26 07:27:40.661,1.47085,1.471,2.40,2.30
2010.01.26 07:27:40.721,1.47085,1.47105,2.40,8.10
2010.01.26 07:27:41.290,1.47085,1.47105,2.40,12.90
2010.01.26 07:27:41.640,1.47085,1.47105,2.40,8.90
2010.01.26 07:27:41.990,1.47085,1.47105,2.40,12.90
2010.01.26 07:27:42.320,1.47085,1.47105,2.40,8.90
2010.01.26 07:27:42.850,1.47085,1.47105,2.40,4.90
2010.01.26 07:27:44.240,1.47085,1.47105,2.40,8.90
2010.01.26 07:27:44.580,1.4708,1.47105,4.10,8.90
2010.01.26 07:27:44.920,1.4708,1.47105,4.80,12.10
2010.01.26 07:27:45.490,1.4708,1.47105,4.00,12.10
2010.01.26 07:27:45.729,1.4708,1.47105,4.00,8.90
2010.01.26 07:27:46.369,1.4708,1.47095,3.20,2.50
2010.01.26 07:27:46.659,1.47075,1.4709,1.00,2.50
2010.01.26 07:27:48.249,1.47075,1.4709,2.40,2.40
2010.01.26 07:27:48.589,1.47075,1.4709,2.40,2.40
2010.01.26 07:27:48.929,1.47075,1.4709,1.00,2.50
2010.01.26 07:27:49.629,1.47075,1.47095,4.00,8.10
2010.01.26 07:27:49.989,1.47075,1.4709,6.80,2.50
2010.01.26 07:27:51.988,1.47075,1.4709,6.00,2.50
2010.01.26 07:27:52.318,1.47075,1.4709,7.60,2.40
2010.01.26 07:27:53.298,1.47075,1.47095,10.00,2.50
2010.01.26 07:27:54.817,1.47075,1.47095,10.00,6.50
2010.01.26 07:27:57.107,1.47085,1.47095,2.40,4.10
2010.01.26 07:27:57.277,1.47085,1.47095,2.40,4.00
2010.01.26 07:27:57.447,1.47085,1.47095,4.80,4.00
2010.01.26 07:27:57.677,1.47085,1.47105,4.80,4.00
2010.01.26 07:27:58.177,1.4708,1.471,6.50,1.00
2010.01.26 07:27:58.406,1.4708,1.471,5.60,1.00
2010.01.26 07:27:59.746,1.4708,1.471,5.60,1.00
2010.01.26 07:27:59.916,1.4708,1.471,4.00,1.00
2010.01.26 07:28:00.146,1.4708,1.471,1.00,1.00
2010.01.26 07:28:00.826,1.47075,1.471,13.20,1.00
2010.01.26 07:28:01.176,1.47075,1.471,14.00,1.00
2010.01.26 07:28:01.286,1.47075,1.47095,14.00,1.00
2010.01.26 07:28:01.396,1.47075,1.47095,12.40,2.50
2010.01.26 07:28:01.506,1.47075,1.47095,6.40,2.50
2010.01.26 07:28:01.616,1.47075,1.47095,6.40,4.10
2010.01.26 07:28:02.085,1.4708,1.47095,2.40,1.00
2010.01.26 07:28:02.445,1.4708,1.471,2.40,4.90
2010.01.26 07:28:03.135,1.4708,1.471,2.40,8.90
2010.01.26 07:28:03.305,1.4708,1.471,2.40,12.90
2010.01.26 07:28:08.594,1.47085,1.47105,3.20,1.70
2010.01.26 07:28:09.854,1.47085,1.47105,2.40,1.70
2010.01.26 07:28:09.974,1.47085,1.471,2.40,2.50
2010.01.26 07:28:10.084,1.47085,1.47105,2.40,5.60
2010.01.26 07:28:10.204,1.47085,1.47105,2.40,2.40
2010.01.26 07:28:10.314,1.47095,1.47105,2.40,1.60
2010.01.26 07:28:10.673,1.47095,1.4711,2.40,7.90
2010.01.26 07:28:12.663,1.47095,1.4711,2.40,8.10
2010.01.26 07:28:13.773,1.47095,1.4711,2.40,12.10
2010.01.26 07:28:15.162,1.47095,1.4711,2.40,8.10
2010.01.26 07:28:16.312,1.4709,1.47105,2.40,3.90
2010.01.26 07:28:16.372,1.4709,1.47105,2.40,4.10
2010.01.26 07:28:16.652,1.4709,1.47105,2.40,3.90
2010.01.26 07:28:16.762,1.4709,1.47105,2.40,5.50
2010.01.26 07:28:17.062,1.47095,1.47105,2.40,1.60
2010.01.26 07:28:17.742,1.4709,1.4711,2.40,8.10
2010.01.26 07:28:18.092,1.4709,1.4711,4.00,7.90
2010.01.26 07:28:18.432,1.4709,1.4711,4.00,8.10
2010.01.26 07:28:18.771,1.4709,1.47105,2.40,2.40
2010.01.26 07:28:19.111,1.4709,1.4711,2.40,4.90
2010.01.26 07:28:20.121,1.4709,1.4711,4.00,4.90
2010.01.26 07:28:20.291,1.4709,1.4711,4.00,4.70
2010.01.26 07:28:20.471,1.4709,1.4711,4.00,4.90
2010.01.26 07:28:20.811,1.4709,1.4711,2.40,4.90
2010.01.26 07:28:22.371,1.4709,1.4711,4.00,4.70
2010.01.26 07:28:22.541,1.4709,1.4711,2.40,4.90
2010.01.26 07:28:28.129,1.47095,1.47115,2.40,8.10
2010.01.26 07:28:28.469,1.47095,1.47115,4.00,8.10
2010.01.26 07:28:29.129,1.47095,1.47115,4.00,6.30
2010.01.26 07:28:29.479,1.4709,1.4711,3.20,5.70
2010.01.26 07:28:29.809,1.4709,1.4711,2.40,12.90
2010.01.26 07:28:30.499,1.4709,1.4711,2.40,4.90
2010.01.26 07:28:31.598,1.47085,1.47105,4.80,2.50
2010.01.26 07:28:31.888,1.47085,1.47105,4.80,4.10
2010.01.26 07:28:33.998,1.47085,1.471,2.40,2.40
2010.01.26 07:28:34.268,1.4709,1.4711,2.40,12.10
2010.01.26 07:28:34.508,1.4709,1.47105,2.40,1.60
2010.01.26 07:28:34.908,1.47085,1.47105,4.80,7.30
2010.01.26 07:28:35.248,1.4709,1.47105,3.20,1.60
2010.01.26 07:28:35.578,1.4709,1.4711,3.20,5.70
2010.01.26 07:28:38.657,1.47085,1.47105,4.40,2.40
2010.01.26 07:28:38.777,1.47085,1.47105,2.80,4.00
2010.01.26 07:28:39.307,1.47085,1.47105,4.00,5.60
2010.01.26 07:28:39.656,1.47085,1.47105,4.00,4.90
2010.01.26 07:28:39.996,1.47085,1.47105,4.00,6.50
2010.01.26 07:28:40.286,1.47085,1.47105,2.40,6.50
2010.01.26 07:28:41.096,1.47085,1.47105,2.40,4.90
2010.01.26 07:28:41.566,1.47085,1.47105,4.00,4.90
2010.01.26 07:28:42.026,1.47085,1.47105,4.00,6.50
2010.01.26 07:28:42.246,1.47085,1.47105,2.40,4.90
2010.01.26 07:28:42.586,1.47085,1.47105,2.40,9.70
2010.01.26 07:28:43.506,1.47085,1.47105,4.00,8.10
2010.01.26 07:28:44.016,1.47085,1.47105,2.40,8.10
2010.01.26 07:28:44.255,1.47085,1.47105,2.40,9.70
2010.01.26 07:28:45.215,1.47085,1.47105,2.40,8.10
2010.01.26 07:28:52.054,1.4708,1.471,5.70,4.00
2010.01.26 07:28:52.404,1.47085,1.47105,4.00,7.30
2010.01.26 07:28:52.754,1.47085,1.47105,4.00,4.10
2010.01.26 07:28:53.164,1.4708,1.4709,2.00,1.00
2010.01.26 07:28:53.384,1.4708,1.47095,1.00,1.00
2010.01.26 07:28:53.553,1.47075,1.47095,4.00,1.70
2010.01.26 07:28:53.733,1.47075,1.471,5.60,12.90
2010.01.26 07:28:54.123,1.47075,1.47095,5.70,4.00
2010.01.26 07:28:54.423,1.47075,1.47095,5.60,1.00
2010.01.26 07:28:57.812,1.47075,1.471,7.70,9.70
2010.01.26 07:28:58.162,1.4708,1.471,4.00,6.50
2010.01.26 07:28:58.512,1.4708,1.471,7.20,2.50
2010.01.26 07:28:58.862,1.4708,1.471,8.00,2.50
2010.01.26 07:28:59.542,1.47075,1.471,20.10,2.50
2010.01.26 07:29:00.232,1.4708,1.471,4.80,4.10
2010.01.26 07:29:02.941,1.4708,1.47095,4.80,1.00
2010.01.26 07:29:03.291,1.4708,1.47095,4.00,1.00
2010.01.26 07:29:03.641,1.4708,1.47095,2.40,1.00
2010.01.26 07:29:04.860,1.47075,1.4709,15.60,1.00
2010.01.26 07:29:05.260,1.4708,1.471,2.40,4.90
2010.01.26 07:29:05.610,1.4708,1.471,4.80,4.10
2010.01.26 07:29:08.909,1.4708,1.47095,3.20,1.60
2010.01.26 07:29:09.189,1.4708,1.471,2.40,4.10
2010.01.26 07:29:09.479,1.4708,1.471,4.80,4.10
2010.01.26 07:29:11.109,1.4708,1.471,4.00,4.10
2010.01.26 07:29:11.289,1.4708,1.471,2.40,4.10
2010.01.26 07:29:11.959,1.4708,1.47095,2.40,1.00
2010.01.26 07:29:12.299,1.4708,1.47095,2.40,1.60
2010.01.26 07:29:12.649,1.4708,1.471,4.00,4.90
2010.01.26 07:29:14.448,1.4708,1.471,2.40,4.90
2010.01.26 07:29:14.738,1.4708,1.471,4.00,4.90
2010.01.26 07:29:16.168,1.4708,1.471,4.70,3.10
2010.01.26 07:29:16.458,1.47075,1.47095,16.40,4.10
2010.01.26 07:29:16.748,1.47075,1.47095,11.60,4.10
2010.01.26 07:29:17.097,1.47075,1.47095,10.00,4.10
2010.01.26 07:29:17.437,1.47075,1.47095,11.60,4.10
2010.01.26 07:29:20.427,1.47075,1.47095,5.60,4.10
2010.01.26 07:29:20.657,1.47075,1.4709,1.60,2.50
2010.01.26 07:29:27.975,1.47075,1.4709,5.60,2.40
2010.01.26 07:29:28.155,1.47075,1.4709,8.00,2.50
2010.01.26 07:29:28.375,1.4707,1.4709,8.00,2.50
2010.01.26 07:29:29.055,1.4707,1.4709,4.80,4.10
2010.01.26 07:29:30.094,1.4707,1.4709,4.80,2.50
2010.01.26 07:29:33.534,1.47075,1.4709,1.60,2.50
2010.01.26 07:29:34.773,1.4707,1.4709,4.80,2.40
2010.01.26 07:29:35.013,1.4707,1.4709,4.80,2.50
2010.01.26 07:29:35.463,1.47075,1.4709,2.40,2.40
2010.01.26 07:29:36.933,1.47075,1.4709,2.40,2.50
2010.01.26 07:29:37.993,1.47075,1.4709,2.40,3.30
2010.01.26 07:29:38.172,1.47075,1.47085,5.60,1.00
2010.01.26 07:29:38.402,1.47075,1.47095,6.40,4.10
2010.01.26 07:29:38.582,1.47075,1.47095,8.00,4.10
2010.01.26 07:29:39.332,1.4707,1.4709,9.60,2.40
2010.01.26 07:29:39.722,1.47075,1.4709,6.40,1.60
2010.01.26 07:29:40.062,1.4707,1.4709,8.00,2.40
2010.01.26 07:29:42.331,1.4707,1.4709,8.00,2.50
2010.01.26 07:29:42.672,1.47075,1.4709,2.40,2.00
2010.01.26 07:29:43.011,1.47075,1.4709,1.00,4.10
2010.01.26 07:29:43.291,1.47075,1.4709,1.00,4.00
2010.01.26 07:29:44.161,1.47075,1.47085,1.00,2.40
2010.01.26 07:29:44.511,1.47075,1.4709,1.00,4.00
2010.01.26 07:29:46.391,1.4707,1.47085,1.60,2.40
2010.01.26 07:29:46.501,1.47065,1.47085,14.00,2.40
2010.01.26 07:29:46.610,1.47075,1.4709,3.20,2.00
2010.01.26 07:29:46.670,1.47075,1.4709,3.20,1.60
2010.01.26 07:29:46.780,1.47075,1.4709,1.00,4.00
2010.01.26 07:29:48.390,1.47075,1.4709,1.00,4.90
2010.01.26 07:29:48.450,1.4707,1.47085,4.00,2.40
2010.01.26 07:29:48.560,1.4707,1.4709,6.40,4.40
2010.01.26 07:29:48.720,1.4707,1.4709,8.00,2.40
2010.01.26 07:29:51.060,1.4707,1.4709,8.10,2.40
2010.01.26 07:29:51.400,1.4707,1.4709,8.00,2.40
2010.01.26 07:29:52.819,1.47075,1.4709,2.40,2.00
2010.01.26 07:29:53.149,1.4707,1.47095,14.90,4.00
2010.01.26 07:29:57.618,1.47075,1.47095,9.70,4.10
2010.01.26 07:30:00.627,1.47075,1.47095,8.10,4.10
2010.01.26 07:30:08.385,1.47075,1.47095,6.50,4.10
2010.01.26 07:30:08.685,1.47075,1.4709,2.40,1.70
2010.01.26 07:30:08.975,1.47075,1.47095,4.10,4.10
2010.01.26 07:30:10.005,1.47075,1.47095,5.70,4.10
2010.01.26 07:30:10.305,1.47075,1.47095,2.40,4.10
2010.01.26 07:30:10.775,1.47075,1.4709,2.40,1.00
2010.01.26 07:30:10.995,1.4707,1.4709,4.10,4.10
2010.01.26 07:30:11.225,1.4707,1.4709,8.10,4.10
2010.01.26 07:30:13.444,1.47075,1.4709,1.00,4.00
2010.01.26 07:30:13.734,1.47075,1.47085,1.00,1.00
2010.01.26 07:30:15.463,1.4707,1.47085,8.10,1.00
2010.01.26 07:30:15.813,1.47075,1.4709,4.00,1.00
2010.01.26 07:30:16.113,1.47075,1.4709,1.60,2.50
2010.01.26 07:30:21.812,1.4707,1.4709,8.10,2.50
2010.01.26 07:30:21.992,1.47075,1.4709,1.60,2.50
2010.01.26 07:30:22.052,1.47075,1.4709,1.70,2.40
2010.01.26 07:30:22.742,1.4707,1.47085,1.70,2.40
2010.01.26 07:30:23.781,1.47075,1.4709,1.00,4.90
2010.01.26 07:30:24.002,1.4707,1.47085,1.60,2.50
2010.01.26 07:30:25.751,1.47065,1.47085,6.50,2.40
2010.01.26 07:30:25.981,1.4707,1.47085,1.60,2.50
2010.01.26 07:30:26.261,1.47065,1.47085,8.10,2.50
2010.01.26 07:30:31.860,1.4707,1.47085,1.60,2.50
2010.01.26 07:30:35.039,1.47065,1.47085,8.10,2.50
2010.01.26 07:30:35.739,1.4707,1.4709,8.10,4.10
2010.01.26 07:30:36.199,1.4707,1.4709,8.10,2.50
2010.01.26 07:30:37.288,1.47075,1.4709,1.70,2.40
2010.01.26 07:30:40.357,1.4707,1.4709,12.10,2.50
2010.01.26 07:30:40.697,1.4707,1.4709,8.10,2.50
2010.01.26 07:30:45.097,1.4707,1.4709,8.10,4.10
2010.01.26 07:30:46.516,1.4707,1.4709,8.10,2.50
2010.01.26 07:30:53.594,1.47075,1.4709,1.60,2.50
2010.01.26 07:30:53.864,1.4707,1.4709,8.20,2.40
2010.01.26 07:30:58.033,1.4707,1.4709,8.10,2.50
2010.01.26 07:30:58.463,1.47075,1.4709,1.60,2.50
2010.01.26 07:30:59.483,1.4707,1.4709,12.10,3.30
2010.01.26 07:30:59.833,1.4707,1.47085,1.60,2.50
2010.01.26 07:31:00.173,1.4707,1.47085,1.70,2.40
2010.01.26 07:31:02.592,1.4707,1.47085,1.60,2.50
2010.01.26 07:31:03.862,1.47065,1.47085,8.10,2.50
2010.01.26 07:31:10.650,1.4707,1.47085,1.60,2.50
2010.01.26 07:31:10.940,1.47075,1.47085,1.00,2.40
2010.01.26 07:31:11.060,1.47075,1.4709,8.10,1.00
2010.01.26 07:31:11.180,1.47075,1.47095,8.10,2.50
2010.01.26 07:31:11.300,1.47075,1.47085,8.00,1.00
2010.01.26 07:31:11.360,1.47075,1.47095,8.00,2.50
2010.01.26 07:31:11.770,1.47075,1.47095,8.10,2.50
2010.01.26 07:31:12.120,1.47075,1.471,3.30,12.20
2010.01.26 07:31:12.809,1.47075,1.4709,3.20,1.00
2010.01.26 07:31:14.509,1.4707,1.4709,8.10,2.50
2010.01.26 07:31:15.019,1.4707,1.4709,8.10,4.00
2010.01.26 07:31:15.359,1.4707,1.4709,4.90,4.10
2010.01.26 07:31:16.049,1.4707,1.4709,4.90,2.50
2010.01.26 07:31:17.019,1.4707,1.4709,4.90,4.10
2010.01.26 07:31:17.639,1.47075,1.4709,1.00,4.10
2010.01.26 07:31:24.177,1.4707,1.47085,1.00,2.50
2010.01.26 07:31:25.536,1.4707,1.47085,2.40,2.50
2010.01.26 07:31:25.697,1.4707,1.47085,1.00,3.30
2010.01.26 07:31:25.927,1.4707,1.4708,1.00,2.40
2010.01.26 07:31:26.037,1.47065,1.4708,1.00,2.40
2010.01.26 07:31:28.546,1.47065,1.4708,1.00,2.50
2010.01.26 07:31:29.805,1.4706,1.4708,8.00,2.40
2010.01.26 07:31:30.015,1.47065,1.4708,1.00,2.50
2010.01.26 07:31:37.214,1.4707,1.47085,1.00,4.80
2010.01.26 07:31:37.504,1.47065,1.4708,2.40,2.50
2010.01.26 07:31:40.113,1.4707,1.47085,1.00,5.20
2010.01.26 07:31:40.463,1.47065,1.4708,2.50,2.40
2010.01.26 07:31:43.092,1.47065,1.4708,1.00,4.00
2010.01.26 07:31:43.792,1.47065,1.4708,1.00,2.40
2010.01.26 07:31:45.552,1.47065,1.4708,1.00,2.50
2010.01.26 07:31:46.231,1.47065,1.4708,1.00,2.40
2010.01.26 07:31:47.391,1.47065,1.4708,1.00,2.50
2010.01.26 07:31:47.732,1.47065,1.4708,1.00,2.40
2010.01.26 07:31:48.021,1.47065,1.4708,1.00,2.50
2010.01.26 07:31:48.361,1.47065,1.4708,1.00,2.40
2010.01.26 07:31:50.840,1.47065,1.4708,1.00,2.40
2010.01.26 07:31:50.950,1.47065,1.4708,1.00,2.40
2010.01.26 07:31:53.730,1.47065,1.4708,1.00,2.50
2010.01.26 07:31:53.790,1.47065,1.4708,1.00,4.10
2010.01.26 07:31:54.330,1.47065,1.4708,6.40,1.00
2010.01.26 07:31:54.670,1.47065,1.47085,6.50,6.50
2010.01.26 07:31:55.050,1.4706,1.4708,8.10,2.50
2010.01.26 07:32:00.038,1.4706,1.4708,8.10,4.10
2010.01.26 07:32:01.968,1.4706,1.4708,6.50,4.10
2010.01.26 07:32:03.478,1.4706,1.4708,6.50,4.00
2010.01.26 07:32:03.817,1.4706,1.4708,10.50,4.00
2010.01.26 07:32:04.097,1.4706,1.4708,6.50,4.00
2010.01.26 07:32:04.397,1.4706,1.47075,6.50,1.60
2010.01.26 07:32:04.747,1.4706,1.47085,8.10,6.60
2010.01.26 07:32:05.137,1.4706,1.47085,6.50,7.40
2010.01.26 07:32:05.777,1.4706,1.47085,3.30,8.20
2010.01.26 07:32:08.816,1.4706,1.47075,3.20,1.70
2010.01.26 07:32:12.495,1.4706,1.47075,3.20,1.00
2010.01.26 07:32:15.105,1.4706,1.47075,3.20,1.70
2010.01.26 07:32:16.034,1.47055,1.4707,4.00,1.00
2010.01.26 07:32:20.153,1.4705,1.4707,8.10,2.40
2010.01.26 07:32:20.373,1.47055,1.47075,5.70,1.00
2010.01.26 07:32:20.823,1.47055,1.47075,9.70,1.00
2010.01.26 07:32:23.273,1.4706,1.4708,7.30,4.90
2010.01.26 07:32:23.512,1.4706,1.4708,6.50,4.10
2010.01.26 07:32:23.862,1.4706,1.4708,3.30,4.10
2010.01.26 07:32:26.422,1.4706,1.4708,2.50,4.10
2010.01.26 07:32:27.532,1.4706,1.4708,2.50,4.90
2010.01.26 07:32:28.753,1.4706,1.47075,2.40,1.70
2010.01.26 07:32:29.491,1.4706,1.47085,2.40,20.00
2010.01.26 07:32:29.771,1.4706,1.47085,2.40,15.40
2010.01.26 07:32:30.111,1.4706,1.47085,2.40,15.40
2010.01.26 07:32:30.451,1.4706,1.4708,2.40,5.00
2010.01.26 07:32:32.930,1.4706,1.47075,2.40,2.50
2010.01.26 07:32:33.170,1.47055,1.47075,11.70,4.90
2010.01.26 07:32:33.350,1.47055,1.4707,10.00,1.00
2010.01.26 07:32:33.760,1.4706,1.4707,2.40,1.00
2010.01.26 07:32:33.930,1.4706,1.47075,2.50,4.90
2010.01.26 07:32:34.280,1.4706,1.4708,2.50,8.10
2010.01.26 07:32:41.298,1.4706,1.47075,2.40,1.90
2010.01.26 07:32:41.468,1.47055,1.4707,10.80,1.00
2010.01.26 07:32:41.758,1.4706,1.47075,2.40,1.60
2010.01.26 07:32:41.868,1.4706,1.47075,2.40,1.70
2010.01.26 07:32:43.398,1.4706,1.4707,2.40,1.00
2010.01.26 07:32:43.638,1.4706,1.47075,2.40,1.70
2010.01.26 07:32:43.808,1.4706,1.47075,2.50,1.60
2010.01.26 07:32:44.038,1.4706,1.47075,2.40,1.60
2010.01.26 07:32:45.127,1.47055,1.4707,10.00,1.00
2010.01.26 07:32:46.447,1.47055,1.4708,10.10,16.20
2010.01.26 07:32:47.947,1.47055,1.4708,10.90,16.20
2010.01.26 07:32:48.587,1.4707,1.47085,4.10,3.20
2010.01.26 07:32:48.987,1.47075,1.471,6.00,13.00
2010.01.26 07:32:49.386,1.47075,1.471,6.00,12.20
2010.01.26 07:32:50.536,1.4707,1.4709,7.70,4.00
2010.01.26 07:32:50.886,1.47065,1.4708,1.60,1.00
2010.01.26 07:32:51.956,1.47065,1.4708,1.00,1.00
2010.01.26 07:32:52.246,1.4706,1.4708,12.80,1.00
2010.01.26 07:32:52.576,1.47065,1.4708,1.00,1.00
2010.01.26 07:32:55.135,1.4706,1.47075,8.80,1.00
2010.01.26 07:32:56.405,1.4706,1.4708,5.60,4.30
2010.01.26 07:32:56.675,1.4707,1.4708,1.00,4.30
2010.01.26 07:32:56.795,1.4707,1.47085,1.00,10.90
2010.01.26 07:32:56.905,1.4707,1.47085,3.20,6.90
2010.01.26 07:32:56.964,1.4707,1.4709,4.80,11.00
2010.01.26 07:32:57.075,1.47075,1.4709,2.40,7.80
2010.01.26 07:32:57.185,1.47075,1.4709,2.40,7.40
2010.01.26 07:32:57.304,1.47065,1.4709,2.00,9.80
2010.01.26 07:32:57.654,1.47065,1.4709,1.60,9.00
2010.01.26 07:32:58.634,1.47065,1.4709,1.70,4.90
2010.01.26 07:32:58.814,1.47065,1.47095,1.70,19.40
2010.01.26 07:32:58.924,1.47065,1.4709,5.70,4.90
2010.01.26 07:32:59.154,1.47065,1.4709,6.50,4.90
2010.01.26 07:32:59.214,1.47065,1.4709,9.70,4.90
2010.01.26 07:32:59.794,1.47065,1.4709,2.50,4.90
2010.01.26 07:33:00.484,1.47065,1.4709,6.50,4.90
2010.01.26 07:33:00.824,1.47065,1.4709,4.10,5.70
2010.01.26 07:33:01.004,1.47065,1.4708,1.60,1.00
2010.01.26 07:33:01.344,1.4706,1.4708,5.70,1.00
2010.01.26 07:33:03.043,1.47065,1.4708,1.60,1.00
2010.01.26 07:33:03.773,1.4706,1.4708,4.80,2.50
2010.01.26 07:33:04.063,1.4706,1.47085,5.70,8.90
2010.01.26 07:33:04.393,1.47065,1.4708,1.60,1.00
2010.01.26 07:33:06.012,1.47065,1.47085,1.60,4.90
2010.01.26 07:33:06.133,1.47065,1.4708,1.60,1.00
2010.01.26 07:33:06.302,1.47065,1.47085,1.60,4.90
2010.01.26 07:33:06.412,1.47065,1.4708,1.60,1.00
2010.01.26 07:33:09.472,1.4706,1.4708,8.80,1.00
2010.01.26 07:33:09.812,1.4706,1.47075,4.80,1.00
2010.01.26 07:33:10.521,1.4706,1.4708,3.20,6.70
2010.01.26 07:33:11.401,1.4706,1.47085,3.20,18.20
2010.01.26 07:33:11.581,1.4706,1.47085,4.80,17.80
2010.01.26 07:33:12.631,1.4706,1.47075,4.80,1.00
2010.01.26 07:33:15.010,1.4706,1.47065,4.80,1.00
2010.01.26 07:33:15.350,1.4706,1.4708,3.20,10.60
2010.01.26 07:33:15.740,1.4706,1.47075,1.00,2.70
2010.01.26 07:33:15.970,1.47055,1.47075,4.80,6.60
2010.01.26 07:33:16.080,1.47055,1.47075,4.80,3.50
2010.01.26 07:33:17.170,1.4706,1.4708,2.40,13.00
2010.01.26 07:33:17.509,1.4706,1.47075,2.40,3.30
2010.01.26 07:33:18.639,1.4706,1.47075,2.40,2.50
2010.01.26 07:33:19.029,1.4706,1.47075,4.80,2.40
2010.01.26 07:33:19.199,1.4706,1.4708,4.80,3.30
2010.01.26 07:33:19.430,1.4706,1.4708,4.90,1.00
2010.01.26 07:33:20.809,1.4706,1.4708,4.80,1.00
2010.01.26 07:33:21.169,1.4706,1.4708,4.90,1.00
2010.01.26 07:33:21.919,1.47065,1.4708,1.60,1.00
2010.01.26 07:33:22.668,1.4706,1.47075,4.80,1.00
2010.01.26 07:33:23.758,1.4706,1.47075,2.40,1.00
2010.01.26 07:33:24.148,1.47055,1.4707,2.40,2.60
2010.01.26 07:33:24.478,1.47055,1.4708,7.30,10.60
2010.01.26 07:33:24.818,1.4706,1.4708,3.30,7.50
2010.01.26 07:33:25.158,1.4706,1.4708,4.90,3.50
2010.01.26 07:33:25.518,1.4706,1.4708,2.40,8.30
2010.01.26 07:33:25.868,1.4706,1.4708,2.40,18.60
2010.01.26 07:33:26.327,1.4706,1.4708,3.20,10.70
2010.01.26 07:33:28.197,1.4706,1.4708,4.10,3.20
2010.01.26 07:33:28.517,1.4706,1.4708,3.30,2.40
2010.01.26 07:33:28.807,1.4706,1.47075,3.20,1.00
2010.01.26 07:33:29.757,1.4706,1.4708,4.80,6.70
2010.01.26 07:33:31.477,1.4706,1.4708,4.90,4.10
2010.01.26 07:33:31.536,1.4706,1.4708,4.10,1.00
2010.01.26 07:33:31.587,1.4706,1.47085,4.10,13.70
2010.01.26 07:33:31.817,1.4706,1.4708,4.90,1.00
2010.01.26 07:33:31.876,1.4706,1.47075,4.80,1.00
2010.01.26 07:33:32.106,1.4706,1.47075,3.20,1.00
2010.01.26 07:33:32.566,1.4706,1.4708,4.90,1.00
2010.01.26 07:33:33.586,1.4706,1.47075,3.20,1.00
2010.01.26 07:33:33.816,1.4706,1.47075,2.40,1.00
2010.01.26 07:33:34.216,1.4706,1.47075,2.40,1.00
2010.01.26 07:33:34.725,1.47055,1.4707,4.80,1.00
2010.01.26 07:33:35.796,1.4705,1.4707,5.20,2.70
2010.01.26 07:33:36.095,1.4705,1.4707,4.80,4.30
2010.01.26 07:33:37.175,1.4705,1.47065,3.20,1.00
2010.01.26 07:33:37.525,1.47055,1.47065,5.20,1.00
2010.01.26 07:33:37.875,1.47055,1.4707,8.40,1.00
2010.01.26 07:33:38.225,1.47055,1.4707,10.00,1.00
2010.01.26 07:33:41.444,1.47055,1.4707,11.60,1.00
2010.01.26 07:33:41.504,1.4706,1.47075,2.40,2.50
2010.01.26 07:33:45.343,1.4706,1.4707,2.40,1.00
2010.01.26 07:33:45.693,1.47055,1.4707,11.60,1.00
2010.01.26 07:33:46.163,1.47055,1.4707,10.00,1.00
2010.01.26 07:33:46.333,1.47055,1.4707,11.60,1.00
2010.01.26 07:33:46.852,1.47055,1.4707,10.00,1.00
2010.01.26 07:33:47.383,1.47055,1.47075,9.20,9.00
2010.01.26 07:33:47.552,1.4705,1.4707,12.90,3.30
2010.01.26 07:33:47.722,1.47055,1.4707,7.60,2.60
2010.01.26 07:33:47.902,1.4706,1.4708,2.40,12.70
2010.01.26 07:33:51.441,1.4706,1.4708,3.30,8.10
2010.01.26 07:33:51.611,1.4706,1.4708,3.30,1.70
2010.01.26 07:33:51.721,1.4706,1.4708,4.90,1.00
2010.01.26 07:33:53.941,1.4706,1.4708,3.30,1.70
2010.01.26 07:33:54.291,1.4706,1.4708,4.90,1.70
2010.01.26 07:33:56.610,1.4706,1.4708,4.90,4.10
2010.01.26 07:33:56.670,1.4706,1.4708,3.30,4.10
2010.01.26 07:33:56.790,1.4706,1.47075,3.20,1.00
2010.01.26 07:34:05.338,1.4706,1.47075,2.40,1.00
2010.01.26 07:34:05.688,1.4706,1.47075,2.40,1.70
2010.01.26 07:34:06.068,1.4706,1.47075,2.40,1.00
2010.01.26 07:34:06.248,1.4706,1.4708,3.30,5.70
2010.01.26 07:34:06.538,1.4706,1.4708,3.30,1.60
2010.01.26 07:34:06.768,1.4706,1.47065,2.40,1.00
2010.01.26 07:34:06.998,1.4706,1.47075,1.00,4.00
2010.01.26 07:34:07.278,1.4706,1.4709,3.30,17.80
2010.01.26 07:34:07.508,1.4706,1.4709,3.30,17.40
2010.01.26 07:34:07.677,1.4706,1.4709,3.30,17.40
2010.01.26 07:34:08.978,1.4706,1.4709,4.90,17.00
2010.01.26 07:34:09.488,1.47065,1.47085,1.00,9.50
2010.01.26 07:34:09.757,1.4706,1.47085,5.10,5.50
2010.01.26 07:34:09.997,1.4707,1.47085,1.00,5.50
2010.01.26 07:34:11.067,1.47065,1.47085,1.70,3.90
2010.01.26 07:34:11.936,1.47065,1.47085,1.00,5.50
2010.01.26 07:34:12.456,1.4706,1.47085,4.90,5.70
2010.01.26 07:34:14.136,1.4706,1.4708,4.10,4.90
2010.01.26 07:34:16.975,1.4706,1.4708,4.10,8.10
2010.01.26 07:34:17.095,1.47065,1.4708,1.00,7.90
2010.01.26 07:34:17.205,1.47065,1.4708,2.50,7.90
2010.01.26 07:34:17.555,1.4706,1.47075,4.10,1.00
2010.01.26 07:34:21.164,1.4706,1.4708,2.40,5.10
2010.01.26 07:34:23.354,1.4706,1.47075,2.40,1.70
2010.01.26 07:34:23.714,1.4706,1.4708,2.40,8.30
2010.01.26 07:34:26.503,1.4706,1.47085,2.50,21.80
2010.01.26 07:34:26.613,1.4706,1.4708,4.10,4.10
2010.01.26 07:34:26.963,1.4706,1.4708,4.10,2.50
2010.01.26 07:34:27.353,1.4706,1.4708,8.10,2.50
2010.01.26 07:34:29.372,1.4706,1.4708,4.10,2.50
2010.01.26 07:34:29.652,1.4706,1.4708,4.10,4.10
2010.01.26 07:34:34.122,1.4706,1.4708,4.10,4.90
2010.01.26 07:34:34.411,1.4706,1.4708,4.10,4.10
2010.01.26 07:34:35.381,1.4706,1.4708,4.10,2.40
2010.01.26 07:34:35.721,1.4706,1.4708,4.90,2.40
2010.01.26 07:34:36.411,1.47065,1.4708,1.00,2.40
2010.01.26 07:34:36.641,1.47065,1.4708,2.50,2.40
2010.01.26 07:34:36.760,1.4706,1.4708,4.90,2.50
2010.01.26 07:34:37.110,1.4706,1.47085,4.10,11.00
2010.01.26 07:34:39.040,1.47065,1.4708,4.10,3.10
2010.01.26 07:34:39.280,1.47065,1.4708,4.10,2.40
2010.01.26 07:34:42.199,1.4706,1.4708,8.10,3.10
2010.01.26 07:34:42.429,1.4706,1.4708,4.10,3.30
2010.01.26 07:34:43.819,1.47065,1.4708,1.00,3.10
2010.01.26 07:34:44.109,1.47065,1.4708,4.10,2.40
2010.01.26 07:34:44.459,1.4706,1.4708,4.10,2.50
2010.01.26 07:34:44.808,1.47065,1.4708,1.60,2.50
2010.01.26 07:34:46.418,1.47065,1.4708,1.70,2.40
2010.01.26 07:34:48.728,1.4706,1.4708,4.10,2.50
2010.01.26 07:34:53.966,1.47065,1.4708,1.60,2.50
2010.01.26 07:35:02.374,1.47065,1.4708,1.60,3.30
2010.01.26 07:35:07.123,1.47065,1.4708,1.60,2.50
2010.01.26 07:35:18.540,1.47065,1.4708,1.60,3.30
2010.01.26 07:35:19.021,1.47065,1.4708,1.60,2.50
2010.01.26 07:35:20.770,1.4706,1.4708,4.90,2.50
2010.01.26 07:35:22.460,1.4706,1.4708,4.10,2.50
2010.01.26 07:35:23.139,1.4706,1.4708,4.10,3.30
2010.01.26 07:35:23.999,1.4706,1.4708,4.10,2.50
2010.01.26 07:35:25.019,1.4706,1.4708,4.90,2.50
2010.01.26 07:35:26.169,1.4706,1.4708,8.10,2.50
2010.01.26 07:35:27.169,1.47065,1.4708,1.60,2.40
2010.01.26 07:35:27.398,1.47065,1.4708,1.60,2.50
2010.01.26 07:35:27.918,1.4706,1.4708,8.10,2.50
2010.01.26 07:35:31.358,1.4706,1.4708,4.90,2.50
2010.01.26 07:35:33.257,1.4706,1.4708,4.10,2.50
2010.01.26 07:35:33.957,1.4706,1.4708,8.10,2.50
2010.01.26 07:35:35.896,1.47065,1.4708,1.60,2.50
2010.01.26 07:35:36.416,1.47065,1.47075,1.60,2.40
2010.01.26 07:35:36.596,1.4706,1.4708,1.00,4.10
2010.01.26 07:35:36.756,1.47065,1.47085,1.60,7.00
2010.01.26 07:35:38.256,1.4706,1.47085,8.10,7.00
2010.01.26 07:35:39.795,1.47065,1.4708,1.60,2.50
2010.01.26 07:35:40.815,1.47065,1.4708,1.60,2.40
2010.01.26 07:35:41.155,1.47065,1.4708,1.60,2.40
2010.01.26 07:35:41.495,1.47065,1.4708,1.60,2.50
2010.01.26 07:35:46.984,1.4706,1.4708,4.90,2.50
2010.01.26 07:35:47.804,1.47065,1.4708,1.60,2.50
2010.01.26 07:35:48.663,1.4706,1.4708,4.90,2.50
2010.01.26 07:35:51.962,1.47065,1.4708,1.60,2.50
2010.01.26 07:35:52.183,1.47065,1.4708,1.60,2.40
2010.01.26 07:35:52.422,1.47065,1.47085,8.10,4.90
2010.01.26 07:35:52.652,1.47065,1.4708,1.60,2.50
2010.01.26 07:36:04.019,1.4706,1.4708,1.00,3.30
2010.01.26 07:36:06.339,1.47055,1.4708,8.30,3.30
2010.01.26 07:36:07.029,1.4706,1.4708,1.00,3.30
2010.01.26 07:36:08.468,1.4706,1.4708,8.10,2.50
2010.01.26 07:36:12.777,1.4706,1.4708,4.90,2.50
2010.01.26 07:36:12.898,1.4706,1.4708,4.10,2.50
2010.01.26 07:36:13.797,1.4707,1.4708,4.00,1.00
2010.01.26 07:36:14.097,1.47065,1.4708,1.60,2.50
2010.01.26 07:36:16.626,1.4707,1.4708,1.60,2.50
2010.01.26 07:36:17.086,1.4707,1.4708,4.00,1.00
2010.01.26 07:36:17.247,1.4707,1.4708,1.60,2.50
2010.01.26 07:36:17.307,1.47075,1.4708,1.60,2.50
2010.01.26 07:36:17.646,1.47065,1.4708,2.00,2.50
2010.01.26 07:36:17.986,1.47065,1.4708,1.60,2.50
2010.01.26 07:36:18.896,1.47065,1.4708,1.70,2.40
2010.01.26 07:36:19.066,1.4707,1.47085,2.50,9.10
2010.01.26 07:36:19.406,1.4707,1.4709,2.40,21.00
2010.01.26 07:36:19.577,1.47065,1.4708,1.70,2.40
2010.01.26 07:36:22.036,1.47065,1.4708,1.60,2.50
2010.01.26 07:36:22.495,1.47065,1.4708,1.60,3.30
2010.01.26 07:36:23.015,1.4706,1.4708,4.10,3.30
2010.01.26 07:36:23.365,1.4706,1.4708,4.10,2.50
2010.01.26 07:36:27.024,1.47065,1.47085,1.00,11.30
2010.01.26 07:36:27.134,1.47065,1.4708,1.70,2.40
2010.01.26 07:36:27.194,1.47065,1.47085,4.10,8.90
2010.01.26 07:36:27.424,1.47065,1.47085,4.10,8.10
2010.01.26 07:36:27.474,1.47065,1.47085,4.10,4.90
2010.01.26 07:36:27.594,1.47065,1.4708,1.70,2.40
2010.01.26 07:36:27.654,1.47065,1.4708,1.60,2.50
2010.01.26 07:36:29.183,1.47065,1.47085,4.10,2.50
2010.01.26 07:36:29.923,1.4707,1.47085,1.60,2.50
2010.01.26 07:36:32.083,1.47075,1.47085,1.00,2.40
2010.01.26 07:36:32.253,1.4707,1.47085,4.00,1.00
2010.01.26 07:36:32.433,1.4707,1.47085,1.70,2.40
2010.01.26 07:36:33.633,1.4707,1.47085,1.60,3.30
2010.01.26 07:36:33.932,1.4707,1.47085,1.70,3.10
2010.01.26 07:36:34.272,1.4707,1.47085,1.00,3.10
2010.01.26 07:36:34.562,1.47065,1.4708,1.60,2.50
2010.01.26 07:36:35.912,1.4707,1.4708,1.00,2.40
2010.01.26 07:36:36.152,1.47065,1.4708,4.00,1.00
2010.01.26 07:36:36.382,1.47065,1.4708,1.60,2.50
2010.01.26 07:36:36.801,1.4707,1.4708,1.00,2.40
2010.01.26 07:36:36.911,1.4707,1.47085,4.10,1.00
2010.01.26 07:36:37.012,1.4707,1.4708,1.60,2.50
2010.01.26 07:36:37.301,1.47065,1.4708,1.60,2.50
2010.01.26 07:36:37.771,1.47065,1.4708,4.00,1.00
2010.01.26 07:36:37.881,1.4707,1.4708,1.00,2.40
2010.01.26 07:36:38.241,1.47065,1.4708,1.60,2.50
2010.01.26 07:36:39.271,1.47065,1.4708,4.00,1.00
2010.01.26 07:36:39.321,1.4707,1.47085,1.00,4.80
2010.01.26 07:36:39.381,1.4707,1.4708,1.60,2.50
2010.01.26 07:36:39.611,1.47065,1.4708,1.60,2.50
2010.01.26 07:36:43.530,1.47065,1.4708,4.00,1.00
2010.01.26 07:36:43.870,1.4707,1.47085,1.70,4.80
2010.01.26 07:36:44.220,1.4707,1.4708,1.60,2.40
2010.01.26 07:36:44.920,1.47065,1.4708,1.70,2.40
2010.01.26 07:36:46.020,1.47065,1.4708,1.60,2.50
2010.01.26 07:36:54.248,1.4707,1.47085,1.00,9.20
2010.01.26 07:36:54.307,1.47065,1.47085,4.30,8.80
2010.01.26 07:36:54.417,1.4707,1.47085,1.00,4.80
2010.01.26 07:37:00.026,1.4707,1.47085,1.00,2.40
2010.01.26 07:37:00.616,1.4707,1.47085,1.00,10.30
2010.01.26 07:37:00.966,1.4707,1.47085,1.00,6.40
2010.01.26 07:37:01.356,1.4707,1.47085,1.00,2.40
2010.01.26 07:37:04.255,1.47065,1.47085,1.70,1.00
2010.01.26 07:37:04.645,1.47065,1.47085,1.60,1.00
2010.01.26 07:37:04.985,1.47065,1.47085,1.70,3.90
2010.01.26 07:37:06.425,1.4707,1.47085,2.50,1.00
2010.01.26 07:37:06.754,1.47065,1.47085,1.70,1.00
2010.01.26 07:37:06.924,1.4707,1.47085,2.50,1.00
2010.01.26 07:37:07.094,1.4707,1.4709,2.50,8.90
2010.01.26 07:37:10.014,1.4707,1.4709,4.10,7.10
2010.01.26 07:37:10.364,1.47075,1.4709,2.50,4.70
2010.01.26 07:37:10.714,1.47075,1.4709,2.40,4.90
2010.01.26 07:37:11.003,1.47075,1.4709,1.00,3.20
2010.01.26 07:37:11.353,1.4707,1.4709,4.20,1.50
2010.01.26 07:37:16.982,1.47075,1.4709,2.40,1.60
2010.01.26 07:37:17.092,1.4707,1.4709,1.60,4.00
2010.01.26 07:37:17.152,1.4707,1.4709,1.70,7.30
2010.01.26 07:37:17.682,1.4707,1.47085,1.70,1.00
2010.01.26 07:37:17.962,1.4707,1.47085,1.00,1.00
2010.01.26 07:37:19.521,1.4707,1.4709,1.00,12.90
2010.01.26 07:37:20.091,1.4707,1.4709,1.70,7.30
2010.01.26 07:37:28.489,1.4707,1.4709,1.70,11.30
2010.01.26 07:37:29.609,1.4707,1.4709,1.70,7.30
2010.01.26 07:37:30.799,1.4707,1.4709,1.00,4.10
2010.01.26 07:37:34.418,1.47065,1.4709,6.40,4.10
2010.01.26 07:37:34.758,1.4707,1.4709,1.00,3.90
2010.01.26 07:37:34.988,1.4707,1.4709,4.10,3.90
2010.01.26 07:37:35.168,1.4707,1.4709,1.70,3.90
2010.01.26 07:37:35.338,1.4707,1.4709,1.60,4.10
2010.01.26 07:37:44.305,1.47065,1.4709,2.40,5.70
2010.01.26 07:37:44.655,1.47065,1.47085,1.70,1.00
2010.01.26 07:37:45.345,1.47065,1.47085,1.60,1.00
2010.01.26 07:37:46.025,1.4706,1.47085,4.90,5.70
2010.01.26 07:37:46.265,1.47065,1.47085,1.60,4.10
2010.01.26 07:37:46.925,1.47065,1.47085,1.70,4.10
2010.01.26 07:37:47.914,1.47065,1.47085,1.60,4.10
2010.01.26 07:37:48.204,1.47065,1.47085,1.60,5.70
2010.01.26 07:37:48.784,1.47065,1.4708,1.60,2.40
2010.01.26 07:37:49.254,1.47065,1.47085,1.60,5.70
2010.01.26 07:37:52.123,1.47065,1.47075,1.60,1.00
2010.01.26 07:37:52.303,1.47065,1.47085,1.60,12.60
2010.01.26 07:37:52.473,1.47065,1.47085,1.60,10.30
2010.01.26 07:37:56.752,1.47065,1.47085,1.60,1.00
2010.01.26 07:37:56.922,1.47065,1.4708,1.60,2.40
2010.01.26 07:37:57.042,1.47065,1.47075,1.60,1.00
2010.01.26 07:37:57.792,1.47065,1.47085,1.60,5.30
2010.01.26 07:37:58.132,1.47065,1.47085,1.60,1.00
2010.01.26 07:37:59.732,1.4707,1.4709,2.50,8.70
2010.01.26 07:38:00.132,1.4707,1.4709,2.50,5.50
2010.01.26 07:38:00.472,1.4707,1.4709,4.10,5.50
2010.01.26 07:38:02.541,1.47075,1.4709,1.00,5.50
2010.01.26 07:38:02.721,1.47075,1.4709,2.50,3.10
2010.01.26 07:38:03.301,1.47075,1.4709,2.50,2.40
2010.01.26 07:38:03.981,1.4707,1.47085,2.50,1.00
2010.01.26 07:38:04.101,1.47075,1.4709,2.50,1.00
2010.01.26 07:38:04.211,1.4707,1.4709,4.10,3.20
2010.01.26 07:38:04.391,1.47075,1.4709,1.60,3.20
2010.01.26 07:38:04.750,1.4707,1.4709,8.10,3.20
2010.01.26 07:38:08.490,1.4707,1.4709,8.10,2.40
2010.01.26 07:38:08.900,1.47075,1.4709,1.60,2.40
2010.01.26 07:38:09.190,1.47075,1.47095,2.40,5.70
2010.01.26 07:38:09.470,1.47075,1.47095,2.50,4.90
2010.01.26 07:38:10.089,1.47075,1.4709,2.50,1.00
2010.01.26 07:38:18.097,1.47075,1.4709,1.00,3.20
2010.01.26 07:38:18.387,1.4707,1.4709,8.10,3.20
2010.01.26 07:38:20.587,1.4708,1.4709,1.00,2.40
2010.01.26 07:38:20.927,1.47075,1.4709,1.60,2.40
2010.01.26 07:38:21.317,1.4707,1.4709,4.90,3.30
2010.01.26 07:38:22.516,1.4707,1.4709,8.10,3.20
2010.01.26 07:38:24.766,1.47075,1.47095,2.40,13.30
2010.01.26 07:38:25.105,1.47075,1.4709,2.50,1.00
2010.01.26 07:38:37.702,1.4708,1.4709,2.40,1.00
2010.01.26 07:38:37.872,1.47075,1.4709,2.50,2.40
2010.01.26 07:38:38.232,1.47075,1.4709,2.50,1.00
2010.01.26 07:38:38.453,1.47075,1.4709,2.50,2.40
2010.01.26 07:38:38.742,1.47075,1.4709,2.50,1.00
2010.01.26 07:38:41.582,1.47075,1.47095,2.50,4.90
2010.01.26 07:38:41.642,1.47075,1.47095,4.10,6.50
2010.01.26 07:38:41.981,1.47075,1.47095,2.50,4.90
2010.01.26 07:38:43.951,1.47075,1.47095,2.50,4.80
2010.01.26 07:38:50.409,1.47075,1.47095,2.50,6.40
2010.01.26 07:38:50.759,1.47075,1.47095,4.10,6.40
2010.01.26 07:38:54.009,1.4708,1.47095,1.00,6.40
2010.01.26 07:38:54.348,1.47075,1.47095,2.50,4.80
2010.01.26 07:38:55.368,1.47075,1.47095,2.50,4.00
2010.01.26 07:38:55.718,1.4708,1.47095,1.60,8.80
2010.01.26 07:38:56.068,1.47075,1.47095,4.10,8.80
2010.01.26 07:38:56.768,1.4708,1.47095,2.50,6.40
2010.01.26 07:38:56.938,1.4708,1.47095,2.40,6.50
2010.01.26 07:38:56.998,1.47075,1.47095,4.10,8.90
2010.01.26 07:38:57.098,1.47085,1.47095,1.00,8.80
2010.01.26 07:38:57.158,1.47085,1.47095,1.00,6.40
2010.01.26 07:38:57.278,1.47075,1.47095,4.10,10.50
2010.01.26 07:38:57.338,1.47075,1.47095,4.70,8.90
2010.01.26 07:38:57.458,1.47075,1.47095,4.10,8.90
2010.01.26 07:38:57.858,1.47075,1.47095,4.10,11.30
2010.01.26 07:38:59.127,1.47075,1.4709,1.60,3.20
2010.01.26 07:38:59.407,1.4707,1.4709,4.90,3.20
2010.01.26 07:38:59.977,1.4707,1.4709,4.90,4.90
2010.01.26 07:39:00.327,1.4707,1.4709,4.10,4.90
2010.01.26 07:39:01.297,1.4707,1.4709,4.90,4.90
2010.01.26 07:39:01.887,1.4707,1.4709,4.90,2.50
2010.01.26 07:39:02.117,1.4707,1.4709,4.90,3.30
2010.01.26 07:39:03.596,1.47065,1.47085,2.40,1.00
2010.01.26 07:39:03.886,1.47075,1.4709,1.00,3.30
2010.01.26 07:39:04.226,1.4707,1.4709,1.70,3.30
2010.01.26 07:39:04.446,1.4707,1.4709,1.00,3.30
2010.01.26 07:39:04.626,1.4707,1.4709,1.70,3.30
2010.01.26 07:39:04.856,1.4707,1.4709,1.00,3.30
2010.01.26 07:39:05.866,1.47075,1.4709,1.70,2.40
2010.01.26 07:39:06.206,1.47075,1.4709,1.00,2.40
2010.01.26 07:39:10.665,1.47075,1.4709,1.00,2.50
2010.01.26 07:39:11.075,1.4708,1.4709,1.00,2.40
2010.01.26 07:39:11.244,1.4708,1.47095,1.00,4.90
2010.01.26 07:39:11.415,1.4707,1.4709,1.70,3.30
2010.01.26 07:39:11.594,1.4707,1.4709,1.60,3.30
2010.01.26 07:39:11.764,1.4707,1.4709,1.60,7.30
2010.01.26 07:39:11.934,1.4707,1.4709,1.60,3.30
2010.01.26 07:39:13.274,1.4707,1.4709,4.10,3.30
2010.01.26 07:39:13.804,1.4707,1.4709,7.30,3.30
2010.01.26 07:39:13.984,1.4707,1.4709,8.10,3.30
2010.01.26 07:39:16.063,1.47075,1.4709,1.60,2.40
2010.01.26 07:39:16.403,1.4707,1.4709,8.10,2.40
2010.01.26 07:39:16.583,1.4707,1.4709,4.90,2.40
2010.01.26 07:39:18.033,1.47075,1.4709,1.00,2.40
2010.01.26 07:39:18.273,1.47075,1.47095,2.50,6.50
2010.01.26 07:39:18.493,1.47075,1.47095,2.50,4.90
2010.01.26 07:39:18.843,1.47075,1.47095,3.30,4.90
2010.01.26 07:39:19.143,1.47075,1.47095,6.50,4.90
2010.01.26 07:39:19.542,1.4708,1.47095,2.50,2.40
2010.01.26 07:39:19.882,1.4708,1.471,2.50,11.70
2010.01.26 07:39:20.212,1.47075,1.47095,8.10,4.10
2010.01.26 07:39:20.622,1.4708,1.47095,2.40,2.40
2010.01.26 07:39:20.982,1.47075,1.47095,8.10,4.80
2010.01.26 07:39:24.001,1.47075,1.47095,4.90,4.80
2010.01.26 07:39:25.601,1.47085,1.471,1.00,13.90
2010.01.26 07:39:25.951,1.47075,1.47095,4.90,4.80
2010.01.26 07:39:29.860,1.47075,1.47095,4.90,4.90
2010.01.26 07:39:29.970,1.47075,1.47095,4.90,6.50
2010.01.26 07:39:30.420,1.47075,1.47095,4.10,6.50
2010.01.26 07:39:31.679,1.47075,1.47095,4.10,6.40
2010.01.26 07:39:31.840,1.47075,1.47095,2.50,6.50
2010.01.26 07:39:35.759,1.47085,1.47095,2.40,1.60
2010.01.26 07:39:36.099,1.4708,1.471,2.50,14.90
2010.01.26 07:39:36.678,1.47075,1.4709,1.70,2.40
2010.01.26 07:39:37.148,1.47075,1.4709,1.00,2.40
2010.01.26 07:39:49.015,1.4708,1.47095,2.50,1.00
2010.01.26 07:39:49.365,1.4708,1.47095,2.50,4.00
2010.01.26 07:39:49.605,1.47075,1.4709,1.70,2.40
2010.01.26 07:39:52.714,1.47075,1.4709,1.60,2.50
2010.01.26 07:39:52.994,1.4707,1.4709,8.10,2.50
2010.01.26 07:39:53.514,1.47075,1.4709,1.60,2.50
2010.01.26 07:39:54.104,1.47075,1.47095,4.90,4.80
2010.01.26 07:39:54.744,1.47075,1.47095,8.10,4.80
2010.01.26 07:39:57.383,1.4708,1.47095,1.00,4.00
2010.01.26 07:39:57.503,1.4708,1.47095,2.50,1.60
2010.01.26 07:39:57.623,1.4708,1.47095,2.50,2.40
2010.01.26 07:39:57.733,1.47075,1.47095,8.10,4.80
2010.01.26 07:39:58.133,1.4708,1.47095,2.50,1.60
2010.01.26 07:40:00.293,1.47075,1.47095,8.10,4.80
2010.01.26 07:40:00.822,1.47075,1.47095,8.10,4.90
2010.01.26 07:40:01.512,1.47075,1.47095,8.10,4.80
2010.01.26 07:40:03.372,1.4708,1.47095,1.00,2.40
2010.01.26 07:40:03.672,1.4708,1.47095,1.60,2.50
2010.01.26 07:40:03.952,1.47075,1.47095,8.10,2.50
2010.01.26 07:40:05.651,1.4708,1.471,4.90,8.90
2010.01.26 07:40:05.991,1.4708,1.471,4.90,4.90
2010.01.26 07:40:06.341,1.4708,1.471,4.90,8.90
2010.01.26 07:40:10.170,1.4708,1.471,4.90,4.90
2010.01.26 07:40:11.810,1.4708,1.471,4.90,4.80
2010.01.26 07:40:12.040,1.4708,1.471,4.90,3.20
2010.01.26 07:40:12.380,1.47085,1.471,2.40,1.00
2010.01.26 07:40:12.770,1.4708,1.471,4.00,4.90
2010.01.26 07:40:13.120,1.47075,1.471,10.80,4.90
2010.01.26 07:40:13.450,1.47075,1.471,5.60,4.90
2010.01.26 07:40:16.119,1.47075,1.47095,2.40,1.00
2010.01.26 07:40:22.547,1.47075,1.47095,6.40,1.00
2010.01.26 07:40:22.657,1.4708,1.47095,1.60,1.00
2010.01.26 07:40:26.656,1.47075,1.47095,6.40,1.00
2010.01.26 07:40:27.826,1.47075,1.47095,2.40,1.00
2010.01.26 07:40:35.604,1.4708,1.47095,1.60,1.00
2010.01.26 07:40:44.102,1.47075,1.471,2.50,5.70
2010.01.26 07:40:44.392,1.4708,1.471,1.60,4.10
2010.01.26 07:40:44.672,1.4708,1.471,1.70,3.30
2010.01.26 07:40:48.551,1.47085,1.471,1.00,3.30
2010.01.26 07:40:49.591,1.4708,1.471,4.10,4.90
2010.01.26 07:40:50.431,1.4708,1.471,8.10,4.90
2010.01.26 07:40:50.721,1.4708,1.471,12.10,4.90
2010.01.26 07:40:51.020,1.47085,1.471,1.70,3.20
2010.01.26 07:40:51.370,1.47085,1.471,4.00,3.30
2010.01.26 07:40:51.760,1.4708,1.471,6.50,8.90
2010.01.26 07:40:52.170,1.4708,1.471,12.10,3.30
2010.01.26 07:40:54.120,1.4708,1.471,12.90,3.30
2010.01.26 07:40:54.290,1.47085,1.471,2.50,1.00
2010.01.26 07:40:54.410,1.47085,1.47105,2.50,14.90
2010.01.26 07:40:54.520,1.47085,1.47105,6.50,6.90
2010.01.26 07:40:54.580,1.47085,1.47105,8.10,4.90
2010.01.26 07:40:54.690,1.47085,1.47105,12.10,4.90
2010.01.26 07:40:54.800,1.47085,1.47105,10.50,6.40
2010.01.26 07:40:55.150,1.47085,1.471,9.60,2.40
2010.01.26 07:40:55.499,1.4708,1.471,5.70,3.90
2010.01.26 07:40:55.849,1.4708,1.471,5.70,7.10
2010.01.26 07:40:58.319,1.4708,1.471,6.50,8.90
2010.01.26 07:40:58.649,1.4708,1.471,1.70,11.30
2010.01.26 07:40:59.009,1.4708,1.471,1.70,12.90
2010.01.26 07:40:59.349,1.47085,1.471,9.70,6.30
2010.01.26 07:40:59.688,1.47085,1.471,8.10,6.30
2010.01.26 07:41:00.039,1.47085,1.471,4.10,7.90
2010.01.26 07:41:00.388,1.47085,1.471,1.00,7.90
2010.01.26 07:41:00.738,1.47085,1.471,1.00,6.30
2010.01.26 07:41:01.898,1.47085,1.471,4.10,6.30
2010.01.26 07:41:02.188,1.47085,1.471,8.10,3.10
2010.01.26 07:41:02.638,1.4709,1.471,2.40,1.00
2010.01.26 07:41:02.798,1.4709,1.471,2.40,1.00
2010.01.26 07:41:02.978,1.4709,1.47095,2.40,1.00
2010.01.26 07:41:03.377,1.4708,1.471,8.10,12.90
2010.01.26 07:41:03.767,1.4708,1.471,5.70,12.90
2010.01.26 07:41:05.137,1.4708,1.471,8.10,8.90
2010.01.26 07:41:05.467,1.4708,1.471,8.10,7.30
2010.01.26 07:41:06.177,1.47085,1.471,1.00,3.20
2010.01.26 07:41:06.527,1.4709,1.47105,1.00,14.50
2010.01.26 07:41:06.857,1.4709,1.47105,1.00,10.50
2010.01.26 07:41:08.047,1.47085,1.47105,10.50,10.50
2010.01.26 07:41:08.286,1.47085,1.471,8.10,2.40
2010.01.26 07:41:08.516,1.47085,1.471,1.70,3.10
2010.01.26 07:41:08.746,1.47085,1.471,5.70,3.10
2010.01.26 07:41:09.626,1.47085,1.471,1.70,3.10
2010.01.26 07:41:10.216,1.47085,1.471,1.70,2.40
2010.01.26 07:41:10.736,1.47085,1.471,1.70,3.10
2010.01.26 07:41:11.486,1.47085,1.471,5.70,3.10
2010.01.26 07:41:11.825,1.47085,1.471,1.70,3.10
2010.01.26 07:41:12.115,1.47085,1.471,5.70,3.10
2010.01.26 07:41:12.665,1.47085,1.471,8.10,1.00
2010.01.26 07:41:12.785,1.47085,1.471,12.10,1.00
2010.01.26 07:41:13.185,1.47085,1.471,1.60,3.20
2010.01.26 07:41:13.475,1.4708,1.471,12.10,4.10
2010.01.26 07:41:13.835,1.47085,1.471,1.60,3.30
2010.01.26 07:41:14.525,1.47085,1.471,1.60,4.10
2010.01.26 07:41:14.875,1.47085,1.471,1.60,7.30
2010.01.26 07:41:15.914,1.47085,1.471,1.60,4.10
2010.01.26 07:41:16.394,1.47085,1.471,1.70,3.20
2010.01.26 07:41:16.614,1.47085,1.471,1.60,3.30
2010.01.26 07:41:17.204,1.47085,1.471,1.60,4.10
2010.01.26 07:41:17.314,1.4708,1.471,12.10,4.10
2010.01.26 07:41:18.524,1.47085,1.471,1.00,3.10
2010.01.26 07:41:18.864,1.47085,1.471,1.00,2.40
2010.01.26 07:41:19.204,1.47085,1.471,4.10,2.40
2010.01.26 07:41:19.893,1.47085,1.471,1.00,2.40
2010.01.26 07:41:20.273,1.47085,1.47105,2.50,15.30
2010.01.26 07:41:20.623,1.47085,1.471,9.70,2.40
2010.01.26 07:41:20.973,1.47085,1.471,1.70,2.40
2010.01.26 07:41:21.613,1.47085,1.471,5.70,2.40
2010.01.26 07:41:23.212,1.47085,1.471,4.00,2.50
2010.01.26 07:41:23.742,1.4708,1.471,12.10,4.10
2010.01.26 07:41:24.092,1.4708,1.471,8.10,8.10
2010.01.26 07:41:25.282,1.4708,1.471,8.10,8.90
2010.01.26 07:41:25.962,1.4708,1.471,6.50,12.10
2010.01.26 07:41:26.302,1.4708,1.47095,1.00,2.40
2010.01.26 07:41:26.602,1.4708,1.471,8.10,8.90
2010.01.26 07:41:27.232,1.4708,1.471,8.10,12.10
2010.01.26 07:41:28.361,1.4708,1.471,8.10,16.10
2010.01.26 07:41:28.651,1.4708,1.471,4.10,12.10
2010.01.26 07:41:29.281,1.4708,1.471,8.10,12.10
2010.01.26 07:41:30.681,1.47085,1.471,1.70,6.30
2010.01.26 07:41:31.411,1.47085,1.471,1.00,7.90
2010.01.26 07:41:31.761,1.47085,1.471,1.00,6.30
2010.01.26 07:41:31.930,1.4708,1.471,12.10,6.50
2010.01.26 07:41:32.090,1.4708,1.471,8.10,10.50
2010.01.26 07:41:32.261,1.4708,1.471,8.00,6.40
2010.01.26 07:41:32.471,1.47085,1.471,1.60,2.50
2010.01.26 07:41:33.170,1.4708,1.471,12.10,2.50
2010.01.26 07:41:33.520,1.4708,1.471,12.10,3.30
2010.01.26 07:41:34.550,1.4708,1.471,8.10,3.30
2010.01.26 07:41:35.060,1.4708,1.47095,1.60,1.00
2010.01.26 07:41:37.439,1.4708,1.47095,1.60,4.10
2010.01.26 07:41:37.559,1.4708,1.47095,1.70,4.00
2010.01.26 07:41:37.729,1.4708,1.471,1.70,12.10
2010.01.26 07:41:38.059,1.4708,1.471,1.60,12.10
2010.01.26 07:41:38.439,1.4708,1.471,1.60,15.30
2010.01.26 07:41:38.789,1.4708,1.471,1.60,14.50
2010.01.26 07:41:40.339,1.4708,1.471,1.60,15.30
2010.01.26 07:41:40.808,1.4708,1.47095,1.60,1.00
2010.01.26 07:41:48.317,1.47075,1.47095,5.60,1.00
2010.01.26 07:41:48.487,1.47075,1.4709,5.60,2.50
2010.01.26 07:41:48.657,1.47075,1.4709,1.60,2.40
2010.01.26 07:41:49.006,1.47075,1.4709,1.60,1.00
2010.01.26 07:41:49.357,1.47075,1.4709,1.70,6.40
2010.01.26 07:41:49.706,1.47075,1.471,5.60,16.90
2010.01.26 07:41:50.046,1.4708,1.471,1.60,15.30
2010.01.26 07:41:50.407,1.4708,1.47095,1.60,1.00
2010.01.26 07:41:51.406,1.4708,1.47095,1.60,1.00
2010.01.26 07:41:58.814,1.4708,1.471,1.60,15.30
2010.01.26 07:42:00.294,1.47075,1.47095,1.70,6.50
2010.01.26 07:42:00.634,1.47075,1.47095,9.70,1.00
2010.01.26 07:42:01.343,1.47075,1.47095,9.70,4.10
2010.01.26 07:42:01.963,1.47075,1.47095,5.70,4.10
2010.01.26 07:42:02.943,1.47075,1.47095,5.70,1.00
2010.01.26 07:42:03.753,1.47075,1.47095,9.70,1.00
2010.01.26 07:42:04.573,1.47075,1.47095,5.70,1.00
2010.01.26 07:42:04.912,1.47075,1.47095,5.70,1.00
2010.01.26 07:42:05.293,1.47075,1.471,9.60,16.90
2010.01.26 07:42:05.592,1.4708,1.471,1.60,15.30
2010.01.26 07:42:09.002,1.4708,1.47095,1.60,1.00
2010.01.26 07:42:12.481,1.4708,1.47095,1.60,4.70
2010.01.26 07:42:12.651,1.4708,1.47095,1.60,1.00
2010.01.26 07:42:13.380,1.47085,1.47095,1.00,1.00
2010.01.26 07:42:13.720,1.47075,1.47095,1.60,8.70
2010.01.26 07:42:14.060,1.47075,1.47095,9.60,1.00
2010.01.26 07:42:14.410,1.4708,1.47095,1.60,1.00
2010.01.26 07:42:16.360,1.4708,1.47095,1.60,1.00
2010.01.26 07:42:17.440,1.4708,1.47095,1.60,4.10
2010.01.26 07:42:17.789,1.47075,1.47095,5.70,4.10
2010.01.26 07:42:18.079,1.47075,1.47095,5.70,1.00
2010.01.26 07:42:19.579,1.47075,1.47095,5.60,4.10
2010.01.26 07:42:20.569,1.47075,1.47095,5.60,8.10
2010.01.26 07:42:24.738,1.47075,1.47095,5.60,4.90
2010.01.26 07:42:25.848,1.47075,1.47095,5.70,4.90
2010.01.26 07:42:26.197,1.47075,1.47095,5.70,1.00
2010.01.26 07:42:26.527,1.47075,1.471,5.60,16.90
2010.01.26 07:42:27.127,1.47075,1.47095,5.70,1.00
2010.01.26 07:42:27.307,1.47075,1.47095,5.70,1.00
2010.01.26 07:42:27.527,1.47075,1.47095,5.70,1.00
2010.01.26 07:42:33.866,1.4708,1.471,1.70,11.30
2010.01.26 07:42:34.205,1.4708,1.471,5.70,7.30
2010.01.26 07:42:36.665,1.4708,1.47095,5.60,1.00
2010.01.26 07:42:37.185,1.4708,1.47095,1.60,1.00
2010.01.26 07:42:42.923,1.4708,1.471,1.60,7.30
2010.01.26 07:42:43.143,1.4708,1.471,1.60,11.30
2010.01.26 07:42:43.613,1.4708,1.471,1.60,12.10
2010.01.26 07:42:44.623,1.4708,1.471,9.70,3.90
2010.01.26 07:42:45.244,1.4708,1.471,1.70,7.90
2010.01.26 07:42:45.463,1.4708,1.471,4.90,7.30
2010.01.26 07:42:45.753,1.4708,1.471,8.90,2.50
2010.01.26 07:42:45.973,1.4708,1.471,8.90,6.50
2010.01.26 07:42:48.442,1.4708,1.471,16.10,6.50
2010.01.26 07:42:48.682,1.4708,1.471,16.10,2.40
2010.01.26 07:42:49.722,1.47085,1.471,1.60,2.40
2010.01.26 07:42:55.950,1.4708,1.471,16.10,2.50
2010.01.26 07:42:57.350,1.47085,1.471,1.70,2.40
2010.01.26 07:42:58.260,1.47085,1.471,1.60,2.40
2010.01.26 07:43:04.898,1.47085,1.471,1.60,2.50
2010.01.26 07:43:07.168,1.47085,1.471,1.70,2.40
2010.01.26 07:43:07.747,1.47085,1.471,9.70,2.40
2010.01.26 07:43:08.437,1.47085,1.471,5.70,2.40
2010.01.26 07:43:08.907,1.47085,1.471,9.70,2.40
2010.01.26 07:43:12.107,1.47085,1.471,5.70,2.40
2010.01.26 07:43:12.336,1.47085,1.471,9.70,2.40
2010.01.26 07:43:13.026,1.47085,1.471,5.70,2.40
2010.01.26 07:43:14.306,1.47085,1.471,9.70,2.40
2010.01.26 07:43:19.305,1.4709,1.47105,4.10,4.80
2010.01.26 07:43:19.475,1.4709,1.47105,4.00,4.90
2010.01.26 07:43:19.835,1.4709,1.47105,2.40,4.90
2010.01.26 07:43:20.005,1.47085,1.471,9.70,2.40
2010.01.26 07:43:22.744,1.47085,1.471,5.70,2.40
2010.01.26 07:43:23.394,1.47085,1.471,9.70,2.40
2010.01.26 07:43:30.722,1.4709,1.47105,1.00,4.80
2010.01.26 07:43:34.611,1.47085,1.47105,12.90,4.80
2010.01.26 07:43:34.791,1.47085,1.471,5.70,2.40
2010.01.26 07:43:35.011,1.47085,1.471,1.70,2.40
2010.01.26 07:43:35.181,1.47085,1.471,5.70,2.40
2010.01.26 07:43:35.421,1.47085,1.471,5.60,2.50
2010.01.26 07:43:35.591,1.47085,1.471,1.60,2.50
2010.01.26 07:43:35.941,1.47085,1.471,5.70,2.40
2010.01.26 07:43:40.139,1.47085,1.471,1.60,2.50
2010.01.26 07:43:55.646,1.4708,1.471,12.90,2.50
2010.01.26 07:43:56.666,1.47085,1.471,2.40,1.00
2010.01.26 07:43:57.016,1.4709,1.47105,4.10,6.40
2010.01.26 07:43:57.306,1.4709,1.47105,4.10,4.80
2010.01.26 07:43:59.235,1.47095,1.47105,1.00,3.20
2010.01.26 07:43:59.595,1.4709,1.47105,2.50,4.90
2010.01.26 07:43:59.885,1.47085,1.47105,8.10,5.70
2010.01.26 07:44:00.285,1.47085,1.471,1.70,2.40
2010.01.26 07:44:04.185,1.47085,1.471,1.70,2.40
2010.01.26 07:44:04.534,1.47085,1.471,5.70,2.40
2010.01.26 07:44:04.944,1.47085,1.471,1.60,2.50
2010.01.26 07:44:05.124,1.4708,1.471,12.90,2.50
2010.01.26 07:44:08.763,1.47085,1.471,1.60,2.50
2010.01.26 07:44:09.123,1.47085,1.471,1.70,2.40
2010.01.26 07:44:12.302,1.47085,1.471,1.60,2.50
2010.01.26 07:44:15.521,1.4708,1.471,12.10,2.50
2010.01.26 07:44:18.801,1.47085,1.47105,4.10,13.70
2010.01.26 07:44:19.150,1.47085,1.471,5.70,2.40
2010.01.26 07:44:20.970,1.4709,1.471,1.00,2.40
2010.01.26 07:44:21.330,1.4709,1.47105,1.00,4.90
2010.01.26 07:44:21.960,1.47085,1.4711,12.10,22.20
2010.01.26 07:44:24.209,1.4709,1.47105,1.00,4.90
2010.01.26 07:44:25.749,1.47085,1.47105,12.10,4.90
2010.01.26 07:44:26.078,1.4709,1.47105,1.00,4.90
2010.01.26 07:44:27.358,1.47085,1.47105,12.10,4.90
2010.01.26 07:44:27.588,1.4709,1.47105,1.00,4.90
2010.01.26 07:44:36.256,1.47085,1.471,12.00,1.00
2010.01.26 07:44:36.606,1.47085,1.471,1.60,2.50
2010.01.26 07:44:36.836,1.47085,1.471,5.60,2.50
2010.01.26 07:44:37.056,1.47085,1.471,1.60,2.40
2010.01.26 07:44:37.286,1.4708,1.471,12.90,2.50
2010.01.26 07:44:37.696,1.47085,1.471,1.70,2.40
2010.01.26 07:44:37.986,1.47085,1.471,5.70,2.40
2010.01.26 07:44:40.006,1.4709,1.47105,1.00,8.90
2010.01.26 07:44:40.116,1.4709,1.47105,1.00,4.90
2010.01.26 07:44:40.285,1.47085,1.47105,12.10,4.90
2010.01.26 07:44:40.465,1.4709,1.47105,1.00,4.90
2010.01.26 07:44:40.585,1.4709,1.47105,1.00,2.50
2010.01.26 07:44:41.555,1.47085,1.47105,8.10,6.50
2010.01.26 07:44:41.905,1.47085,1.47105,8.10,2.50
2010.01.26 07:44:42.265,1.4709,1.47105,1.00,6.50
2010.01.26 07:44:42.605,1.47085,1.47105,8.10,8.10
2010.01.26 07:44:42.954,1.47085,1.471,4.00,1.00
2010.01.26 07:44:43.184,1.47085,1.471,1.60,2.50
2010.01.26 07:44:44.224,1.47085,1.471,5.70,2.40
2010.01.26 07:44:47.573,1.4709,1.471,1.70,2.40
2010.01.26 07:44:47.853,1.47085,1.47105,12.90,4.90
2010.01.26 07:44:48.134,1.47095,1.47105,1.00,1.60
2010.01.26 07:44:48.413,1.4709,1.47105,2.40,2.50
2010.01.26 07:44:48.753,1.47085,1.47105,16.10,4.80
2010.01.26 07:44:49.803,1.47085,1.47105,12.90,4.80
2010.01.26 07:44:50.733,1.47085,1.47105,16.10,4.80
2010.01.26 07:44:52.602,1.47095,1.47105,1.00,2.40
2010.01.26 07:44:52.932,1.4709,1.4711,8.10,6.50
2010.01.26 07:44:53.102,1.4709,1.4711,8.10,2.50
2010.01.26 07:44:54.552,1.4709,1.4711,8.10,7.30
2010.01.26 07:44:55.132,1.4709,1.4711,8.10,6.50
2010.01.26 07:44:57.001,1.4709,1.4711,12.10,2.50
2010.01.26 07:44:57.181,1.4709,1.4711,8.10,2.50
2010.01.26 07:44:57.351,1.4709,1.4711,8.90,2.50
2010.01.26 07:45:11.598,1.47095,1.4711,1.60,2.50
2010.01.26 07:45:12.108,1.4709,1.4711,10.50,3.30
2010.01.26 07:45:13.538,1.47095,1.4711,1.00,3.20
2010.01.26 07:45:13.817,1.47095,1.4711,5.70,2.40
2010.01.26 07:45:14.147,1.47095,1.4711,1.70,2.40
2010.01.26 07:45:14.497,1.47095,1.4711,1.00,3.20
2010.01.26 07:45:14.777,1.47095,1.4711,4.10,3.20
2010.01.26 07:45:18.027,1.47095,1.4711,9.70,2.40
2010.01.26 07:45:18.476,1.47095,1.4711,1.70,2.40
2010.01.26 07:45:19.406,1.47095,1.4711,9.70,2.40
2010.01.26 07:45:19.916,1.471,1.4711,1.00,2.40
2010.01.26 07:45:21.175,1.47095,1.4711,9.70,2.40
2010.01.26 07:45:21.865,1.471,1.4711,1.00,2.40
2010.01.26 07:45:22.215,1.47105,1.47115,1.00,2.40
2010.01.26 07:45:22.505,1.471,1.47115,1.70,2.40
2010.01.26 07:45:23.205,1.471,1.47115,1.60,2.50
2010.01.26 07:45:23.315,1.47095,1.4711,8.00,1.00
2010.01.26 07:45:23.605,1.47095,1.4711,1.60,2.50
2010.01.26 07:45:23.885,1.4709,1.4711,12.10,2.50
2010.01.26 07:45:24.105,1.4709,1.4711,8.10,2.50
2010.01.26 07:45:25.775,1.47095,1.4711,2.40,1.00
2010.01.26 07:45:26.114,1.47095,1.4711,1.00,2.40
2010.01.26 07:45:26.794,1.471,1.4711,1.00,2.40
2010.01.26 07:45:27.134,1.47095,1.4711,1.00,2.40
2010.01.26 07:45:27.774,1.471,1.4711,4.10,2.40
2010.01.26 07:45:28.064,1.47095,1.4711,1.00,2.40
2010.01.26 07:45:28.644,1.47095,1.47115,8.90,5.70
2010.01.26 07:45:28.984,1.471,1.47115,1.00,4.80
2010.01.26 07:45:29.283,1.47095,1.4711,9.60,2.40
2010.01.26 07:45:29.574,1.4709,1.4711,12.90,2.50
2010.01.26 07:45:29.854,1.4709,1.4711,8.10,6.50
2010.01.26 07:45:32.093,1.4709,1.4711,8.00,6.50
2010.01.26 07:45:32.263,1.4709,1.4711,8.00,7.30
2010.01.26 07:45:32.493,1.4709,1.4711,4.00,7.30
2010.01.26 07:45:32.893,1.4709,1.4711,2.40,8.90
2010.01.26 07:45:33.123,1.4709,1.47105,2.40,1.00
2010.01.26 07:45:33.393,1.4709,1.47105,2.50,1.00
2010.01.26 07:45:33.612,1.4709,1.4711,6.50,8.10
2010.01.26 07:45:35.202,1.4709,1.47105,6.50,1.00
2010.01.26 07:45:35.602,1.47085,1.47105,14.90,1.00
2010.01.26 07:45:35.932,1.4709,1.4711,6.40,8.10
2010.01.26 07:45:36.212,1.4709,1.4711,6.50,8.10
2010.01.26 07:45:36.552,1.4709,1.4711,7.30,8.10
2010.01.26 07:45:36.892,1.4709,1.4711,12.10,6.50
2010.01.26 07:45:37.242,1.47095,1.4711,3.30,4.00
2010.01.26 07:45:37.532,1.47095,1.4711,8.00,1.00
2010.01.26 07:45:37.821,1.47095,1.47115,8.10,12.10
2010.01.26 07:45:38.101,1.47095,1.47115,12.10,8.10
2010.01.26 07:45:39.431,1.47095,1.47115,17.30,8.10
2010.01.26 07:45:39.721,1.471,1.47115,3.20,6.50
2010.01.26 07:45:39.951,1.471,1.47115,8.80,2.50
2010.01.26 07:45:40.181,1.471,1.47115,7.20,2.40
2010.01.26 07:45:40.461,1.471,1.4712,12.90,5.60
2010.01.26 07:45:41.051,1.471,1.4712,12.90,1.60
2010.01.26 07:45:41.391,1.47105,1.4712,1.00,1.60
2010.01.26 07:45:41.751,1.47105,1.47125,4.10,9.60
2010.01.26 07:45:42.091,1.4711,1.47125,4.10,1.60
2010.01.26 07:45:42.441,1.4711,1.47125,1.00,1.60
2010.01.26 07:45:42.610,1.47105,1.47125,12.10,1.70
2010.01.26 07:45:42.780,1.47105,1.47125,4.10,5.70
2010.01.26 07:45:43.320,1.4711,1.47125,2.40,1.70
2010.01.26 07:45:43.490,1.47105,1.47125,12.10,4.10
2010.01.26 07:45:43.820,1.4711,1.4713,7.30,8.50
2010.01.26 07:45:44.170,1.4711,1.4713,12.90,4.40
2010.01.26 07:45:44.520,1.47115,1.47135,4.00,9.60
2010.01.26 07:45:44.740,1.47115,1.47135,4.00,5.60
2010.01.26 07:45:44.970,1.47115,1.47135,4.00,5.70
2010.01.26 07:45:45.150,1.47115,1.47135,4.00,9.70
2010.01.26 07:45:45.370,1.47115,1.47135,4.00,5.70
2010.01.26 07:45:45.800,1.4711,1.47135,13.70,6.50
2010.01.26 07:45:46.459,1.4711,1.4713,12.10,1.00
2010.01.26 07:45:46.799,1.4711,1.4713,11.30,1.00
2010.01.26 07:45:48.629,1.4711,1.47135,12.90,16.10
2010.01.26 07:45:48.729,1.4711,1.47135,12.90,13.70
2010.01.26 07:45:48.849,1.4711,1.47135,12.90,9.70
2010.01.26 07:45:49.199,1.47115,1.47135,1.00,10.50
2010.01.26 07:45:49.898,1.47115,1.47135,1.00,9.70
2010.01.26 07:45:50.229,1.47115,1.47135,1.00,12.10
2010.01.26 07:45:50.578,1.47115,1.47135,1.00,9.70
2010.01.26 07:45:50.918,1.4711,1.47125,8.80,8.00
2010.01.26 07:45:51.258,1.4711,1.47125,5.60,2.40
2010.01.26 07:45:51.648,1.4711,1.47125,5.60,4.00
2010.01.26 07:45:51.949,1.4711,1.47125,3.20,2.50
2010.01.26 07:45:52.188,1.4711,1.47125,3.20,6.50
2010.01.26 07:45:52.468,1.4711,1.47125,3.30,6.40
2010.01.26 07:45:53.728,1.4711,1.47125,4.90,4.00
2010.01.26 07:45:53.898,1.4711,1.4713,4.80,8.10
2010.01.26 07:45:54.018,1.4711,1.4713,8.90,4.10
2010.01.26 07:45:54.418,1.4711,1.4713,8.90,1.00
2010.01.26 07:45:54.767,1.4711,1.4713,12.90,1.00
2010.01.26 07:45:55.747,1.4711,1.4713,11.30,1.00
2010.01.26 07:45:56.037,1.4711,1.47125,4.00,1.00
2010.01.26 07:45:56.377,1.4711,1.47125,3.20,6.50
2010.01.26 07:45:56.727,1.4711,1.47125,3.20,6.40
2010.01.26 07:45:57.437,1.4711,1.47125,3.20,6.50
2010.01.26 07:45:57.727,1.4711,1.47125,2.40,6.50
2010.01.26 07:45:57.837,1.4711,1.4712,2.40,1.00
2010.01.26 07:45:57.947,1.4711,1.47125,3.20,4.10
2010.01.26 07:45:58.116,1.4711,1.47125,7.20,4.10
2010.01.26 07:45:58.226,1.4711,1.47125,11.20,1.00
2010.01.26 07:45:58.337,1.4711,1.47125,12.00,1.00
2010.01.26 07:45:58.687,1.4711,1.4713,4.00,8.10
2010.01.26 07:45:59.026,1.4711,1.4713,8.00,1.00
2010.01.26 07:45:59.427,1.4711,1.4713,11.20,1.00
2010.01.26 07:45:59.656,1.4711,1.4713,12.80,1.00
2010.01.26 07:45:59.886,1.47115,1.47135,1.00,9.60
2010.01.26 07:46:00.726,1.47115,1.47135,1.00,5.70
2010.01.26 07:46:01.066,1.47115,1.47135,1.00,9.70
2010.01.26 07:46:03.895,1.4711,1.47135,12.90,9.60
2010.01.26 07:46:04.195,1.47115,1.47135,1.00,5.70
2010.01.26 07:46:04.485,1.47115,1.47135,4.10,5.70
2010.01.26 07:46:05.475,1.47115,1.47135,5.60,4.00
2010.01.26 07:46:05.765,1.47115,1.4714,9.60,12.90
2010.01.26 07:46:07.625,1.47115,1.47135,9.70,1.00
2010.01.26 07:46:08.564,1.4712,1.4714,1.00,12.80
2010.01.26 07:46:08.804,1.4712,1.4713,2.40,4.00
2010.01.26 07:46:09.034,1.4712,1.4714,6.50,8.10
2010.01.26 07:46:09.214,1.4712,1.4714,7.30,5.70
2010.01.26 07:46:09.454,1.47125,1.47145,1.00,11.30
2010.01.26 07:46:09.874,1.4712,1.47135,3.20,1.00
2010.01.26 07:46:14.573,1.4712,1.47135,3.20,1.00
2010.01.26 07:46:14.932,1.4712,1.47135,3.20,4.90
2010.01.26 07:46:19.571,1.4712,1.47135,2.40,4.90
2010.01.26 07:46:19.971,1.4712,1.4714,2.40,16.00
2010.01.26 07:46:20.131,1.4712,1.4713,2.40,1.00
2010.01.26 07:46:20.291,1.47115,1.4713,4.80,1.00
2010.01.26 07:46:24.530,1.47115,1.4713,4.00,1.00
2010.01.26 07:46:24.760,1.4711,1.47125,8.40,1.00
2010.01.26 07:46:25.000,1.47115,1.4713,1.00,12.00
2010.01.26 07:46:25.230,1.47115,1.47135,1.00,10.50
2010.01.26 07:46:25.460,1.47115,1.4713,1.00,8.00
2010.01.26 07:46:25.690,1.47115,1.47135,1.00,5.70
2010.01.26 07:46:30.199,1.47115,1.4713,4.00,2.50
2010.01.26 07:46:30.489,1.47115,1.4713,1.70,2.50
2010.01.26 07:46:30.829,1.4711,1.4713,6.10,6.50
2010.01.26 07:46:31.129,1.4711,1.4713,5.70,6.50
2010.01.26 07:46:32.078,1.47115,1.4713,5.20,6.50
2010.01.26 07:46:32.408,1.4712,1.4713,1.60,2.50
2010.01.26 07:46:32.588,1.47115,1.4713,2.40,2.50
2010.01.26 07:46:32.759,1.47115,1.4713,10.10,1.00
2010.01.26 07:46:33.178,1.47115,1.4713,11.70,1.00
2010.01.26 07:46:34.328,1.4712,1.47135,1.00,10.50
2010.01.26 07:46:34.608,1.47115,1.4713,7.30,1.00
2010.01.26 07:46:34.888,1.47115,1.4713,7.70,1.00
2010.01.26 07:46:35.118,1.47115,1.4713,6.90,1.00
2010.01.26 07:46:35.358,1.47115,1.4713,6.50,1.00
2010.01.26 07:46:37.837,1.4712,1.47135,1.00,10.40
2010.01.26 07:46:37.947,1.4712,1.47135,2.50,8.00
2010.01.26 07:46:40.056,1.47115,1.4713,6.50,1.00
2010.01.26 07:46:42.976,1.4712,1.47135,4.00,8.00
2010.01.26 07:46:43.256,1.4712,1.4714,8.10,6.50
2010.01.26 07:46:43.606,1.4712,1.4714,8.10,8.10
2010.01.26 07:46:43.905,1.4712,1.4714,12.10,2.50
2010.01.26 07:46:44.256,1.4712,1.4714,12.10,6.50
2010.01.26 07:46:47.605,1.4712,1.4714,8.10,6.50
2010.01.26 07:46:47.875,1.4712,1.4714,8.10,8.10
2010.01.26 07:46:48.155,1.4712,1.4714,4.10,8.10
2010.01.26 07:46:52.924,1.4712,1.47135,4.00,1.00
2010.01.26 07:46:52.984,1.4712,1.47135,2.40,1.00
2010.01.26 07:46:53.043,1.4712,1.47135,2.40,4.10
2010.01.26 07:47:03.601,1.47115,1.4713,6.50,2.40
2010.01.26 07:47:03.941,1.47115,1.4713,11.30,2.40
2010.01.26 07:47:04.301,1.4712,1.47135,2.40,4.10
2010.01.26 07:47:05.261,1.47125,1.47135,1.00,4.00
2010.01.26 07:47:05.440,1.47125,1.4714,1.00,6.50
2010.01.26 07:47:06.030,1.47125,1.4714,1.00,2.50
2010.01.26 07:47:07.750,1.4712,1.4714,12.80,2.50
2010.01.26 07:47:08.040,1.4712,1.4714,4.80,6.50
2010.01.26 07:47:09.289,1.4712,1.47135,4.80,1.60
2010.01.26 07:47:09.629,1.4712,1.47135,4.90,1.60
2010.01.26 07:47:11.599,1.4712,1.47135,2.40,1.70
2010.01.26 07:47:12.819,1.4712,1.4714,4.10,12.90
2010.01.26 07:47:21.461,1.4712,1.47135,4.00,1.00
2010.01.26 07:47:28.915,1.4712,1.4713,1.60,2.40
2010.01.26 07:47:29.375,1.4712,1.47135,4.00,4.10
2010.01.26 07:47:29.725,1.4712,1.47135,4.80,1.00
2010.01.26 07:47:30.395,1.4712,1.4714,12.90,4.00
2010.01.26 07:47:30.674,1.4712,1.4714,8.90,2.40
2010.01.26 07:47:31.674,1.4712,1.47135,8.80,1.00
2010.01.26 07:47:32.024,1.4712,1.47135,4.80,1.00
2010.01.26 07:47:32.944,1.47125,1.4714,2.50,8.00
2010.01.26 07:47:33.124,1.47125,1.47145,2.50,15.70
2010.01.26 07:47:33.244,1.47125,1.47145,2.50,11.30
2010.01.26 07:47:33.544,1.47125,1.47145,6.50,11.30
2010.01.26 07:47:42.321,1.47125,1.47145,6.40,10.50
2010.01.26 07:47:42.662,1.4712,1.4714,16.50,2.40
2010.01.26 07:47:43.861,1.4712,1.4714,16.10,2.40
2010.01.26 07:47:48.900,1.4712,1.4714,16.10,2.50
2010.01.26 07:47:49.080,1.4712,1.4714,12.90,2.50
2010.01.26 07:47:52.149,1.47125,1.47145,2.50,16.10
2010.01.26 07:47:52.499,1.47125,1.47145,6.40,11.30
2010.01.26 07:47:53.279,1.47125,1.47145,6.50,11.30
2010.01.26 07:47:56.998,1.47125,1.47145,6.40,11.30
2010.01.26 07:47:57.358,1.4712,1.4714,12.90,4.00
2010.01.26 07:47:59.238,1.4712,1.47135,6.40,1.00
2010.01.26 07:47:59.747,1.4712,1.47135,2.40,1.00
2010.01.26 07:48:00.477,1.4712,1.4714,2.50,12.90
2010.01.26 07:48:00.647,1.4712,1.4714,2.50,12.10
2010.01.26 07:48:00.827,1.4712,1.4714,2.50,8.10
2010.01.26 07:48:01.867,1.4712,1.4714,8.10,6.50
2010.01.26 07:48:11.345,1.4712,1.47135,6.40,1.00
2010.01.26 07:48:11.695,1.4712,1.4714,2.50,12.90
2010.01.26 07:48:11.984,1.4712,1.4714,2.50,8.90
2010.01.26 07:48:12.264,1.4712,1.47145,4.10,19.40
2010.01.26 07:48:12.794,1.4712,1.4714,4.10,6.50
2010.01.26 07:48:16.273,1.4712,1.47135,4.00,1.00
2010.01.26 07:48:17.063,1.4712,1.4714,4.10,10.50
2010.01.26 07:48:17.403,1.4712,1.4714,8.10,6.50
2010.01.26 07:48:19.872,1.4712,1.4714,4.10,6.50
2010.01.26 07:48:21.212,1.4712,1.4714,4.10,7.30
2010.01.26 07:48:21.682,1.4712,1.4714,4.10,11.30
2010.01.26 07:48:22.392,1.4712,1.4714,4.10,6.50
2010.01.26 07:48:22.722,1.4712,1.4714,4.10,10.50
2010.01.26 07:48:23.262,1.4712,1.4714,4.00,10.40
2010.01.26 07:48:23.542,1.4712,1.4714,4.10,10.50
2010.01.26 07:48:23.652,1.4712,1.4714,4.10,6.50
2010.01.26 07:48:24.052,1.4712,1.4714,4.90,10.50
2010.01.26 07:48:24.332,1.4712,1.4714,4.90,10.40
2010.01.26 07:48:24.741,1.4712,1.4714,4.90,10.50
2010.01.26 07:48:25.021,1.4712,1.4714,4.90,6.50
2010.01.26 07:48:25.131,1.4712,1.4714,8.10,6.50
2010.01.26 07:48:25.481,1.47125,1.4714,1.00,6.50
2010.01.26 07:48:25.601,1.47125,1.4714,1.00,2.50
2010.01.26 07:48:26.241,1.4712,1.4714,3.30,8.10
2010.01.26 07:48:26.591,1.4712,1.4714,4.10,10.50
2010.01.26 07:48:27.271,1.4712,1.4714,2.50,12.10
2010.01.26 07:48:27.611,1.4712,1.4714,2.50,16.10
2010.01.26 07:48:29.021,1.47115,1.47135,11.30,2.40
2010.01.26 07:48:29.260,1.47115,1.47135,12.90,2.50
2010.01.26 07:48:29.490,1.47115,1.47135,8.10,6.50
2010.01.26 07:48:31.040,1.47115,1.47135,9.70,6.50
2010.01.26 07:48:37.628,1.47115,1.47135,8.10,6.50
2010.01.26 07:48:39.568,1.47115,1.47135,8.10,9.70
2010.01.26 07:48:39.918,1.47115,1.47135,8.10,8.90
2010.01.26 07:48:41.248,1.47115,1.47135,8.10,8.10
2010.01.26 07:48:41.587,1.47115,1.47135,8.10,6.50
2010.01.26 07:48:41.937,1.47115,1.47135,8.00,6.40
2010.01.26 07:48:42.287,1.47115,1.47135,8.00,6.50
2010.01.26 07:48:42.627,1.47115,1.47135,9.70,6.50
2010.01.26 07:48:43.617,1.47115,1.47135,9.60,6.40
2010.01.26 07:48:43.677,1.47115,1.47135,9.70,6.50
2010.01.26 07:48:44.137,1.47115,1.47135,9.60,6.40
2010.01.26 07:48:44.247,1.47115,1.47135,9.70,6.50
2010.01.26 07:48:44.307,1.47115,1.47135,8.10,6.50
2010.01.26 07:48:52.295,1.47115,1.47135,8.00,6.40
2010.01.26 07:48:52.645,1.47115,1.47135,8.10,6.50
2010.01.26 07:48:55.124,1.47115,1.47135,9.70,6.50
2010.01.26 07:48:55.744,1.47115,1.47135,8.10,6.50
2010.01.26 07:49:00.853,1.47115,1.47135,8.10,8.10
2010.01.26 07:49:01.143,1.47115,1.47135,4.10,8.90
2010.01.26 07:49:01.483,1.47115,1.47135,8.10,6.50
2010.01.26 07:49:01.822,1.47115,1.47135,12.10,6.50
2010.01.26 07:49:06.901,1.47115,1.47135,8.10,6.50
2010.01.26 07:49:10.260,1.47115,1.47135,9.70,6.50
2010.01.26 07:49:11.640,1.47115,1.47135,8.10,6.50
2010.01.26 07:49:19.928,1.47115,1.4713,8.10,2.40
2010.01.26 07:49:20.228,1.47115,1.47135,8.10,7.30
2010.01.26 07:49:20.348,1.47115,1.47135,8.10,6.50
2010.01.26 07:49:22.017,1.4712,1.47135,1.60,2.50
2010.01.26 07:49:22.407,1.4712,1.47135,1.60,6.50
2010.01.26 07:49:22.978,1.47115,1.47135,9.70,6.50
2010.01.26 07:49:24.647,1.47115,1.47135,8.10,6.50
2010.01.26 07:49:26.496,1.47115,1.47135,8.10,8.10
2010.01.26 07:49:27.696,1.47115,1.47135,8.10,6.50
2010.01.26 07:49:28.206,1.47115,1.47135,8.90,6.50
2010.01.26 07:49:33.735,1.47115,1.47135,8.10,6.50
2010.01.26 07:49:39.003,1.47115,1.47135,8.10,10.50
2010.01.26 07:49:39.353,1.47115,1.47135,8.10,6.50
2010.01.26 07:49:40.043,1.47115,1.47135,8.90,6.50
2010.01.26 07:49:43.733,1.47115,1.47135,8.10,6.50
2010.01.26 07:49:46.232,1.47115,1.47135,8.10,8.10
2010.01.26 07:49:46.402,1.47115,1.47135,8.10,8.90
2010.01.26 07:49:46.562,1.47115,1.47135,9.70,8.90
2010.01.26 07:49:46.842,1.47115,1.47135,8.10,8.90
2010.01.26 07:49:47.971,1.47115,1.47135,8.10,6.50
2010.01.26 07:49:48.311,1.4711,1.47135,19.00,6.50
2010.01.26 07:49:58.619,1.4711,1.47125,18.80,1.00
2010.01.26 07:49:58.679,1.47115,1.47125,4.80,1.00
2010.01.26 07:49:58.799,1.47115,1.4713,6.40,2.50
2010.01.26 07:49:58.899,1.47115,1.4713,5.70,2.40
2010.01.26 07:49:59.069,1.47115,1.4713,1.70,6.40
2010.01.26 07:49:59.359,1.47115,1.4713,4.10,4.00
2010.01.26 07:49:59.468,1.47115,1.47135,12.10,6.50
2010.01.26 07:49:59.528,1.47115,1.47135,12.10,2.50
2010.01.26 07:49:59.989,1.47115,1.47135,12.10,6.50
2010.01.26 07:50:01.028,1.4712,1.47135,1.60,6.50
2010.01.26 07:50:01.328,1.47115,1.47135,12.10,6.50
2010.01.26 07:50:04.297,1.4712,1.47135,1.60,2.50
2010.01.26 07:50:04.657,1.4712,1.47135,1.60,6.50
2010.01.26 07:50:05.347,1.4712,1.47135,1.60,2.50
2010.01.26 07:50:05.977,1.47115,1.47135,16.10,2.50
2010.01.26 07:50:06.147,1.47115,1.47135,13.70,6.50
2010.01.26 07:50:06.487,1.47115,1.47135,9.70,6.50
2010.01.26 07:50:06.827,1.47115,1.47135,8.90,6.50
2010.01.26 07:50:08.726,1.47115,1.47135,8.10,6.50
2010.01.26 07:50:17.594,1.47115,1.47135,16.10,2.50
2010.01.26 07:50:17.834,1.4712,1.47135,1.60,2.50
2010.01.26 07:50:19.064,1.47115,1.47135,16.10,2.50
2010.01.26 07:50:21.254,1.47115,1.47135,12.10,2.50
2010.01.26 07:50:21.423,1.47115,1.47135,16.10,2.50
2010.01.26 07:50:22.183,1.47115,1.47135,12.90,2.50
2010.01.26 07:50:22.993,1.47115,1.47135,8.90,2.50
2010.01.26 07:50:25.263,1.47115,1.47135,12.10,6.50
2010.01.26 07:50:26.262,1.47115,1.47135,8.90,6.50
2010.01.26 07:50:26.612,1.47115,1.47135,12.10,6.50
2010.01.26 07:50:27.971,1.4712,1.47135,1.00,6.40
2010.01.26 07:50:28.372,1.4712,1.47135,1.00,2.40
2010.01.26 07:50:32.180,1.4712,1.47135,1.70,2.40
2010.01.26 07:50:36.250,1.4712,1.47135,5.70,2.40
2010.01.26 07:50:38.679,1.4712,1.47135,5.70,4.00
2010.01.26 07:50:38.789,1.4712,1.47135,5.70,4.80
2010.01.26 07:50:38.959,1.4712,1.47135,4.10,4.80
2010.01.26 07:50:39.069,1.4712,1.47135,4.00,4.90
2010.01.26 07:50:39.179,1.47115,1.4713,9.60,2.40
2010.01.26 07:50:39.639,1.47115,1.4713,1.60,2.40
2010.01.26 07:50:40.339,1.47115,1.4713,1.70,2.40
2010.01.26 07:50:40.399,1.47115,1.4713,4.90,2.40
2010.01.26 07:50:40.519,1.47115,1.47135,12.10,8.90
2010.01.26 07:50:41.189,1.47115,1.47135,12.10,4.90
2010.01.26 07:50:42.898,1.4711,1.4713,16.10,2.40
2010.01.26 07:50:43.078,1.47115,1.4713,1.60,2.40
2010.01.26 07:50:43.238,1.47115,1.4713,1.70,2.40
2010.01.26 07:50:43.418,1.47115,1.4713,9.70,2.40
2010.01.26 07:50:44.918,1.47115,1.4713,13.70,2.40
2010.01.26 07:50:50.706,1.4712,1.4713,1.00,2.50
2010.01.26 07:50:50.876,1.47115,1.4713,6.50,2.50
2010.01.26 07:50:51.046,1.47115,1.4713,2.50,2.50
2010.01.26 07:50:51.276,1.4712,1.4713,1.00,2.40
2010.01.26 07:50:51.436,1.4712,1.47135,1.00,5.70
2010.01.26 07:50:51.556,1.4712,1.47135,1.00,5.70
2010.01.26 07:50:52.106,1.4712,1.47135,1.00,5.70
2010.01.26 07:50:52.446,1.47115,1.47135,12.90,5.70
2010.01.26 07:50:52.796,1.47115,1.47135,16.10,5.70
2010.01.26 07:50:53.126,1.4712,1.47135,1.00,5.70
2010.01.26 07:50:53.485,1.4712,1.47135,1.00,7.30
2010.01.26 07:50:55.395,1.47115,1.4713,8.90,2.50
2010.01.26 07:50:55.625,1.47115,1.47135,4.90,9.70
2010.01.26 07:50:55.975,1.4712,1.47135,1.00,5.70
2010.01.26 07:50:56.325,1.4712,1.47135,1.00,7.30
2010.01.26 07:51:05.822,1.47115,1.47135,11.30,7.30
2010.01.26 07:51:06.232,1.47115,1.4713,1.00,2.50
2010.01.26 07:51:06.462,1.47115,1.4713,1.00,2.50
2010.01.26 07:51:06.812,1.4711,1.4713,16.10,2.40
2010.01.26 07:51:07.162,1.47115,1.47135,4.10,9.70
2010.01.26 07:51:07.512,1.47115,1.47135,8.10,10.50
2010.01.26 07:51:08.802,1.47115,1.47135,8.10,8.90
2010.01.26 07:51:09.432,1.47115,1.47135,8.10,10.50
2010.01.26 07:51:09.882,1.47115,1.47135,8.10,8.90
2010.01.26 07:51:12.311,1.47115,1.47135,11.30,3.30
2010.01.26 07:51:12.671,1.47115,1.47135,12.10,7.30
2010.01.26 07:51:15.350,1.47115,1.47135,12.10,3.30
2010.01.26 07:51:19.529,1.4712,1.47135,1.00,3.20
2010.01.26 07:51:20.459,1.4712,1.47135,1.00,2.40
2010.01.26 07:51:25.878,1.47115,1.47135,14.50,4.10
2010.01.26 07:51:26.108,1.47115,1.47135,10.50,8.10
2010.01.26 07:51:26.448,1.47115,1.47135,10.50,8.00
2010.01.26 07:51:26.737,1.47115,1.47135,10.50,8.10
2010.01.26 07:51:30.127,1.47115,1.47135,6.50,8.10
2010.01.26 07:51:30.476,1.47115,1.47135,8.10,8.10
2010.01.26 07:51:30.816,1.47115,1.47135,6.50,8.10
2010.01.26 07:51:31.756,1.47115,1.4713,6.40,1.00
2010.01.26 07:51:31.926,1.47115,1.47135,6.50,8.10
2010.01.26 07:51:44.183,1.47115,1.47135,8.90,8.10
2010.01.26 07:51:44.353,1.47115,1.47135,10.40,8.10
2010.01.26 07:51:44.523,1.47115,1.47135,10.50,8.10
2010.01.26 07:51:44.753,1.47115,1.47135,14.50,4.10
2010.01.26 07:51:45.093,1.47115,1.47135,12.90,4.10
2010.01.26 07:51:45.453,1.47115,1.47135,8.90,4.10
2010.01.26 07:51:46.963,1.47115,1.47135,12.10,2.50
2010.01.26 07:51:47.193,1.47115,1.47135,16.10,2.50
2010.01.26 07:51:49.802,1.47115,1.47135,15.30,8.10
2010.01.26 07:51:50.152,1.47115,1.47135,8.10,8.90
2010.01.26 07:51:51.761,1.47115,1.47135,6.50,12.10
2010.01.26 07:51:54.281,1.47115,1.47135,8.10,10.50
2010.01.26 07:51:55.091,1.4712,1.47135,1.00,10.30
2010.01.26 07:51:55.800,1.47115,1.47135,9.70,10.50
2010.01.26 07:51:56.140,1.4712,1.47135,1.00,7.10
2010.01.26 07:51:56.480,1.47115,1.47135,9.70,7.10
2010.01.26 07:51:56.770,1.47115,1.47135,8.10,7.10
2010.01.26 07:51:57.160,1.4711,1.4713,13.70,6.50
2010.01.26 07:51:57.450,1.47115,1.47135,6.50,8.00
2010.01.26 07:51:57.780,1.4712,1.47135,1.00,8.00
2010.01.26 07:51:59.750,1.47115,1.47135,8.10,8.10
2010.01.26 07:51:59.869,1.4712,1.47135,1.00,8.00
2010.01.26 07:52:06.048,1.47115,1.4713,8.00,1.00
2010.01.26 07:52:06.108,1.47115,1.47135,6.50,8.10
2010.01.26 07:52:06.228,1.47115,1.4713,6.40,1.00
2010.01.26 07:52:06.628,1.47115,1.47135,6.50,8.90
2010.01.26 07:52:07.358,1.47115,1.47135,10.50,4.10
2010.01.26 07:52:07.598,1.47115,1.47135,8.90,8.10
2010.01.26 07:52:07.887,1.47115,1.4713,8.00,1.00
2010.01.26 07:52:08.158,1.47115,1.47135,8.10,8.10
2010.01.26 07:52:09.767,1.47115,1.4713,5.60,2.40
2010.01.26 07:52:10.007,1.47115,1.47135,6.50,8.10
2010.01.26 07:52:10.307,1.47115,1.4713,6.40,1.00
2010.01.26 07:52:11.387,1.47115,1.47135,6.50,8.10
2010.01.26 07:52:17.365,1.4712,1.47135,9.60,2.50
2010.01.26 07:52:17.655,1.47115,1.47135,8.90,6.50
2010.01.26 07:52:17.995,1.47115,1.47135,8.90,6.40
2010.01.26 07:52:18.055,1.4712,1.4714,4.10,11.30
2010.01.26 07:52:18.175,1.4712,1.4714,4.10,7.30
2010.01.26 07:52:18.405,1.4712,1.4714,4.10,6.50
2010.01.26 07:52:20.645,1.4712,1.4714,2.40,8.10
2010.01.26 07:52:20.924,1.4712,1.4714,2.40,12.10
2010.01.26 07:52:21.664,1.4712,1.4714,2.40,12.90
2010.01.26 07:52:26.883,1.4712,1.4714,2.40,12.80
2010.01.26 07:52:27.233,1.4712,1.4714,2.40,12.90
2010.01.26 07:52:31.052,1.4712,1.47135,2.40,1.00
2010.01.26 07:52:31.332,1.4712,1.47135,2.40,4.10
2010.01.26 07:52:31.822,1.47115,1.4713,8.00,1.00
2010.01.26 07:52:37.451,1.47115,1.47135,13.70,6.50
2010.01.26 07:52:44.019,1.47115,1.47135,12.10,6.50
2010.01.26 07:52:44.309,1.4712,1.47135,1.00,2.40
2010.01.26 07:52:44.649,1.4712,1.47135,1.70,2.40
2010.01.26 07:52:44.948,1.4712,1.47135,4.00,2.50
2010.01.26 07:52:45.289,1.47115,1.47135,13.60,2.50
2010.01.26 07:52:45.638,1.47115,1.47135,12.10,6.50
2010.01.26 07:52:48.448,1.47115,1.47135,12.10,2.50
2010.01.26 07:52:50.358,1.47115,1.4714,12.90,14.20
2010.01.26 07:52:50.587,1.4712,1.4714,2.40,12.00
2010.01.26 07:52:50.817,1.4712,1.4714,12.00,6.50
2010.01.26 07:52:51.047,1.4712,1.4714,12.10,6.50
2010.01.26 07:52:51.727,1.4712,1.4714,8.10,6.50
2010.01.26 07:52:51.957,1.4712,1.4714,8.10,2.50
2010.01.26 07:52:52.237,1.4712,1.4714,16.10,2.50
2010.01.26 07:52:53.707,1.4712,1.4714,12.10,2.50
2010.01.26 07:53:01.215,1.4712,1.4714,12.10,6.50
2010.01.26 07:53:01.955,1.4712,1.47135,12.00,1.00
2010.01.26 07:53:05.514,1.4712,1.4714,12.10,6.50
2010.01.26 07:53:09.673,1.4712,1.4714,8.90,6.50
2010.01.26 07:53:13.762,1.4712,1.4714,12.10,6.50
2010.01.26 07:53:16.101,1.4712,1.4714,8.10,7.30
2010.01.26 07:53:16.801,1.4712,1.4714,4.10,7.30
2010.01.26 07:53:17.431,1.4712,1.4714,8.10,7.30
2010.01.26 07:53:17.771,1.4712,1.47135,2.50,4.00
2010.01.26 07:53:18.171,1.4712,1.4714,4.00,12.00
2010.01.26 07:53:18.341,1.4712,1.4714,4.10,8.90
2010.01.26 07:53:18.500,1.4712,1.4714,4.10,12.90
2010.01.26 07:53:18.680,1.4712,1.4714,4.10,8.90
2010.01.26 07:53:19.430,1.4712,1.4714,4.10,12.10
2010.01.26 07:53:21.110,1.4712,1.4714,4.00,16.10
2010.01.26 07:53:21.380,1.4712,1.4714,4.10,16.10
2010.01.26 07:53:22.240,1.4712,1.4714,2.50,16.10
2010.01.26 07:53:22.849,1.4712,1.4714,4.10,14.50
2010.01.26 07:53:23.189,1.4712,1.4714,2.50,16.10
2010.01.26 07:53:29.058,1.4712,1.4714,2.50,12.10
2010.01.26 07:53:29.728,1.4712,1.4714,2.50,8.10
2010.01.26 07:53:30.538,1.4712,1.4714,3.30,12.10
2010.01.26 07:53:30.598,1.4712,1.4714,2.50,12.10
2010.01.26 07:53:30.718,1.4712,1.4714,2.50,8.10
2010.01.26 07:53:32.657,1.4712,1.4714,4.10,6.50
2010.01.26 07:53:33.167,1.4712,1.4714,12.10,6.50
2010.01.26 07:53:35.886,1.4712,1.4714,8.90,2.50
2010.01.26 07:53:36.237,1.4712,1.4714,12.90,2.50
2010.01.26 07:53:46.194,1.4712,1.4714,8.90,2.50
2010.01.26 07:53:53.002,1.4712,1.4714,8.90,2.40
2010.01.26 07:53:53.122,1.4712,1.4714,8.90,2.50
2010.01.26 07:53:53.232,1.4712,1.4714,4.80,10.50
2010.01.26 07:53:53.282,1.4712,1.4714,8.80,6.50
2010.01.26 07:53:53.332,1.4712,1.4714,8.90,6.50
2010.01.26 07:53:53.452,1.4712,1.4714,8.90,2.50
2010.01.26 07:53:53.682,1.4712,1.4714,8.80,2.50
2010.01.26 07:53:53.802,1.4712,1.4714,8.90,2.50
2010.01.26 07:53:54.432,1.4712,1.4714,16.10,2.50
2010.01.26 07:53:58.441,1.4712,1.4714,12.10,6.50
2010.01.26 07:53:58.621,1.47125,1.4714,1.60,6.50
2010.01.26 07:53:58.891,1.47125,1.4714,1.60,2.50
2010.01.26 07:54:05.129,1.4712,1.4714,12.10,2.50
2010.01.26 07:54:05.939,1.47125,1.4714,1.60,2.50
2010.01.26 07:54:06.759,1.47125,1.4714,1.70,2.40
2010.01.26 07:54:06.989,1.47125,1.4714,1.00,2.40
2010.01.26 07:54:07.339,1.47125,1.4714,4.10,2.40
2010.01.26 07:54:10.378,1.47125,1.4714,4.00,2.40
2010.01.26 07:54:10.668,1.4712,1.4714,12.90,2.40
2010.01.26 07:54:13.207,1.4712,1.47135,12.00,1.00
2010.01.26 07:54:13.488,1.4712,1.47135,8.00,1.00
2010.01.26 07:54:13.657,1.4712,1.47135,4.00,1.00
2010.01.26 07:54:13.988,1.4712,1.47135,8.00,1.00
2010.01.26 07:54:14.267,1.4712,1.47135,4.00,1.00
2010.01.26 07:54:14.658,1.4712,1.47135,2.40,1.00
2010.01.26 07:54:15.697,1.4712,1.47135,4.00,1.00
2010.01.26 07:54:16.038,1.4712,1.4714,4.10,7.30
2010.01.26 07:54:16.677,1.4712,1.4714,2.50,16.10
2010.01.26 07:54:17.856,1.4712,1.4714,6.50,8.90
2010.01.26 07:54:18.716,1.4712,1.4714,2.50,12.10
2010.01.26 07:54:18.946,1.4712,1.4714,2.50,16.10
2010.01.26 07:54:19.916,1.4712,1.4714,2.50,12.10
2010.01.26 07:54:20.206,1.47115,1.47135,12.10,6.50
2010.01.26 07:54:20.546,1.47115,1.47135,8.10,6.50
2010.01.26 07:54:27.284,1.47115,1.47135,8.90,6.50
2010.01.26 07:54:30.633,1.4712,1.4714,2.50,12.90
2010.01.26 07:54:30.983,1.4712,1.4714,2.50,8.90
2010.01.26 07:54:31.093,1.4712,1.4714,6.50,8.90
2010.01.26 07:54:31.213,1.4712,1.4714,2.50,8.90
2010.01.26 07:54:31.273,1.4712,1.4714,4.10,8.90
2010.01.26 07:54:32.373,1.4712,1.4714,4.00,8.80
2010.01.26 07:54:32.713,1.4712,1.4714,4.10,8.90
2010.01.26 07:54:33.233,1.4712,1.4714,4.00,8.90
2010.01.26 07:54:33.412,1.4712,1.4714,4.10,12.10
2010.01.26 07:54:34.232,1.4712,1.4714,4.00,12.10
2010.01.26 07:54:34.402,1.4712,1.4714,4.00,16.10
2010.01.26 07:54:35.672,1.4712,1.47135,1.60,6.40
2010.01.26 07:54:36.012,1.47115,1.47135,8.10,8.10
2010.01.26 07:54:39.051,1.47115,1.47135,8.10,9.70
2010.01.26 07:54:39.111,1.47115,1.47135,6.50,9.70
2010.01.26 07:54:39.231,1.47115,1.47135,6.50,10.50
2010.01.26 07:54:39.751,1.47115,1.47135,6.50,13.70
2010.01.26 07:54:41.291,1.47115,1.47135,6.50,12.10
2010.01.26 07:54:42.170,1.47115,1.47135,8.10,10.50
2010.01.26 07:54:42.400,1.47115,1.47135,8.10,12.10
2010.01.26 07:54:46.239,1.47115,1.47135,8.10,10.50
2010.01.26 07:54:48.429,1.47115,1.47135,8.10,12.10
2010.01.26 07:54:49.119,1.47115,1.47135,6.50,12.10
2010.01.26 07:54:52.838,1.47115,1.47135,6.40,12.00
2010.01.26 07:54:53.078,1.47115,1.47135,6.50,12.10
2010.01.26 07:54:56.537,1.47115,1.47135,6.40,12.00
2010.01.26 07:54:56.807,1.47115,1.47135,6.50,12.10
2010.01.26 07:55:00.756,1.47115,1.47135,6.50,13.70
2010.01.26 07:55:01.726,1.47115,1.47135,8.10,13.70
2010.01.26 07:55:03.645,1.47115,1.47135,13.30,13.70
2010.01.26 07:55:03.765,1.4712,1.47135,2.40,12.10
2010.01.26 07:55:03.875,1.4712,1.47135,2.40,10.50
2010.01.26 07:55:07.184,1.4712,1.47135,2.40,6.50
2010.01.26 07:55:07.814,1.4712,1.47135,4.10,4.00
2010.01.26 07:55:07.994,1.47115,1.47135,20.10,2.40
2010.01.26 07:55:08.274,1.4712,1.47135,2.40,1.00
2010.01.26 07:55:08.564,1.4712,1.47135,2.40,6.50
2010.01.26 07:55:08.794,1.4712,1.4713,2.40,1.00
2010.01.26 07:55:10.474,1.4712,1.47135,2.40,6.50
2010.01.26 07:55:16.592,1.47115,1.47135,4.80,1.70
2010.01.26 07:55:16.822,1.4711,1.47135,16.90,9.70
2010.01.26 07:55:18.112,1.4711,1.47135,16.90,5.60
2010.01.26 07:55:18.222,1.47115,1.47135,4.00,5.60
2010.01.26 07:55:18.332,1.4711,1.4714,16.90,16.90
2010.01.26 07:55:19.671,1.4711,1.47135,16.90,5.70
2010.01.26 07:55:19.851,1.4711,1.47135,13.70,9.70
2010.01.26 07:55:20.071,1.4711,1.47135,13.70,10.50
2010.01.26 07:55:23.831,1.4711,1.47135,13.70,9.70
2010.01.26 07:55:23.941,1.47115,1.47135,1.00,9.70
2010.01.26 07:55:24.920,1.4711,1.47135,16.90,9.70
2010.01.26 07:55:25.270,1.4711,1.47135,12.90,9.70
2010.01.26 07:55:25.620,1.47115,1.47135,1.00,9.70
2010.01.26 07:55:25.790,1.4711,1.47135,16.90,9.60
2010.01.26 07:55:25.900,1.4711,1.47135,16.90,9.70
2010.01.26 07:55:26.420,1.4711,1.47135,12.90,9.70
2010.01.26 07:55:26.940,1.47115,1.47135,1.00,9.70
2010.01.26 07:55:32.948,1.47115,1.47135,1.00,12.10
2010.01.26 07:55:33.118,1.4711,1.4713,14.50,1.00
2010.01.26 07:55:33.348,1.4711,1.4713,7.30,4.10
2010.01.26 07:55:33.848,1.4711,1.4713,3.30,4.10
2010.01.26 07:55:34.578,1.4711,1.4713,3.30,8.10
2010.01.26 07:55:43.386,1.4711,1.4713,3.30,8.00
2010.01.26 07:55:43.566,1.4711,1.47135,7.30,13.70
2010.01.26 07:55:43.805,1.47115,1.47135,1.00,13.70
2010.01.26 07:55:47.325,1.47115,1.47135,1.00,16.10
2010.01.26 07:55:47.615,1.4711,1.4713,3.30,4.10
2010.01.26 07:55:47.964,1.4711,1.4713,3.30,8.10
2010.01.26 07:55:51.204,1.4711,1.4713,3.30,12.10
2010.01.26 07:55:52.314,1.4711,1.4713,3.30,8.90
2010.01.26 07:56:01.751,1.4712,1.47135,2.40,8.90
2010.01.26 07:56:02.331,1.47115,1.4713,14.10,2.40
2010.01.26 07:56:02.511,1.47115,1.4713,14.00,2.40
2010.01.26 07:56:02.691,1.4712,1.47135,2.40,11.30
2010.01.26 07:56:03.041,1.4712,1.47135,2.40,9.70
2010.01.26 07:56:03.392,1.4712,1.47135,2.40,1.70
2010.01.26 07:56:06.760,1.4712,1.4714,6.50,8.10
2010.01.26 07:56:06.870,1.4712,1.47135,6.50,1.60
2010.01.26 07:56:07.270,1.4712,1.47135,2.50,1.60
2010.01.26 07:56:12.859,1.4712,1.47135,6.50,4.00
2010.01.26 07:56:13.379,1.4712,1.47135,2.50,4.00
2010.01.26 07:56:26.495,1.4712,1.47135,2.40,2.50
2010.01.26 07:56:26.725,1.4712,1.47135,2.50,2.40
2010.01.26 07:56:27.005,1.4712,1.47135,6.50,2.40
2010.01.26 07:56:27.225,1.4712,1.47135,2.50,2.40
2010.01.26 07:56:28.595,1.4712,1.47135,6.50,2.40
2010.01.26 07:56:30.904,1.4713,1.4714,1.00,4.00
2010.01.26 07:56:31.184,1.4713,1.47135,4.00,2.40
2010.01.26 07:56:31.424,1.47125,1.47135,10.50,2.40
2010.01.26 07:56:35.923,1.47125,1.47145,8.90,7.50
2010.01.26 07:56:36.213,1.47125,1.47135,4.90,2.40
2010.01.26 07:56:36.563,1.47125,1.47135,8.90,2.40
2010.01.26 07:56:36.963,1.47125,1.47135,8.80,2.40
2010.01.26 07:56:37.303,1.4713,1.47145,1.00,4.90
2010.01.26 07:56:37.643,1.47125,1.4714,8.10,2.40
2010.01.26 07:56:38.172,1.47125,1.4714,12.10,2.40
2010.01.26 07:56:38.553,1.47125,1.4714,8.10,2.40
2010.01.26 07:56:39.322,1.47125,1.4714,9.70,2.40
2010.01.26 07:56:47.330,1.47125,1.4714,13.70,2.40
2010.01.26 07:56:47.730,1.47125,1.4714,9.70,2.40
2010.01.26 07:56:50.389,1.47125,1.47145,12.10,5.70
2010.01.26 07:56:50.629,1.47125,1.4714,13.70,2.40
2010.01.26 07:56:51.599,1.4713,1.47145,9.70,2.40
2010.01.26 07:56:51.979,1.4713,1.47145,8.10,2.40
2010.01.26 07:56:53.199,1.4713,1.4714,4.80,2.40
2010.01.26 07:56:53.529,1.47125,1.4714,16.10,2.40
2010.01.26 07:56:55.828,1.47125,1.4714,8.10,2.40
2010.01.26 07:56:56.518,1.47125,1.4714,12.10,2.40
2010.01.26 07:57:03.576,1.47135,1.47145,1.00,4.00
2010.01.26 07:57:03.866,1.47135,1.47145,11.30,2.40
2010.01.26 07:57:04.096,1.4714,1.47145,1.00,2.40
2010.01.26 07:57:04.316,1.4714,1.47155,5.70,5.20
2010.01.26 07:57:04.486,1.4714,1.47155,4.10,2.80
2010.01.26 07:57:04.886,1.4714,1.47155,6.50,2.40
2010.01.26 07:57:07.645,1.4714,1.47155,4.90,2.40
2010.01.26 07:57:07.995,1.4714,1.4715,1.00,2.40
2010.01.26 07:57:08.755,1.4714,1.4715,4.80,2.40
2010.01.26 07:57:08.875,1.47135,1.4715,10.50,2.40
2010.01.26 07:57:11.924,1.47135,1.4715,12.90,2.40
2010.01.26 07:57:12.254,1.47135,1.4715,16.10,2.40
2010.01.26 07:57:16.933,1.47135,1.4715,13.70,2.40
2010.01.26 07:57:17.163,1.47135,1.4715,12.10,2.40
2010.01.26 07:57:17.563,1.47135,1.4715,16.10,2.40
2010.01.26 07:57:18.123,1.47135,1.4715,17.70,2.40
2010.01.26 07:57:18.513,1.4714,1.47155,1.00,4.00
2010.01.26 07:57:18.853,1.47135,1.47155,16.10,4.00
2010.01.26 07:57:19.702,1.47135,1.4715,16.10,2.40
2010.01.26 07:57:19.872,1.4714,1.47155,1.00,4.00
2010.01.26 07:57:20.932,1.4714,1.47155,1.00,2.40
2010.01.26 07:57:22.082,1.47135,1.4715,16.10,2.40
2010.01.26 07:57:22.362,1.47135,1.4715,12.10,2.40
2010.01.26 07:57:23.281,1.47135,1.4715,16.10,2.40
2010.01.26 07:57:25.182,1.47135,1.4715,12.10,2.40
2010.01.26 07:57:25.421,1.47135,1.4715,12.10,2.40
2010.01.26 07:57:25.691,1.47135,1.4715,12.10,2.40
2010.01.26 07:57:25.931,1.47135,1.4715,16.10,2.40
2010.01.26 07:57:28.340,1.47135,1.4715,12.10,2.40
2010.01.26 07:57:33.329,1.47135,1.4715,12.10,2.40
2010.01.26 07:57:33.449,1.47135,1.4715,16.10,2.40
2010.01.26 07:57:35.909,1.47135,1.4715,16.10,2.40
2010.01.26 07:57:36.088,1.47135,1.4715,17.70,2.40
2010.01.26 07:57:36.208,1.47135,1.4715,13.70,2.40
2010.01.26 07:57:37.378,1.47135,1.4715,16.10,2.40
2010.01.26 07:57:37.718,1.47135,1.4715,12.10,2.40
2010.01.26 07:57:40.648,1.47135,1.4715,16.10,2.40
2010.01.26 07:57:41.517,1.4713,1.4715,18.60,2.40
2010.01.26 07:57:42.447,1.47135,1.4715,16.10,2.40
2010.01.26 07:57:56.074,1.47145,1.47155,1.00,2.40
2010.01.26 07:57:56.704,1.4714,1.4715,5.70,2.40
2010.01.26 07:58:10.420,1.47145,1.47155,1.00,2.40
2010.01.26 07:58:11.440,1.4714,1.47155,8.10,2.40
2010.01.26 07:58:12.820,1.4714,1.47155,8.10,2.40
2010.01.26 07:58:13.000,1.4714,1.4715,3.20,2.40
2010.01.26 07:58:13.169,1.47135,1.4715,16.10,2.40
2010.01.26 07:58:13.350,1.47135,1.47155,16.10,2.50
2010.01.26 07:58:13.569,1.4714,1.47155,4.10,2.40
2010.01.26 07:58:14.849,1.4714,1.47155,5.70,2.40
2010.01.26 07:58:18.998,1.47135,1.4715,16.10,2.40
2010.01.26 07:58:21.188,1.4714,1.47155,6.50,2.40
2010.01.26 07:58:22.297,1.4714,1.47155,8.10,2.40
2010.01.26 07:58:35.064,1.4714,1.4715,1.60,2.40
2010.01.26 07:58:35.304,1.4714,1.47155,1.00,2.40
2010.01.26 07:58:35.474,1.4714,1.47155,8.10,2.40
2010.01.26 07:58:35.814,1.4715,1.47155,1.00,2.40
2010.01.26 07:58:36.044,1.4715,1.4716,8.80,2.40
2010.01.26 07:58:36.334,1.4715,1.4716,4.00,2.40
2010.01.26 07:58:36.894,1.4715,1.4716,4.10,2.40
2010.01.26 07:58:37.174,1.4715,1.47165,7.30,4.80
2010.01.26 07:58:39.263,1.4715,1.4716,4.10,2.40
2010.01.26 07:58:39.434,1.4715,1.4716,4.00,2.40
2010.01.26 07:58:39.663,1.4715,1.47165,6.50,4.80
2010.01.26 07:58:39.834,1.4715,1.4716,4.90,2.40
2010.01.26 07:58:39.993,1.4715,1.4716,4.00,2.40
2010.01.26 07:58:45.582,1.4715,1.4716,5.60,2.40
2010.01.26 07:58:46.052,1.4715,1.47165,8.90,4.80
2010.01.26 07:58:47.201,1.47155,1.47165,1.00,4.00
2010.01.26 07:58:47.472,1.4716,1.47175,2.40,13.30
2010.01.26 07:58:47.772,1.4716,1.4717,1.00,2.40
2010.01.26 07:58:48.051,1.4716,1.4717,4.00,2.50
2010.01.26 07:58:48.331,1.4715,1.47165,8.00,1.00
2010.01.26 07:58:48.551,1.4715,1.47165,5.60,1.00
2010.01.26 07:58:48.851,1.4715,1.4717,4.10,8.90
2010.01.26 07:58:49.131,1.4715,1.4717,4.10,9.70
2010.01.26 07:58:49.821,1.4715,1.47165,4.00,1.00
2010.01.26 07:58:50.740,1.4715,1.4717,1.00,9.70
2010.01.26 07:58:51.071,1.47145,1.47165,13.70,1.00
2010.01.26 07:58:51.361,1.4715,1.4717,5.70,8.90
2010.01.26 07:58:51.650,1.4715,1.4717,1.70,8.90
2010.01.26 07:58:51.770,1.4715,1.4717,5.70,8.90
2010.01.26 07:58:51.950,1.4715,1.4717,9.70,8.90
2010.01.26 07:58:52.280,1.4715,1.4717,9.70,4.90
2010.01.26 07:58:52.960,1.4715,1.4717,9.70,3.30
2010.01.26 07:58:53.260,1.4715,1.4717,9.70,4.90
2010.01.26 07:58:54.680,1.47155,1.4717,1.00,4.90
2010.01.26 07:58:55.410,1.4715,1.47165,4.00,1.00
2010.01.26 07:58:55.759,1.47145,1.47165,4.10,6.50
2010.01.26 07:58:56.099,1.47145,1.47165,4.10,9.70
2010.01.26 07:58:57.949,1.47145,1.47165,5.70,9.70
2010.01.26 07:58:59.688,1.47145,1.47165,1.70,13.70
2010.01.26 07:59:00.029,1.47145,1.47165,5.70,9.70
2010.01.26 07:59:02.858,1.47145,1.47165,1.70,8.70
2010.01.26 07:59:03.327,1.47145,1.47165,1.70,8.00
2010.01.26 07:59:04.177,1.47145,1.47165,5.70,4.00
2010.01.26 07:59:04.807,1.47145,1.47165,1.70,8.00
2010.01.26 07:59:09.226,1.47145,1.47165,1.70,10.40
2010.01.26 07:59:09.976,1.47145,1.47165,1.70,10.50
2010.01.26 07:59:10.156,1.47145,1.47165,1.70,11.30
2010.01.26 07:59:11.356,1.47145,1.47165,1.70,14.50
2010.01.26 07:59:11.747,1.47145,1.4716,4.00,2.40
2010.01.26 07:59:11.985,1.4714,1.4716,11.30,1.00
2010.01.26 07:59:12.215,1.4714,1.4716,7.30,4.00
2010.01.26 07:59:12.486,1.4714,1.47165,7.30,16.10
2010.01.26 07:59:12.725,1.4714,1.47165,8.90,16.10
2010.01.26 07:59:13.845,1.47145,1.47165,1.00,16.10
2010.01.26 07:59:13.965,1.4714,1.4716,8.10,1.00
2010.01.26 07:59:14.135,1.4714,1.4716,8.90,2.50
2010.01.26 07:59:14.255,1.4714,1.4716,7.30,10.50
2010.01.26 07:59:14.885,1.4714,1.4716,7.30,4.70
2010.01.26 07:59:15.225,1.47145,1.47165,1.60,9.70
2010.01.26 07:59:15.565,1.47145,1.47165,5.60,4.10
2010.01.26 07:59:15.925,1.47145,1.47165,5.60,2.50
2010.01.26 07:59:16.274,1.47145,1.47165,5.60,6.50
2010.01.26 07:59:17.184,1.47145,1.4716,5.60,2.40
2010.01.26 07:59:17.644,1.47145,1.47165,1.70,12.10
2010.01.26 07:59:18.634,1.47145,1.47165,1.70,12.90
2010.01.26 07:59:18.994,1.4714,1.47165,13.70,12.70
2010.01.26 07:59:19.354,1.4714,1.47165,12.90,15.90
2010.01.26 07:59:22.063,1.4714,1.4716,12.10,1.60
2010.01.26 07:59:22.353,1.47145,1.47165,5.60,8.00
2010.01.26 07:59:22.883,1.47145,1.47165,9.60,4.00
2010.01.26 07:59:23.753,1.4715,1.47165,4.00,2.40
2010.01.26 07:59:24.043,1.47145,1.47165,9.90,2.40
2010.01.26 07:59:24.723,1.47155,1.47165,4.00,2.40
2010.01.26 07:59:25.072,1.4715,1.47165,1.70,2.40
2010.01.26 07:59:25.312,1.4715,1.47165,1.00,2.40
2010.01.26 07:59:29.871,1.4715,1.4717,2.50,17.30
2010.01.26 07:59:29.922,1.4715,1.4717,2.50,14.10
2010.01.26 07:59:30.041,1.4715,1.47165,1.00,2.40
2010.01.26 07:59:30.391,1.4715,1.47165,1.70,2.40
2010.01.26 07:59:30.621,1.4715,1.47165,1.00,2.40
2010.01.26 07:59:30.721,1.4715,1.47165,4.10,2.40
2010.01.26 07:59:31.061,1.47155,1.4717,1.00,11.60
2010.01.26 07:59:31.401,1.47155,1.4717,1.00,3.60
2010.01.26 07:59:31.761,1.4715,1.47165,13.60,2.50
2010.01.26 07:59:32.091,1.4715,1.47165,1.70,2.40
2010.01.26 07:59:32.371,1.4715,1.47165,4.10,2.40
2010.01.26 07:59:33.001,1.4715,1.47165,1.00,2.40
2010.01.26 07:59:37.589,1.47145,1.47165,6.50,2.50
2010.01.26 07:59:44.008,1.47145,1.47165,5.70,2.50
2010.01.26 07:59:45.447,1.47145,1.47165,5.70,1.00
2010.01.26 07:59:45.787,1.47145,1.47165,9.70,1.00
2010.01.26 07:59:46.877,1.47145,1.47165,9.60,1.00
2010.01.26 07:59:47.167,1.47145,1.47165,9.60,1.00
2010.01.26 07:59:47.397,1.47145,1.4716,8.00,1.00
2010.01.26 07:59:47.637,1.4714,1.4716,13.70,1.00
2010.01.26 07:59:47.967,1.4714,1.4716,8.90,1.00
2010.01.26 07:59:50.206,1.4714,1.4716,9.70,1.00
2010.01.26 07:59:52.256,1.4714,1.4716,8.90,1.00
2010.01.26 07:59:52.486,1.4714,1.4716,8.80,1.00
2010.01.26 07:59:52.756,1.4714,1.4716,8.90,4.00
2010.01.26 07:59:52.996,1.4715,1.4716,2.50,8.00
2010.01.26 07:59:53.225,1.4715,1.47165,6.50,1.00
2010.01.26 07:59:53.616,1.47145,1.47165,9.60,1.00
2010.01.26 07:59:53.965,1.47145,1.47165,9.60,4.90
2010.01.26 07:59:54.305,1.47145,1.47165,5.60,4.90
2010.01.26 07:59:54.895,1.47145,1.47165,1.60,4.90
2010.01.26 07:59:56.675,1.47145,1.4716,1.60,1.00
2010.01.26 07:59:57.085,1.4714,1.4716,8.90,4.10
2010.01.26 07:59:58.174,1.4714,1.4716,8.90,1.00
2010.01.26 07:59:58.754,1.47145,1.47165,1.60,10.50
2010.01.26 07:59:59.034,1.47145,1.47165,1.60,10.30
2010.01.26 07:59:59.294,1.47145,1.47165,9.60,1.60
2010.01.26 07:59:59.934,1.47145,1.4717,9.60,16.50
