2007.06.28 19:00:00.427,1.6559,1.6562,4.00,54.30
2007.06.28 19:00:00.700,1.6559,1.6561,4.00,19.20
2007.06.28 19:00:00.797,1.6559,1.6561,4.00,21.60
2007.06.28 19:00:00.869,1.6559,1.6561,4.00,22.40
2007.06.28 19:00:00.963,1.6559,1.656,4.00,0.60
2007.06.28 19:00:01.080,1.6559,1.6561,4.00,34.40
2007.06.28 19:00:01.088,1.6559,1.656,4.00,10.40
2007.06.28 19:00:01.304,1.6559,1.656,4.00,8.80
2007.06.28 19:00:01.522,1.6558,1.656,39.90,12.80
2007.06.28 19:00:01.591,1.6558,1.656,47.90,12.80
2007.06.28 19:00:01.719,1.6558,1.656,39.90,12.80
2007.06.28 19:00:01.847,1.6558,1.656,5.60,20.80
2007.06.28 19:00:01.917,1.6558,1.656,31.90,23.20
2007.06.28 19:00:02.196,1.6558,1.656,30.30,23.20
2007.06.28 19:00:02.843,1.6558,1.656,22.30,23.20
2007.06.28 19:00:02.930,1.6558,1.656,18.30,25.60
2007.06.28 19:00:03.084,1.6558,1.65595,18.30,4.00
2007.06.28 19:00:03.197,1.6558,1.6559,18.30,0.80
2007.06.28 19:00:03.233,1.6558,1.6559,18.30,4.80
2007.06.28 19:00:03.294,1.6558,1.6559,18.30,5.60
2007.06.28 19:00:03.336,1.6558,1.6559,18.30,8.00
2007.06.28 19:00:03.441,1.6558,1.6559,18.30,6.40
2007.06.28 19:00:03.470,1.6557,1.6558,26.40,11.20
2007.06.28 19:00:03.555,1.6557,1.6558,26.40,10.40
2007.06.28 19:00:03.656,1.6557,1.6558,26.40,9.60
2007.06.28 19:00:03.693,1.6557,1.6558,2.50,9.60
2007.06.28 19:00:04.240,1.6557,1.6558,0.80,17.60
2007.06.28 19:00:04.531,1.6557,1.6558,0.80,9.60
2007.06.28 19:00:04.670,1.6556,1.6558,8.00,10.40
2007.06.28 19:00:04.904,1.6555,1.6558,56.70,43.90
2007.06.28 19:00:04.995,1.6555,1.6558,50.30,43.90
2007.06.28 19:00:05.066,1.6555,1.6558,51.10,43.90
2007.06.28 19:00:05.749,1.6555,1.6558,50.30,43.90
2007.06.28 19:00:05.913,1.6555,1.6558,50.30,46.30
2007.06.28 19:00:06.844,1.6555,1.6558,50.30,43.90
2007.06.28 19:00:07.315,1.6555,1.6558,55.90,38.30
2007.06.28 19:00:07.551,1.6556,1.6558,2.40,38.30
2007.06.28 19:00:07.642,1.6555,1.6558,55.90,38.30
2007.06.28 19:00:07.660,1.6556,1.6558,4.00,34.30
2007.06.28 19:00:07.737,1.6556,1.65585,12.00,6.40
2007.06.28 19:00:07.803,1.6556,1.65585,12.00,0.80
2007.06.28 19:00:09.206,1.6556,1.65585,20.00,0.80
2007.06.28 19:00:09.223,1.6556,1.65585,21.60,0.80
2007.06.28 19:00:09.499,1.6556,1.65585,45.50,0.80
2007.06.28 19:00:09.946,1.6556,1.6559,45.50,43.90
2007.06.28 19:00:10.223,1.6556,1.6559,15.20,17.60
2007.06.28 19:00:10.247,1.6558,1.6559,4.00,15.20
2007.06.28 19:00:10.343,1.6558,1.6559,4.00,7.20
2007.06.28 19:00:10.429,1.6558,1.6559,4.00,1.60
2007.06.28 19:00:10.682,1.6558,1.65595,5.60,0.80
2007.06.28 19:00:10.824,1.6558,1.65595,31.90,0.80
2007.06.28 19:00:12.213,1.6558,1.65595,34.30,0.80
2007.06.28 19:00:12.399,1.6558,1.656,34.30,2.40
2007.06.28 19:00:12.419,1.6558,1.65605,42.30,6.40
2007.06.28 19:00:12.490,1.6558,1.65605,50.30,6.40
2007.06.28 19:00:12.509,1.6558,1.65605,50.30,0.80
2007.06.28 19:00:12.617,1.6558,1.6561,50.30,55.90
2007.06.28 19:00:12.724,1.6558,1.6561,50.30,53.50
2007.06.28 19:00:12.737,1.6558,1.6561,50.30,55.90
2007.06.28 19:00:14.898,1.6558,1.6561,50.30,53.50
2007.06.28 19:00:19.848,1.6558,1.6561,50.30,52.70
2007.06.28 19:00:31.174,1.6558,1.6561,50.30,51.10
2007.06.28 19:00:32.198,1.6558,1.6561,50.30,49.50
2007.06.28 19:00:32.316,1.6558,1.6561,50.30,47.90
2007.06.28 19:00:33.247,1.6558,1.6561,50.30,48.70
2007.06.28 19:00:33.340,1.6558,1.6561,50.30,49.50
2007.06.28 19:00:34.198,1.6558,1.6561,50.30,51.10
2007.06.28 19:00:34.255,1.6558,1.6561,8.90,52.70
2007.06.28 19:00:38.747,1.65575,1.6561,60.70,55.10
2007.06.28 19:00:41.198,1.65575,1.6561,60.70,55.90
2007.06.28 19:00:42.697,1.65575,1.6561,60.70,55.10
2007.06.28 19:00:42.752,1.6558,1.6561,1.80,54.30
2007.06.28 19:00:42.962,1.65575,1.6561,60.70,53.50
2007.06.28 19:00:43.130,1.6558,1.6561,0.50,52.70
2007.06.28 19:00:43.140,1.65575,1.6561,60.70,51.90
2007.06.28 19:00:45.009,1.6558,1.6561,4.20,52.70
2007.06.28 19:00:45.017,1.6558,1.6561,1.50,53.50
2007.06.28 19:00:45.231,1.65575,1.6561,60.70,54.30
2007.06.28 19:00:48.254,1.6558,1.6561,24.20,51.90
2007.06.28 19:00:48.273,1.6558,1.6561,28.30,51.90
2007.06.28 19:00:48.352,1.6558,1.6561,7.80,22.40
2007.06.28 19:00:49.687,1.6558,1.6561,9.60,21.60
2007.06.28 19:00:49.792,1.6558,1.6561,4.00,20.80
2007.06.28 19:00:49.815,1.65575,1.6561,26.40,14.40
2007.06.28 19:00:49.892,1.65575,1.6561,60.70,40.70
2007.06.28 19:00:50.079,1.6558,1.6561,13.70,41.50
2007.06.28 19:00:50.097,1.65575,1.6561,60.70,42.30
2007.06.28 19:00:50.208,1.6558,1.6561,6.00,41.50
2007.06.28 19:00:50.339,1.65575,1.6561,60.70,40.70
2007.06.28 19:00:50.624,1.65575,1.6561,60.70,38.30
2007.06.28 19:00:50.695,1.65575,1.6561,60.70,14.40
2007.06.28 19:00:50.719,1.6559,1.6561,1.60,12.80
2007.06.28 19:00:50.804,1.6559,1.6561,2.00,4.80
2007.06.28 19:00:54.337,1.65585,1.6562,17.60,26.40
2007.06.28 19:00:56.001,1.65585,1.6562,17.60,28.00
2007.06.28 19:00:56.497,1.65585,1.6561,17.60,0.80
2007.06.28 19:00:56.523,1.65585,1.6561,17.60,1.60
2007.06.28 19:00:56.546,1.65585,1.6561,17.60,2.40
2007.06.28 19:00:56.588,1.6559,1.6561,3.40,1.60
2007.06.28 19:00:56.712,1.6558,1.6561,24.80,4.80
2007.06.28 19:00:56.781,1.6558,1.6561,1.20,9.60
2007.06.28 19:00:56.784,1.65575,1.6561,25.60,17.60
2007.06.28 19:00:57.015,1.6558,1.65605,8.40,0.80
2007.06.28 19:00:57.122,1.6558,1.65605,8.00,0.80
2007.06.28 19:00:57.224,1.65575,1.6561,51.10,47.10
2007.06.28 19:00:57.731,1.65575,1.6561,62.30,16.80
2007.06.28 19:00:57.804,1.6558,1.6561,56.70,11.20
2007.06.28 19:00:57.822,1.65585,1.6561,13.60,0.80
2007.06.28 19:00:57.992,1.65585,1.6561,17.60,3.20
2007.06.28 19:00:58.237,1.65585,1.6561,17.60,2.40
2007.06.28 19:00:58.321,1.65585,1.6561,9.60,15.20
2007.06.28 19:00:58.615,1.6558,1.6561,59.90,12.80
2007.06.28 19:00:58.718,1.6559,1.6561,1.10,13.60
2007.06.28 19:00:58.777,1.6559,1.6561,2.40,14.40
2007.06.28 19:00:58.831,1.6559,1.6561,0.80,13.60
2007.06.28 19:00:58.909,1.6559,1.6561,0.80,11.20
2007.06.28 19:00:58.958,1.6559,1.6561,2.00,10.40
2007.06.28 19:00:59.074,1.65585,1.6562,17.60,21.60
2007.06.28 19:00:59.187,1.65585,1.6562,17.60,22.40
2007.06.28 19:00:59.252,1.65585,1.6562,13.60,23.20
2007.06.28 19:00:59.344,1.65585,1.6561,13.60,4.80
2007.06.28 19:00:59.415,1.6559,1.6561,1.50,5.60
2007.06.28 19:00:59.668,1.6559,1.6561,3.80,7.20
2007.06.28 19:00:59.731,1.6559,1.6561,3.00,8.00
2007.06.28 19:00:59.788,1.6558,1.6561,23.20,6.40
2007.06.28 19:00:59.866,1.6559,1.6561,2.80,7.20
2007.06.28 19:01:00.041,1.65585,1.6561,7.20,41.50
2007.06.28 19:01:00.178,1.6559,1.6561,1.90,41.50
2007.06.28 19:01:00.235,1.6559,1.6561,1.40,43.10
2007.06.28 19:01:00.254,1.65585,1.6561,10.40,43.10
2007.06.28 19:01:00.491,1.65585,1.6561,14.40,43.10
2007.06.28 19:01:00.516,1.6559,1.6561,2.30,37.50
2007.06.28 19:01:00.619,1.65585,1.6561,24.80,35.90
2007.06.28 19:01:00.689,1.65585,1.6561,32.80,27.10
2007.06.28 19:01:00.804,1.65585,1.6561,35.20,27.10
2007.06.28 19:01:01.016,1.65585,1.6561,37.60,27.10
2007.06.28 19:01:01.221,1.65585,1.6561,53.50,10.40
2007.06.28 19:01:01.321,1.6559,1.6561,12.40,10.40
2007.06.28 19:01:01.334,1.6559,1.6561,10.10,10.40
2007.06.28 19:01:01.588,1.65585,1.6561,49.50,8.00
2007.06.28 19:01:01.623,1.6559,1.6561,1.00,8.80
2007.06.28 19:01:01.725,1.6559,1.6561,6.40,10.40
2007.06.28 19:01:01.761,1.65585,1.6561,47.90,13.60
2007.06.28 19:01:01.837,1.65585,1.6561,47.10,13.60
2007.06.28 19:01:01.855,1.6559,1.6561,5.30,21.60
2007.06.28 19:01:01.939,1.6559,1.6561,4.20,21.60
2007.06.28 19:01:02.046,1.65585,1.6561,43.90,21.60
2007.06.28 19:01:02.054,1.6559,1.6561,5.90,21.60
2007.06.28 19:01:02.169,1.65585,1.6561,35.90,20.00
2007.06.28 19:01:05.316,1.6559,1.6561,38.30,20.00
2007.06.28 19:01:05.408,1.6559,1.6561,38.30,17.60
2007.06.28 19:01:05.431,1.6559,1.6561,38.30,15.20
2007.06.28 19:01:05.800,1.6559,1.6561,38.30,14.40
2007.06.28 19:01:05.833,1.6559,1.6561,38.30,13.60
2007.06.28 19:01:05.890,1.6559,1.6561,38.30,12.80
2007.06.28 19:01:06.035,1.6559,1.6561,38.30,13.60
2007.06.28 19:01:06.078,1.6559,1.6561,38.30,14.40
2007.06.28 19:01:06.082,1.6559,1.6561,30.30,14.40
2007.06.28 19:01:06.181,1.6559,1.6561,30.30,15.20
2007.06.28 19:01:06.535,1.6559,1.6561,30.30,16.00
2007.06.28 19:01:06.611,1.6559,1.6561,30.30,16.80
2007.06.28 19:01:06.754,1.6559,1.656,30.30,1.60
2007.06.28 19:01:06.844,1.6559,1.656,4.00,1.60
2007.06.28 19:01:07.275,1.65585,1.656,0.80,1.60
2007.06.28 19:01:07.692,1.65585,1.65605,0.80,5.60
2007.06.28 19:01:07.860,1.65585,1.6561,0.80,40.80
2007.06.28 19:01:07.894,1.6558,1.65605,42.30,0.80
2007.06.28 19:01:07.951,1.6558,1.656,42.30,2.40
2007.06.28 19:01:08.171,1.6558,1.65605,42.30,0.80
2007.06.28 19:01:08.267,1.6558,1.65605,50.30,0.80
2007.06.28 19:01:08.353,1.6558,1.65605,55.90,0.80
2007.06.28 19:01:09.213,1.6558,1.6561,55.90,52.70
2007.06.28 19:01:09.392,1.6558,1.6561,55.90,50.30
2007.06.28 19:01:09.616,1.6558,1.6561,55.90,47.90
2007.06.28 19:01:09.966,1.6558,1.6561,55.90,49.50
2007.06.28 19:01:10.032,1.6558,1.6561,55.90,51.10
2007.06.28 19:01:13.679,1.6558,1.6561,55.90,50.30
2007.06.28 19:01:13.791,1.6558,1.6561,55.90,48.70
2007.06.28 19:01:13.810,1.6558,1.6561,55.90,43.10
2007.06.28 19:01:13.844,1.6558,1.6561,55.90,42.30
2007.06.28 19:01:13.923,1.6558,1.6561,55.90,40.70
2007.06.28 19:01:14.105,1.6558,1.6561,55.90,41.50
2007.06.28 19:01:14.234,1.6558,1.6561,55.90,40.70
2007.06.28 19:01:14.365,1.6558,1.6561,55.90,39.90
2007.06.28 19:01:14.513,1.6558,1.6561,55.90,39.10
2007.06.28 19:01:14.871,1.6558,1.6561,55.90,38.30
2007.06.28 19:01:15.242,1.6558,1.656,55.90,1.60
2007.06.28 19:01:15.336,1.6558,1.656,58.30,1.60
2007.06.28 19:01:15.455,1.6558,1.656,52.70,1.60
2007.06.28 19:01:15.639,1.6558,1.656,50.30,1.60
2007.06.28 19:01:15.775,1.6558,1.656,50.30,2.40
2007.06.28 19:01:15.859,1.6558,1.656,13.60,1.60
2007.06.28 19:01:16.158,1.6558,1.6561,16.00,28.80
2007.06.28 19:01:16.180,1.6558,1.6561,16.00,25.60
2007.06.28 19:01:16.274,1.6558,1.656,52.70,8.00
2007.06.28 19:01:16.557,1.6558,1.656,58.30,8.00
2007.06.28 19:01:16.788,1.6558,1.656,50.30,8.00
2007.06.28 19:01:16.968,1.6558,1.656,50.30,10.40
2007.06.28 19:01:17.215,1.6558,1.656,47.90,10.40
2007.06.28 19:01:17.248,1.6559,1.656,4.00,10.40
2007.06.28 19:01:17.390,1.6559,1.65605,4.00,0.80
2007.06.28 19:01:17.661,1.6558,1.656,53.50,1.60
2007.06.28 19:01:17.773,1.6558,1.656,47.90,1.60
2007.06.28 19:01:18.394,1.6558,1.656,47.90,4.80
2007.06.28 19:01:18.462,1.6558,1.656,13.60,4.80
2007.06.28 19:01:18.571,1.6558,1.656,13.60,5.60
2007.06.28 19:01:18.912,1.6558,1.656,39.90,16.00
2007.06.28 19:01:19.226,1.6558,1.656,39.90,15.20
2007.06.28 19:01:19.350,1.6558,1.656,39.90,14.40
2007.06.28 19:01:19.468,1.6558,1.656,31.90,16.00
2007.06.28 19:01:19.644,1.6558,1.656,34.30,13.60
2007.06.28 19:01:19.867,1.6558,1.656,34.30,12.00
2007.06.28 19:01:19.998,1.6558,1.656,39.90,12.00
2007.06.28 19:01:20.099,1.6558,1.656,39.90,11.20
2007.06.28 19:01:20.372,1.6558,1.656,39.90,13.60
2007.06.28 19:01:20.436,1.6558,1.656,34.30,19.20
2007.06.28 19:01:20.450,1.6558,1.656,34.30,18.40
2007.06.28 19:01:20.559,1.6558,1.656,34.30,26.40
2007.06.28 19:01:20.560,1.65575,1.656,35.10,26.40
2007.06.28 19:01:20.921,1.65575,1.656,16.80,8.00
2007.06.28 19:01:20.995,1.65575,1.656,26.40,2.40
2007.06.28 19:01:21.005,1.6558,1.656,10.80,2.40
2007.06.28 19:01:21.059,1.65575,1.656,26.40,2.40
2007.06.28 19:01:21.226,1.65585,1.656,2.40,2.40
2007.06.28 19:01:21.286,1.6558,1.656,13.60,10.40
2007.06.28 19:01:21.302,1.65585,1.656,9.60,10.40
2007.06.28 19:01:21.394,1.65585,1.656,9.60,8.00
2007.06.28 19:01:22.040,1.65585,1.6561,9.60,14.40
2007.06.28 19:01:22.230,1.6559,1.65605,2.30,5.60
2007.06.28 19:01:22.301,1.6558,1.656,54.30,5.60
2007.06.28 19:01:22.537,1.6558,1.6559,51.90,0.80
2007.06.28 19:01:22.576,1.6558,1.6559,51.90,1.60
2007.06.28 19:01:22.644,1.6559,1.65605,1.90,5.60
2007.06.28 19:01:22.943,1.65575,1.6559,6.40,2.40
2007.06.28 19:01:22.998,1.6558,1.6559,1.20,1.60
2007.06.28 19:01:23.060,1.65575,1.6559,40.70,1.60
2007.06.28 19:01:23.251,1.65575,1.6559,6.40,1.60
2007.06.28 19:01:23.380,1.65575,1.6559,40.70,1.60
2007.06.28 19:01:23.650,1.65575,1.656,40.70,21.60
2007.06.28 19:01:23.685,1.6558,1.6559,8.90,0.80
2007.06.28 19:01:23.759,1.65575,1.6559,40.70,1.60
2007.06.28 19:01:23.844,1.65575,1.656,6.40,21.60
2007.06.28 19:01:23.898,1.65575,1.656,6.40,23.20
2007.06.28 19:01:24.175,1.65575,1.6559,6.40,1.60
2007.06.28 19:01:24.221,1.65575,1.6559,6.40,2.40
2007.06.28 19:01:24.358,1.6558,1.6559,2.40,1.60
2007.06.28 19:01:24.785,1.65575,1.656,6.40,21.60
2007.06.28 19:01:24.845,1.65575,1.656,12.00,16.00
2007.06.28 19:01:24.886,1.65575,1.656,12.00,15.20
2007.06.28 19:01:25.491,1.6558,1.656,1.60,12.80
2007.06.28 19:01:25.700,1.65575,1.6559,4.80,1.60
2007.06.28 19:01:25.732,1.65575,1.6559,31.10,1.60
2007.06.28 19:01:26.214,1.65575,1.656,31.10,24.80
2007.06.28 19:01:26.240,1.6558,1.656,0.80,21.60
2007.06.28 19:01:26.360,1.6558,1.656,1.80,21.60
2007.06.28 19:01:26.426,1.6558,1.656,2.20,21.60
2007.06.28 19:01:26.472,1.6558,1.656,2.70,16.80
2007.06.28 19:01:26.808,1.6558,1.656,1.20,20.80
2007.06.28 19:01:26.904,1.6558,1.656,16.90,23.20
2007.06.28 19:01:26.926,1.6558,1.656,2.10,22.40
2007.06.28 19:01:27.010,1.6558,1.656,16.90,21.60
2007.06.28 19:01:27.136,1.65575,1.656,42.30,21.60
2007.06.28 19:01:27.166,1.65575,1.656,42.30,18.40
2007.06.28 19:01:27.251,1.6558,1.656,16.20,14.40
2007.06.28 19:01:27.417,1.6558,1.656,2.80,14.40
2007.06.28 19:01:27.519,1.6558,1.656,1.70,14.40
2007.06.28 19:01:27.547,1.6558,1.656,12.40,14.40
2007.06.28 19:01:28.333,1.65575,1.656,38.30,16.00
2007.06.28 19:01:28.347,1.6558,1.656,10.00,18.40
2007.06.28 19:01:29.132,1.6558,1.656,32.70,18.40
2007.06.28 19:01:29.235,1.6558,1.6559,6.20,1.60
2007.06.28 19:01:29.248,1.65575,1.6559,10.40,1.60
2007.06.28 19:01:31.718,1.65575,1.65595,4.80,0.80
2007.06.28 19:01:32.116,1.65575,1.656,4.80,16.80
2007.06.28 19:01:32.157,1.6558,1.656,8.70,27.20
2007.06.28 19:01:32.236,1.65575,1.6559,23.10,1.60
2007.06.28 19:01:32.443,1.65575,1.6559,4.80,1.60
2007.06.28 19:01:32.637,1.65575,1.656,6.40,14.40
2007.06.28 19:01:32.681,1.65575,1.656,6.40,16.00
2007.06.28 19:01:32.984,1.65575,1.656,38.30,18.40
2007.06.28 19:01:33.173,1.6558,1.656,2.90,16.00
2007.06.28 19:01:33.245,1.65575,1.6559,4.80,1.60
2007.06.28 19:01:35.687,1.65575,1.6559,6.40,1.60
2007.06.28 19:01:36.192,1.65575,1.656,6.40,28.80
2007.06.28 19:01:36.271,1.6558,1.656,1.10,24.00
2007.06.28 19:01:36.515,1.6558,1.656,1.90,21.60
2007.06.28 19:01:36.602,1.65575,1.656,12.00,16.00
2007.06.28 19:01:36.706,1.6558,1.656,6.90,18.40
2007.06.28 19:01:39.165,1.6558,1.65595,12.00,0.80
2007.06.28 19:01:39.270,1.65575,1.6559,11.20,1.60
2007.06.28 19:01:46.697,1.65575,1.65595,16.80,2.40
2007.06.28 19:01:51.138,1.6558,1.6559,8.00,0.50
2007.06.28 19:01:51.161,1.6558,1.656,10.40,19.20
2007.06.28 19:01:51.243,1.6559,1.656,4.00,0.80
2007.06.28 19:01:51.392,1.6559,1.65605,4.00,4.80
2007.06.28 19:01:51.439,1.6559,1.656,4.00,4.80
2007.06.28 19:01:53.280,1.6559,1.65605,4.00,2.40
2007.06.28 19:01:53.882,1.6559,1.65605,5.60,2.40
2007.06.28 19:01:53.981,1.6559,1.65605,4.00,2.40
2007.06.28 19:01:54.281,1.6559,1.6561,4.00,44.80
2007.06.28 19:01:54.487,1.6559,1.65615,4.00,27.20
2007.06.28 19:01:54.802,1.6559,1.65615,22.30,29.60
2007.06.28 19:01:55.484,1.6559,1.6561,22.30,23.20
2007.06.28 19:01:55.508,1.6559,1.6561,22.30,23.20
2007.06.28 19:01:55.556,1.6559,1.656,22.30,0.80
2007.06.28 19:01:55.662,1.6559,1.656,4.00,0.80
2007.06.28 19:01:55.722,1.6559,1.656,4.00,0.90
2007.06.28 19:01:56.220,1.6559,1.65615,4.00,25.60
2007.06.28 19:01:56.409,1.6559,1.65615,22.30,28.00
2007.06.28 19:01:56.452,1.6559,1.65615,22.30,28.00
2007.06.28 19:01:56.741,1.6559,1.6561,23.90,0.70
2007.06.28 19:01:56.945,1.6559,1.65615,31.90,23.20
2007.06.28 19:02:02.677,1.6559,1.65615,5.60,20.80
2007.06.28 19:02:02.712,1.6559,1.65605,5.60,0.80
2007.06.28 19:02:02.807,1.6559,1.656,5.60,0.80
2007.06.28 19:02:22.138,1.65595,1.656,0.80,1.60
2007.06.28 19:02:22.258,1.656,1.65605,4.00,0.80
2007.06.28 19:02:22.462,1.656,1.6561,4.00,6.40
2007.06.28 19:02:22.562,1.656,1.6561,4.00,4.00
2007.06.28 19:02:27.657,1.656,1.6561,4.00,6.40
2007.06.28 19:02:27.759,1.65595,1.6561,0.80,5.60
2007.06.28 19:02:27.843,1.65595,1.6561,0.80,4.80
2007.06.28 19:02:27.960,1.65595,1.6561,0.80,5.60
2007.06.28 19:02:28.051,1.65595,1.6561,0.80,16.80
2007.06.28 19:02:28.180,1.65595,1.6561,0.80,17.60
2007.06.28 19:02:28.233,1.65595,1.6561,0.80,23.20
2007.06.28 19:02:28.284,1.6559,1.656,35.10,1.60
2007.06.28 19:02:28.374,1.6559,1.656,34.30,1.60
2007.06.28 19:02:28.455,1.6559,1.656,18.40,1.60
2007.06.28 19:02:28.490,1.6559,1.656,16.00,1.60
2007.06.28 19:02:28.562,1.6559,1.656,5.60,1.60
2007.06.28 19:02:32.217,1.6559,1.6561,5.60,24.00
2007.06.28 19:02:32.379,1.6559,1.6561,5.60,23.20
2007.06.28 19:02:32.739,1.6559,1.656,4.00,1.60
2007.06.28 19:02:33.363,1.6559,1.656,5.60,1.60
2007.06.28 19:02:33.667,1.6559,1.656,16.00,1.60
2007.06.28 19:02:33.755,1.6559,1.6561,16.00,39.90
2007.06.28 19:02:33.850,1.6559,1.6561,5.60,21.60
2007.06.28 19:02:33.954,1.6559,1.65605,5.60,0.80
2007.06.28 19:02:34.882,1.6559,1.6561,5.60,13.60
2007.06.28 19:02:34.928,1.6559,1.6561,31.90,15.20
2007.06.28 19:02:34.987,1.6559,1.6561,31.90,16.00
2007.06.28 19:02:35.193,1.6559,1.656,31.90,1.60
2007.06.28 19:02:35.667,1.6559,1.656,5.60,1.60
2007.06.28 19:02:35.797,1.6559,1.6561,5.60,23.20
2007.06.28 19:02:35.818,1.6559,1.6561,31.90,25.60
2007.06.28 19:02:36.030,1.6559,1.6561,31.90,20.00
2007.06.28 19:02:36.366,1.6559,1.6561,31.90,19.20
2007.06.28 19:02:36.636,1.6559,1.6561,31.90,16.80
2007.06.28 19:02:37.260,1.6559,1.6561,31.90,16.00
2007.06.28 19:02:37.288,1.6559,1.6561,31.90,15.20
2007.06.28 19:02:37.300,1.6559,1.6561,31.90,14.40
2007.06.28 19:02:38.190,1.6559,1.6561,34.30,12.00
2007.06.28 19:02:39.113,1.6559,1.6561,9.20,12.00
2007.06.28 19:02:41.784,1.65585,1.6561,38.30,14.40
2007.06.28 19:02:42.187,1.65585,1.656,38.30,1.60
2007.06.28 19:02:42.600,1.6559,1.656,1.80,1.60
2007.06.28 19:02:42.826,1.6559,1.6561,1.80,20.80
2007.06.28 19:02:42.971,1.6559,1.6561,0.60,15.20
2007.06.28 19:02:43.239,1.65585,1.6561,38.30,17.60
2007.06.28 19:02:43.555,1.65585,1.6561,38.30,15.20
2007.06.28 19:02:43.695,1.6559,1.6561,13.60,14.40
2007.06.28 19:02:46.147,1.65585,1.656,38.30,1.60
2007.06.28 19:02:46.269,1.65585,1.656,6.40,1.60
2007.06.28 19:02:46.654,1.6559,1.6561,0.70,20.80
2007.06.28 19:02:46.699,1.6559,1.6561,0.70,15.20
2007.06.28 19:02:46.888,1.6559,1.6561,11.20,17.60
2007.06.28 19:02:47.208,1.6559,1.6561,8.60,16.80
2007.06.28 19:02:47.566,1.65585,1.6561,38.30,14.40
2007.06.28 19:02:52.660,1.65585,1.6561,12.00,12.00
2007.06.28 19:02:52.734,1.65585,1.656,12.00,1.60
2007.06.28 19:02:56.392,1.65585,1.656,4.80,1.60
2007.06.28 19:02:59.177,1.6559,1.656,0.60,4.00
2007.06.28 19:02:59.272,1.65585,1.656,4.80,4.80
2007.06.28 19:02:59.290,1.6559,1.656,1.60,5.60
2007.06.28 19:02:59.337,1.6559,1.656,2.30,6.40
2007.06.28 19:02:59.370,1.65585,1.656,0.80,6.40
2007.06.28 19:02:59.432,1.6558,1.656,37.50,16.80
2007.06.28 19:02:59.881,1.65575,1.656,47.10,16.80
2007.06.28 19:03:00.140,1.65575,1.656,47.10,16.00
2007.06.28 19:03:00.192,1.6558,1.656,13.20,12.80
2007.06.28 19:03:00.284,1.65575,1.656,59.10,12.80
2007.06.28 19:03:00.319,1.65575,1.656,59.10,12.00
2007.06.28 19:03:00.366,1.65575,1.656,30.40,1.60
2007.06.28 19:03:00.393,1.65585,1.656,4.80,1.60
2007.06.28 19:03:05.239,1.65585,1.656,0.80,1.60
2007.06.28 19:03:05.331,1.65575,1.656,23.20,1.60
2007.06.28 19:03:05.652,1.65575,1.656,20.80,1.60
2007.06.28 19:03:06.266,1.65575,1.65605,55.80,18.40
2007.06.28 19:03:10.711,1.6558,1.656,34.30,0.80
2007.06.28 19:04:13.762,1.6558,1.656,18.40,12.00
2007.06.28 19:04:17.222,1.6558,1.656,10.40,12.00
2007.06.28 19:04:17.281,1.6558,1.656,8.80,12.00
2007.06.28 19:04:40.677,1.6559,1.656,4.00,12.00
2007.06.28 19:04:40.828,1.6559,1.656,4.00,1.60
2007.06.28 19:04:58.195,1.6558,1.656,20.00,4.00
2007.06.28 19:04:58.221,1.6558,1.656,14.40,4.00
2007.06.28 19:04:58.395,1.6558,1.656,12.00,4.00
2007.06.28 19:04:58.670,1.6558,1.656,8.00,4.00
2007.06.28 19:04:58.753,1.6557,1.656,58.30,38.30
2007.06.28 19:05:05.721,1.6557,1.6559,58.30,1.60
2007.06.28 19:05:05.728,1.6557,1.6559,47.90,12.00
2007.06.28 19:05:05.843,1.6557,1.6559,42.30,12.00
2007.06.28 19:05:06.424,1.6557,1.6559,42.30,1.60
2007.06.28 19:05:06.764,1.6557,1.6559,43.10,1.60
2007.06.28 19:05:06.831,1.6557,1.6559,43.90,1.60
2007.06.28 19:05:06.887,1.6557,1.6559,44.70,1.60
2007.06.28 19:05:07.394,1.6557,1.6559,44.70,12.00
2007.06.28 19:05:07.486,1.6557,1.6559,43.90,12.00
2007.06.28 19:05:07.654,1.6557,1.6559,43.10,12.00
2007.06.28 19:05:07.677,1.6557,1.6559,43.90,12.00
2007.06.28 19:05:07.852,1.6557,1.6559,44.70,12.00
2007.06.28 19:05:10.813,1.6557,1.65595,44.70,12.80
2007.06.28 19:05:18.344,1.6557,1.65595,43.90,12.80
2007.06.28 19:05:18.383,1.6557,1.65595,43.10,12.80
2007.06.28 19:05:18.624,1.6557,1.65595,42.30,12.80
2007.06.28 19:05:24.067,1.6557,1.6559,43.10,0.60
2007.06.28 19:05:24.167,1.6557,1.6559,43.90,0.70
2007.06.28 19:05:24.265,1.6557,1.65595,44.70,12.80
2007.06.28 19:05:25.713,1.6557,1.6559,43.10,0.50
2007.06.28 19:05:25.802,1.6557,1.6559,42.30,0.60
2007.06.28 19:05:25.898,1.6557,1.6559,34.30,0.50
2007.06.28 19:05:26.699,1.6557,1.65595,34.30,15.20
2007.06.28 19:05:26.741,1.6557,1.65595,34.30,13.60
2007.06.28 19:05:26.850,1.6557,1.65605,50.30,46.30
2007.06.28 19:05:27.042,1.6557,1.65605,50.30,42.30
2007.06.28 19:05:27.268,1.6557,1.65605,50.30,39.90
2007.06.28 19:05:27.292,1.6557,1.65605,55.90,39.90
2007.06.28 19:05:28.958,1.65575,1.6561,0.80,64.60
2007.06.28 19:05:30.386,1.65575,1.656,0.80,0.60
2007.06.28 19:05:31.686,1.65575,1.65605,0.80,23.20
2007.06.28 19:05:31.733,1.65575,1.6559,0.80,0.90
2007.06.28 19:05:32.078,1.65575,1.6559,0.80,0.90
2007.06.28 19:05:32.926,1.65575,1.65595,0.80,17.60
2007.06.28 19:05:33.697,1.6557,1.656,34.30,48.00
2007.06.28 19:05:33.983,1.6557,1.6559,42.30,0.50
2007.06.28 19:05:34.103,1.6557,1.6559,34.30,0.70
2007.06.28 19:05:34.172,1.65565,1.65595,40.70,17.60
2007.06.28 19:05:34.659,1.65565,1.65595,38.30,20.00
2007.06.28 19:05:34.756,1.6557,1.6558,0.70,0.60
2007.06.28 19:05:35.246,1.6557,1.6558,0.50,0.60
2007.06.28 19:05:35.277,1.6557,1.6559,0.60,0.80
2007.06.28 19:05:35.585,1.6557,1.6559,0.70,0.80
2007.06.28 19:05:36.604,1.65565,1.6559,6.40,24.80
2007.06.28 19:05:41.710,1.65565,1.6558,6.40,1.60
2007.06.28 19:05:46.686,1.65555,1.65575,32.80,0.80
2007.06.28 19:05:46.859,1.65555,1.65575,24.00,0.80
2007.06.28 19:05:46.900,1.65555,1.65575,21.60,0.80
2007.06.28 19:05:46.984,1.65555,1.65575,19.20,0.80
2007.06.28 19:05:47.022,1.65555,1.65575,18.40,0.80
2007.06.28 19:05:47.111,1.65555,1.65575,10.40,0.80
2007.06.28 19:05:47.304,1.65555,1.65575,8.80,0.80
2007.06.28 19:05:47.517,1.6556,1.65575,2.20,0.80
2007.06.28 19:05:47.716,1.6555,1.65575,14.90,0.80
2007.06.28 19:05:47.798,1.65555,1.65575,8.00,0.80
2007.06.28 19:05:47.812,1.6556,1.6558,0.60,33.50
2007.06.28 19:05:48.230,1.65565,1.6558,6.40,31.10
2007.06.28 19:05:48.317,1.65565,1.6558,6.40,4.00
2007.06.28 19:05:48.744,1.65565,1.6558,6.40,1.60
2007.06.28 19:05:49.262,1.65565,1.65585,6.40,0.80
2007.06.28 19:05:49.720,1.6557,1.6558,1.30,2.40
2007.06.28 19:05:49.797,1.6556,1.6558,17.60,2.40
2007.06.28 19:05:52.918,1.6556,1.65585,27.20,0.80
2007.06.28 19:05:57.182,1.6557,1.65585,9.60,0.80
2007.06.28 19:05:58.206,1.6557,1.65585,2.20,0.80
2007.06.28 19:05:58.296,1.6557,1.6558,2.40,1.60
2007.06.28 19:05:58.402,1.6556,1.6558,10.30,1.60
2007.06.28 19:05:58.518,1.65555,1.6558,36.80,1.60
2007.06.28 19:05:58.642,1.65555,1.6558,20.80,1.60
2007.06.28 19:05:58.689,1.65555,1.6558,52.70,9.60
2007.06.28 19:05:58.702,1.6556,1.6558,43.90,8.00
2007.06.28 19:05:58.998,1.6557,1.65585,0.60,0.80
2007.06.28 19:05:59.467,1.6556,1.65585,29.60,0.80
2007.06.28 19:06:10.665,1.6557,1.6558,5.60,1.60
2007.06.28 19:06:11.659,1.6557,1.6558,4.00,4.00
2007.06.28 19:06:11.756,1.6556,1.6558,25.60,4.00
2007.06.28 19:06:11.795,1.6556,1.6558,20.00,9.60
2007.06.28 19:06:11.838,1.6556,1.6558,17.60,9.60
2007.06.28 19:06:11.863,1.6556,1.65575,17.60,0.80
2007.06.28 19:06:11.932,1.6556,1.65575,9.60,0.80
2007.06.28 19:06:12.230,1.6556,1.65575,8.00,0.80
2007.06.28 19:06:12.473,1.6556,1.65575,5.60,0.80
2007.06.28 19:06:13.192,1.6556,1.6558,8.00,19.20
2007.06.28 19:06:13.258,1.6556,1.6558,8.00,17.60
2007.06.28 19:06:13.332,1.6556,1.6558,8.00,12.00
2007.06.28 19:06:13.377,1.6556,1.6558,34.30,14.40
2007.06.28 19:06:13.613,1.6556,1.6558,34.30,12.00
2007.06.28 19:06:30.633,1.6556,1.6558,34.30,9.60
2007.06.28 19:06:30.649,1.6557,1.6558,4.00,8.00
2007.06.28 19:06:30.739,1.6557,1.6559,4.00,17.60
2007.06.28 19:06:30.845,1.6557,1.6559,4.00,9.60
2007.06.28 19:06:30.927,1.6557,1.6559,4.00,5.60
2007.06.28 19:06:31.141,1.6557,1.6559,4.00,4.80
2007.06.28 19:06:31.685,1.6557,1.6559,4.00,2.40
2007.06.28 19:06:32.689,1.6557,1.65595,6.40,5.60
2007.06.28 19:06:32.701,1.6557,1.65595,8.00,5.60
2007.06.28 19:06:32.753,1.6557,1.656,8.00,51.90
2007.06.28 19:06:32.786,1.6557,1.656,47.90,43.90
2007.06.28 19:06:33.308,1.6557,1.656,50.30,43.90
2007.06.28 19:06:34.225,1.6557,1.656,16.00,18.40
2007.06.28 19:06:34.240,1.6557,1.656,16.00,19.20
2007.06.28 19:06:34.366,1.6557,1.656,16.00,21.60
2007.06.28 19:06:34.379,1.6557,1.656,16.00,22.40
2007.06.28 19:06:34.392,1.6557,1.656,50.30,22.40
2007.06.28 19:06:34.407,1.6557,1.656,10.60,22.40
2007.06.28 19:06:34.545,1.6557,1.656,22.10,21.60
2007.06.28 19:06:34.623,1.6557,1.656,3.40,20.80
2007.06.28 19:06:34.633,1.65565,1.656,60.70,47.10
2007.06.28 19:06:34.734,1.65565,1.656,60.70,46.30
2007.06.28 19:06:35.231,1.6557,1.656,2.00,20.00
2007.06.28 19:06:35.726,1.65565,1.656,60.70,46.30
2007.06.28 19:06:37.587,1.65565,1.656,60.70,20.00
2007.06.28 19:06:37.703,1.6557,1.6559,9.70,4.00
2007.06.28 19:06:37.920,1.6557,1.6559,5.40,14.40
2007.06.28 19:06:40.935,1.6557,1.6559,5.00,16.80
2007.06.28 19:06:41.001,1.65565,1.6559,38.30,22.40
2007.06.28 19:06:41.692,1.6557,1.6559,11.60,14.40
2007.06.28 19:06:45.218,1.65565,1.6559,40.70,10.40
2007.06.28 19:06:45.267,1.65565,1.65595,48.70,5.60
2007.06.28 19:06:45.323,1.65565,1.656,52.70,48.70
2007.06.28 19:06:45.353,1.65565,1.656,60.70,48.70
2007.06.28 19:06:45.528,1.6557,1.656,22.10,46.30
2007.06.28 19:06:45.629,1.6557,1.656,12.00,43.90
2007.06.28 19:06:45.801,1.6557,1.656,6.80,38.30
2007.06.28 19:06:46.377,1.65565,1.656,60.70,35.90
2007.06.28 19:06:46.752,1.65565,1.656,60.70,34.30
2007.06.28 19:06:47.079,1.6557,1.656,11.90,18.30
2007.06.28 19:06:47.165,1.65575,1.656,3.20,18.30
2007.06.28 19:06:47.275,1.6558,1.656,2.20,18.30
2007.06.28 19:06:47.403,1.6558,1.656,1.60,15.90
2007.06.28 19:06:47.548,1.65575,1.65605,9.60,5.60
2007.06.28 19:06:47.695,1.65575,1.656,9.60,1.60
2007.06.28 19:06:47.749,1.65575,1.656,17.60,1.60
2007.06.28 19:06:47.988,1.65575,1.656,9.60,17.60
2007.06.28 19:06:48.294,1.6558,1.656,2.20,20.80
2007.06.28 19:06:48.387,1.65575,1.656,9.60,37.50
2007.06.28 19:06:48.401,1.65575,1.656,2.00,38.30
2007.06.28 19:06:48.502,1.6557,1.656,55.90,39.10
2007.06.28 19:06:48.616,1.65575,1.656,3.00,38.30
2007.06.28 19:06:48.694,1.6557,1.656,55.90,39.90
2007.06.28 19:06:48.732,1.65565,1.656,60.70,44.70
2007.06.28 19:06:48.856,1.6557,1.656,2.00,43.90
2007.06.28 19:06:49.198,1.6557,1.656,15.10,41.50
2007.06.28 19:06:49.295,1.6557,1.656,3.50,39.10
2007.06.28 19:06:49.685,1.65565,1.656,58.30,39.10
2007.06.28 19:06:49.731,1.65565,1.65595,16.80,5.60
2007.06.28 19:06:49.774,1.65565,1.65595,11.20,5.60
2007.06.28 19:06:49.832,1.6556,1.6559,27.20,8.00
2007.06.28 19:06:49.879,1.6555,1.6559,44.50,8.00
2007.06.28 19:06:49.996,1.65555,1.6559,34.40,8.00
2007.06.28 19:06:50.262,1.65565,1.656,13.60,39.90
2007.06.28 19:06:50.459,1.65565,1.656,13.60,16.00
2007.06.28 19:06:50.704,1.6557,1.6559,3.10,1.60
2007.06.28 19:06:50.771,1.6557,1.6559,1.50,7.20
2007.06.28 19:06:50.860,1.65555,1.6559,20.00,49.50
2007.06.28 19:06:51.315,1.65555,1.6559,20.00,51.90
2007.06.28 19:06:51.416,1.65555,1.6559,17.60,51.90
2007.06.28 19:06:51.619,1.6556,1.6559,5.10,49.50
2007.06.28 19:06:51.677,1.65555,1.6559,17.60,41.50
2007.06.28 19:06:51.790,1.6556,1.6559,9.10,12.00
2007.06.28 19:06:52.145,1.6555,1.6559,62.30,10.40
2007.06.28 19:06:52.297,1.6556,1.6559,9.20,8.00
2007.06.28 19:06:52.312,1.65565,1.6559,2.40,8.00
2007.06.28 19:06:52.380,1.65565,1.656,13.60,48.70
2007.06.28 19:06:52.509,1.65565,1.656,13.60,20.80
2007.06.28 19:06:52.643,1.65565,1.656,13.60,18.40
2007.06.28 19:07:02.780,1.65565,1.656,17.60,18.40
2007.06.28 19:07:03.305,1.6557,1.656,8.00,20.00
2007.06.28 19:07:03.501,1.6557,1.65595,8.00,5.60
2007.06.28 19:07:03.515,1.6557,1.65595,23.90,5.60
2007.06.28 19:07:04.026,1.6557,1.656,29.50,18.40
2007.06.28 19:07:04.280,1.6557,1.656,29.50,12.80
2007.06.28 19:07:04.327,1.6557,1.656,13.60,44.70
2007.06.28 19:07:04.393,1.6557,1.6559,5.60,2.40
2007.06.28 19:07:04.454,1.6557,1.656,13.60,12.80
2007.06.28 19:07:05.453,1.6557,1.656,13.60,10.40
2007.06.28 19:07:10.864,1.6557,1.65605,13.60,16.00
2007.06.28 19:07:19.212,1.6558,1.6561,5.60,27.20
2007.06.28 19:07:19.417,1.6558,1.6561,9.60,20.80
2007.06.28 19:07:19.424,1.6558,1.6561,17.60,20.80
2007.06.28 19:07:31.268,1.6558,1.6561,12.00,20.80
2007.06.28 19:07:32.734,1.6558,1.6561,8.00,20.80
2007.06.28 19:07:36.030,1.6557,1.65605,37.50,16.00
2007.06.28 19:07:36.441,1.6557,1.65605,13.60,16.00
2007.06.28 19:07:36.681,1.6557,1.65605,14.40,16.00
2007.06.28 19:07:36.758,1.6557,1.656,15.20,0.90
2007.06.28 19:07:36.771,1.6557,1.656,17.60,0.90
2007.06.28 19:07:36.797,1.6557,1.65605,18.40,25.60
2007.06.28 19:07:36.944,1.6557,1.6561,12.80,49.50
2007.06.28 19:07:37.166,1.6557,1.6561,14.40,49.50
2007.06.28 19:07:37.365,1.6557,1.656,19.20,0.80
2007.06.28 19:07:37.384,1.6557,1.656,47.10,0.50
2007.06.28 19:07:37.461,1.6557,1.656,52.70,0.80
2007.06.28 19:07:38.289,1.6557,1.65605,51.90,53.50
2007.06.28 19:07:38.463,1.6557,1.656,51.10,0.70
2007.06.28 19:07:38.513,1.6557,1.65605,50.30,53.50
2007.06.28 19:07:38.634,1.6557,1.65605,47.90,53.50
2007.06.28 19:07:38.733,1.6557,1.6559,22.40,0.60
2007.06.28 19:07:38.752,1.6557,1.656,16.80,51.10
2007.06.28 19:07:39.226,1.6557,1.6559,14.40,4.00
2007.06.28 19:07:39.433,1.6557,1.6559,12.00,4.00
2007.06.28 19:07:39.442,1.6557,1.6559,8.00,4.00
2007.06.28 19:07:40.240,1.65565,1.6559,5.60,4.00
2007.06.28 19:07:42.206,1.6557,1.6559,1.60,4.00
2007.06.28 19:07:42.309,1.6557,1.6559,9.60,4.00
2007.06.28 19:07:42.378,1.6557,1.6559,15.20,4.00
2007.06.28 19:07:42.513,1.6557,1.656,15.20,50.30
2007.06.28 19:07:42.593,1.6557,1.656,23.20,50.30
2007.06.28 19:07:42.726,1.6557,1.656,23.20,47.90
2007.06.28 19:07:42.851,1.6557,1.656,39.10,47.90
2007.06.28 19:07:43.176,1.6557,1.656,39.10,50.30
2007.06.28 19:07:43.390,1.6557,1.656,39.10,55.90
2007.06.28 19:07:46.956,1.6557,1.656,33.50,55.90
2007.06.28 19:07:49.205,1.6557,1.6559,31.90,1.60
2007.06.28 19:07:49.310,1.6557,1.6559,31.90,7.20
2007.06.28 19:07:49.362,1.6557,1.6559,8.00,7.20
2007.06.28 19:07:49.411,1.6557,1.6559,8.00,11.20
2007.06.28 19:07:49.538,1.6556,1.6559,24.70,19.20
2007.06.28 19:07:49.710,1.6556,1.6559,47.10,53.50
2007.06.28 19:07:49.746,1.6556,1.6559,47.10,51.90
2007.06.28 19:07:49.811,1.65565,1.6559,5.60,46.30
2007.06.28 19:07:50.076,1.65565,1.6559,5.60,14.40
2007.06.28 19:07:50.205,1.65565,1.6559,5.60,6.40
2007.06.28 19:08:07.007,1.6557,1.6559,8.00,4.00
2007.06.28 19:08:07.246,1.6557,1.656,8.00,20.00
2007.06.28 19:08:10.241,1.6557,1.6559,8.00,4.00
2007.06.28 19:08:10.294,1.65565,1.6559,5.60,2.40
2007.06.28 19:08:10.383,1.6557,1.656,8.00,20.00
2007.06.28 19:08:32.474,1.6557,1.656,13.60,14.40
2007.06.28 19:08:32.845,1.6557,1.656,13.60,6.40
2007.06.28 19:08:41.163,1.6557,1.656,13.60,8.00
2007.06.28 19:08:41.267,1.6557,1.656,13.60,8.80
2007.06.28 19:08:41.350,1.6557,1.656,13.60,9.60
2007.06.28 19:08:41.424,1.6557,1.656,8.00,24.00
2007.06.28 19:08:41.476,1.6557,1.6559,8.00,4.00
2007.06.28 19:08:41.766,1.65565,1.6559,5.60,6.40
2007.06.28 19:08:48.124,1.65565,1.6559,5.60,4.00
2007.06.28 19:08:57.811,1.6556,1.6559,54.30,4.00
2007.06.28 19:08:59.992,1.6556,1.6559,54.30,4.00
2007.06.28 19:09:00.011,1.6556,1.6559,56.40,4.00
2007.06.28 19:09:00.235,1.6557,1.656,0.60,51.90
2007.06.28 19:09:00.247,1.6556,1.656,56.40,46.30
2007.06.28 19:09:00.317,1.6556,1.656,56.40,12.00
2007.06.28 19:09:00.726,1.6557,1.656,11.10,12.00
2007.06.28 19:09:00.738,1.6557,1.656,10.00,12.00
2007.06.28 19:09:00.763,1.6557,1.656,23.20,12.00
2007.06.28 19:09:00.939,1.65575,1.656,2.90,4.00
2007.06.28 19:09:01.147,1.6557,1.656,23.20,5.60
2007.06.28 19:09:01.230,1.6557,1.656,23.20,13.60
2007.06.28 19:09:01.247,1.6556,1.656,58.00,19.20
2007.06.28 19:09:01.359,1.6557,1.656,4.40,27.20
2007.06.28 19:09:01.417,1.6557,1.656,15.80,51.10
2007.06.28 19:09:02.180,1.6557,1.656,14.80,51.10
2007.06.28 19:09:02.331,1.6556,1.656,60.30,51.10
2007.06.28 19:09:02.403,1.65565,1.65595,29.50,5.60
2007.06.28 19:09:02.481,1.65565,1.6559,29.50,4.00
2007.06.28 19:09:02.535,1.6556,1.6559,54.30,4.00
2007.06.28 19:09:07.132,1.65565,1.6559,1.20,4.00
2007.06.28 19:09:07.213,1.6557,1.6559,1.00,4.00
2007.06.28 19:09:07.224,1.65565,1.65595,18.40,5.60
2007.06.28 19:09:07.332,1.6557,1.65595,3.50,5.60
2007.06.28 19:09:07.353,1.65565,1.656,40.70,51.10
2007.06.28 19:09:07.426,1.65565,1.656,48.70,51.10
2007.06.28 19:09:10.161,1.6557,1.656,43.90,45.50
2007.06.28 19:09:10.707,1.6559,1.656,0.60,39.90
2007.06.28 19:09:10.777,1.6559,1.656,3.40,39.90
2007.06.28 19:09:10.996,1.65575,1.656,13.60,39.90
2007.06.28 19:09:11.100,1.6559,1.656,1.20,8.00
2007.06.28 19:09:11.182,1.6558,1.6561,12.00,18.40
2007.06.28 19:09:11.215,1.6559,1.6561,3.20,14.40
2007.06.28 19:09:11.311,1.65585,1.6561,23.20,6.40
2007.06.28 19:09:11.428,1.6559,1.65615,10.90,0.80
2007.06.28 19:09:11.511,1.65585,1.6561,49.50,8.00
2007.06.28 19:09:11.607,1.65585,1.6561,51.90,8.00
2007.06.28 19:09:11.626,1.65585,1.65615,59.10,0.80
2007.06.28 19:09:11.723,1.65585,1.6562,58.30,19.20
2007.06.28 19:09:11.734,1.65585,1.6562,57.50,20.00
2007.06.28 19:09:11.856,1.65585,1.6562,57.50,29.60
2007.06.28 19:09:11.860,1.6559,1.6562,22.80,29.60
2007.06.28 19:09:11.962,1.6559,1.6562,12.70,32.00
2007.06.28 19:09:12.125,1.65585,1.6562,54.30,32.00
2007.06.28 19:09:12.242,1.6559,1.6562,18.40,32.00
2007.06.28 19:09:12.268,1.65585,1.6562,42.30,29.60
2007.06.28 19:09:12.331,1.65585,1.65615,32.70,5.60
2007.06.28 19:09:12.461,1.6558,1.6561,44.70,8.00
2007.06.28 19:09:12.755,1.6558,1.65615,16.00,5.60
2007.06.28 19:09:12.860,1.6558,1.6561,16.00,8.00
2007.06.28 19:09:13.344,1.6558,1.6561,50.30,8.00
2007.06.28 19:09:13.373,1.65585,1.6562,14.40,22.40
2007.06.28 19:09:14.910,1.65585,1.6562,15.20,22.40
2007.06.28 19:09:15.037,1.6559,1.6562,4.50,22.40
2007.06.28 19:09:15.147,1.6559,1.6562,13.60,9.60
2007.06.28 19:09:15.270,1.656,1.6562,3.20,4.00
2007.06.28 19:09:15.281,1.656,1.6563,3.70,28.80
2007.06.28 19:09:15.395,1.656,1.6563,3.50,26.40
2007.06.28 19:09:15.414,1.65595,1.6563,13.60,24.00
2007.06.28 19:09:15.435,1.656,1.6563,3.40,18.40
2007.06.28 19:09:15.489,1.6559,1.6563,60.70,18.40
2007.06.28 19:09:15.603,1.656,1.6563,2.10,10.40
2007.06.28 19:09:16.029,1.6559,1.6563,53.60,10.40
2007.06.28 19:09:17.810,1.6559,1.6563,49.60,10.40
2007.06.28 19:09:17.995,1.65595,1.65625,13.60,5.60
2007.06.28 19:09:18.271,1.65595,1.6562,1.40,4.80
2007.06.28 19:09:18.868,1.65595,1.6562,0.50,0.60
2007.06.28 19:09:19.000,1.6559,1.65625,13.60,18.40
2007.06.28 19:09:19.300,1.6558,1.65625,66.00,18.40
2007.06.28 19:09:20.213,1.6558,1.65625,30.10,8.00
2007.06.28 19:09:26.155,1.6559,1.65625,21.60,8.00
2007.06.28 19:09:26.244,1.656,1.65625,1.60,8.00
2007.06.28 19:09:26.277,1.656,1.65625,9.60,13.60
2007.06.28 19:09:26.411,1.656,1.65625,9.60,0.60
2007.06.28 19:09:26.425,1.656,1.6563,9.60,0.50
2007.06.28 19:09:26.687,1.656,1.6563,9.60,0.60
2007.06.28 19:09:27.508,1.656,1.65635,9.60,28.80
2007.06.28 19:09:27.947,1.656,1.65635,15.20,24.80
2007.06.28 19:09:28.934,1.656,1.65635,16.00,24.80
2007.06.28 19:09:28.968,1.656,1.65635,16.80,24.80
2007.06.28 19:09:29.106,1.656,1.65635,17.60,24.80
2007.06.28 19:09:29.241,1.656,1.65635,43.90,59.10
2007.06.28 19:09:29.318,1.656,1.6563,46.30,0.70
2007.06.28 19:09:29.448,1.656,1.65635,20.00,16.80
2007.06.28 19:09:29.724,1.6561,1.6563,1.60,0.80
2007.06.28 19:09:29.808,1.6561,1.65635,7.20,11.20
2007.06.28 19:09:29.881,1.6561,1.65635,15.20,8.80
2007.06.28 19:09:30.289,1.6561,1.6563,16.00,0.80
2007.06.28 19:09:30.295,1.6561,1.6563,16.80,0.80
2007.06.28 19:09:30.321,1.6561,1.6564,17.60,45.50
2007.06.28 19:09:30.692,1.6561,1.6564,25.60,13.60
2007.06.28 19:09:30.727,1.6562,1.6564,1.60,16.00
2007.06.28 19:09:33.181,1.6561,1.6564,23.20,13.60
2007.06.28 19:09:33.225,1.6561,1.6564,15.20,13.60
2007.06.28 19:09:34.372,1.6561,1.6563,16.00,0.80
2007.06.28 19:09:34.403,1.6561,1.6563,16.80,0.70
2007.06.28 19:09:34.446,1.6561,1.6563,17.60,0.50
2007.06.28 19:09:34.643,1.6561,1.6563,16.80,0.50
2007.06.28 19:09:34.646,1.6561,1.6563,16.00,0.80
2007.06.28 19:09:34.706,1.6562,1.6563,1.60,0.50
2007.06.28 19:09:36.178,1.6562,1.6564,1.60,20.80
2007.06.28 19:09:36.416,1.6561,1.6564,40.70,32.00
2007.06.28 19:09:36.631,1.6561,1.6564,39.90,36.00
2007.06.28 19:09:36.712,1.6561,1.6563,38.30,0.50
2007.06.28 19:09:36.826,1.6561,1.6563,4.00,0.70
2007.06.28 19:09:37.212,1.6561,1.6564,36.70,37.60
2007.06.28 19:09:37.239,1.6561,1.6563,35.90,0.50
2007.06.28 19:09:37.331,1.6561,1.6564,38.30,33.60
2007.06.28 19:09:37.653,1.6562,1.6563,1.60,0.50
2007.06.28 19:09:38.578,1.6562,1.6563,1.60,0.80
2007.06.28 19:09:39.802,1.6563,1.6564,2.40,13.00
2007.06.28 19:09:40.207,1.6563,1.65645,4.00,14.40
2007.06.28 19:09:40.345,1.6563,1.65645,1.60,8.80
2007.06.28 19:09:40.531,1.6563,1.65645,1.60,6.40
2007.06.28 19:09:40.653,1.6563,1.6564,1.60,0.80
2007.06.28 19:09:40.744,1.65625,1.6564,0.80,0.80
2007.06.28 19:09:40.834,1.6562,1.65645,26.40,8.80
2007.06.28 19:09:40.889,1.6562,1.65645,20.80,8.80
2007.06.28 19:09:40.908,1.6562,1.65645,13.60,8.80
2007.06.28 19:09:41.317,1.6562,1.65645,12.00,8.80
2007.06.28 19:09:41.551,1.6562,1.65645,9.60,8.80
2007.06.28 19:09:41.682,1.6562,1.6564,9.60,0.80
2007.06.28 19:09:46.194,1.6562,1.65645,8.00,7.20
2007.06.28 19:09:53.232,1.6563,1.6564,1.60,6.40
2007.06.28 19:09:53.257,1.6563,1.6564,3.20,6.40
2007.06.28 19:09:53.329,1.6563,1.6564,4.00,6.40
2007.06.28 19:09:53.685,1.6563,1.6564,5.60,4.00
2007.06.28 19:09:53.738,1.6563,1.6564,16.00,4.00
2007.06.28 19:10:00.699,1.6563,1.6564,16.00,6.40
2007.06.28 19:10:03.879,1.6563,1.6564,15.20,6.40
2007.06.28 19:10:03.903,1.6563,1.6564,13.60,6.40
2007.06.28 19:10:03.955,1.6563,1.6564,12.00,6.40
2007.06.28 19:10:04.233,1.6562,1.6564,32.80,6.40
2007.06.28 19:10:04.237,1.6562,1.6564,21.60,6.40
2007.06.28 19:10:04.427,1.6562,1.6564,19.20,6.40
2007.06.28 19:10:08.711,1.6562,1.6564,13.60,6.40
2007.06.28 19:10:08.912,1.6562,1.6564,16.00,27.10
2007.06.28 19:10:09.228,1.6562,1.6564,16.00,27.90
2007.06.28 19:10:09.573,1.6562,1.6564,16.00,30.30
2007.06.28 19:10:11.170,1.6562,1.6564,14.40,30.30
2007.06.28 19:10:11.246,1.6562,1.6564,12.80,30.30
2007.06.28 19:10:11.267,1.6562,1.6564,12.00,30.30
2007.06.28 19:10:11.668,1.6562,1.6564,1.60,12.00
2007.06.28 19:10:12.190,1.6562,1.6564,12.00,30.30
2007.06.28 19:10:12.294,1.6562,1.6564,9.60,27.10
2007.06.28 19:10:12.696,1.6562,1.6564,2.40,36.70
2007.06.28 19:10:12.810,1.6562,1.6564,2.40,44.70
2007.06.28 19:10:13.346,1.6562,1.65645,2.40,51.10
2007.06.28 19:10:13.712,1.6562,1.6564,2.40,0.90
2007.06.28 19:10:15.233,1.6561,1.6564,49.50,0.90
2007.06.28 19:10:16.060,1.6562,1.65645,8.00,14.40
2007.06.28 19:10:16.274,1.6562,1.65645,8.80,14.40
2007.06.28 19:10:16.283,1.6562,1.6564,11.20,0.80
2007.06.28 19:10:16.464,1.6562,1.65645,17.60,7.20
2007.06.28 19:10:27.263,1.6562,1.65645,16.80,7.20
2007.06.28 19:10:27.283,1.6562,1.65645,16.00,7.20
2007.06.28 19:10:27.359,1.6562,1.65645,15.20,7.20
2007.06.28 19:10:38.144,1.6562,1.65645,13.60,7.20
2007.06.28 19:10:38.301,1.6562,1.6564,8.00,0.70
2007.06.28 19:10:38.424,1.6561,1.65645,56.70,47.10
2007.06.28 19:10:38.433,1.6561,1.65645,55.90,48.70
2007.06.28 19:10:38.526,1.6561,1.65645,51.90,48.70
2007.06.28 19:10:38.629,1.6561,1.65645,49.50,48.70
2007.06.28 19:10:38.705,1.6562,1.6564,10.40,0.50
2007.06.28 19:10:38.739,1.6562,1.6564,12.00,0.50
2007.06.28 19:10:38.815,1.6562,1.6564,9.60,0.80
2007.06.28 19:10:38.852,1.6562,1.6564,15.20,0.50
2007.06.28 19:10:39.141,1.6562,1.65645,16.00,7.20
2007.06.28 19:10:39.218,1.6562,1.6564,16.80,0.70
2007.06.28 19:10:39.355,1.6562,1.6564,17.60,0.80
2007.06.28 19:10:40.166,1.6562,1.6564,16.80,0.60
2007.06.28 19:10:40.220,1.6562,1.65645,16.00,7.20
2007.06.28 19:10:40.381,1.6562,1.6564,15.20,0.70
2007.06.28 19:10:43.401,1.6562,1.65645,15.20,7.20
2007.06.28 19:10:46.245,1.6562,1.65645,13.60,8.80
2007.06.28 19:10:46.359,1.6562,1.65645,8.00,14.40
2007.06.28 19:10:46.870,1.6562,1.65645,2.40,48.70
2007.06.28 19:10:47.181,1.6562,1.65645,2.40,40.70
2007.06.28 19:10:48.403,1.6562,1.65645,2.40,48.70
2007.06.28 19:10:53.685,1.6562,1.6564,2.40,0.50
2007.06.28 19:10:59.755,1.6562,1.6564,2.40,35.10
2007.06.28 19:11:00.171,1.6562,1.65635,2.40,2.40
2007.06.28 19:11:00.198,1.65615,1.65635,5.60,2.40
2007.06.28 19:11:00.278,1.65615,1.6563,5.60,0.80
2007.06.28 19:11:00.319,1.6561,1.6563,21.60,0.50
2007.06.28 19:11:00.514,1.6561,1.65635,22.40,6.40
2007.06.28 19:11:00.678,1.6561,1.65635,23.20,6.40
2007.06.28 19:11:00.792,1.6561,1.6563,23.20,0.70
2007.06.28 19:11:00.996,1.6561,1.6563,24.00,0.80
2007.06.28 19:11:01.018,1.6561,1.65635,24.80,4.80
2007.06.28 19:11:01.203,1.6561,1.6563,24.00,0.90
2007.06.28 19:11:01.353,1.6561,1.6563,23.20,0.60
2007.06.28 19:11:01.413,1.6561,1.65635,24.00,6.40
2007.06.28 19:11:01.622,1.6561,1.6563,23.20,0.50
2007.06.28 19:11:01.654,1.6561,1.6563,24.00,0.70
2007.06.28 19:11:01.723,1.6561,1.6563,24.00,0.70
2007.06.28 19:11:01.812,1.6561,1.65635,24.80,4.80
2007.06.28 19:11:02.228,1.6561,1.6563,22.40,0.50
2007.06.28 19:11:02.342,1.6561,1.65635,22.40,7.20
2007.06.28 19:11:02.735,1.6561,1.65635,24.80,4.80
2007.06.28 19:11:58.271,1.6562,1.6563,1.60,4.00
2007.06.28 19:12:13.322,1.6561,1.6563,32.80,4.00
2007.06.28 19:12:13.437,1.6561,1.6563,24.80,4.00
2007.06.28 19:12:17.713,1.6561,1.6563,24.80,0.90
2007.06.28 19:12:19.722,1.6561,1.6563,24.80,0.70
2007.06.28 19:12:25.250,1.6562,1.6563,1.60,0.50
2007.06.28 19:12:25.775,1.6562,1.6563,4.00,0.80
2007.06.28 19:12:25.881,1.6562,1.6564,4.80,15.20
2007.06.28 19:12:25.993,1.6562,1.6564,6.40,15.20
2007.06.28 19:12:26.083,1.6562,1.6564,16.80,57.50
2007.06.28 19:12:26.148,1.6562,1.6563,16.40,0.70
2007.06.28 19:12:26.213,1.6562,1.6564,15.20,57.50
2007.06.28 19:12:29.567,1.6562,1.6564,14.80,56.70
2007.06.28 19:12:29.624,1.6562,1.6564,14.40,56.70
2007.06.28 19:12:34.091,1.6562,1.6563,16.00,0.70
2007.06.28 19:12:34.170,1.6562,1.6564,20.00,56.70
2007.06.28 19:12:34.199,1.6562,1.6564,21.60,56.70
2007.06.28 19:12:34.301,1.6562,1.6563,20.80,0.70
2007.06.28 19:12:34.394,1.6562,1.65645,20.80,63.10
2007.06.28 19:12:34.420,1.6562,1.6564,20.00,0.80
2007.06.28 19:12:34.474,1.6562,1.6564,25.60,0.50
2007.06.28 19:12:34.522,1.6562,1.65645,23.20,8.80
2007.06.28 19:12:34.607,1.6562,1.65645,19.20,8.80
2007.06.28 19:12:34.688,1.6562,1.65645,16.80,8.80
2007.06.28 19:12:34.724,1.6562,1.65645,10.40,8.80
2007.06.28 19:12:34.809,1.6562,1.65645,9.60,8.80
2007.06.28 19:12:34.878,1.6562,1.65645,20.00,8.80
2007.06.28 19:12:35.231,1.6562,1.6564,18.40,0.50
2007.06.28 19:12:35.277,1.6562,1.65645,24.80,8.80
2007.06.28 19:12:35.333,1.6562,1.6564,25.60,0.60
2007.06.28 19:12:35.418,1.6562,1.6564,26.40,0.70
2007.06.28 19:12:35.430,1.6562,1.6564,27.20,0.60
2007.06.28 19:12:35.538,1.6562,1.6564,20.00,0.50
2007.06.28 19:12:36.043,1.6562,1.65645,18.40,8.80
2007.06.28 19:12:36.065,1.6562,1.6564,17.70,0.90
2007.06.28 19:12:36.129,1.6562,1.65645,16.80,8.80
2007.06.28 19:12:36.170,1.6562,1.65645,16.00,8.80
2007.06.28 19:12:36.337,1.6562,1.6564,9.60,0.60
2007.06.28 19:12:36.676,1.6562,1.65645,8.00,8.80
2007.06.28 19:12:38.031,1.6561,1.65645,45.50,56.70
2007.06.28 19:12:38.130,1.6561,1.65645,41.50,56.70
2007.06.28 19:12:38.216,1.6561,1.65645,31.10,56.70
2007.06.28 19:12:38.237,1.6561,1.6563,29.50,0.80
2007.06.28 19:12:38.320,1.6561,1.6564,13.60,50.30
2007.06.28 19:12:40.184,1.6561,1.6563,13.60,0.80
2007.06.28 19:12:40.514,1.6561,1.65635,8.00,11.20
2007.06.28 19:12:40.581,1.65605,1.6563,5.60,0.50
2007.06.28 19:12:40.599,1.65605,1.6563,5.60,0.50
2007.06.28 19:12:40.730,1.656,1.6563,48.70,0.80
2007.06.28 19:12:40.833,1.656,1.65635,48.70,53.50
2007.06.28 19:12:41.316,1.656,1.65635,48.70,55.90
2007.06.28 19:12:41.725,1.6561,1.65635,1.60,56.70
2007.06.28 19:12:41.742,1.6561,1.65635,9.60,56.70
2007.06.28 19:12:41.760,1.6561,1.65635,15.20,51.10
2007.06.28 19:12:41.915,1.6561,1.65635,15.20,8.80
2007.06.28 19:12:42.249,1.6561,1.65635,16.00,8.80
2007.06.28 19:12:42.259,1.6561,1.65635,17.60,8.80
2007.06.28 19:12:42.334,1.6561,1.65635,19.20,8.80
2007.06.28 19:12:42.345,1.6561,1.6563,20.80,0.50
2007.06.28 19:12:42.653,1.6561,1.65635,20.80,6.40
2007.06.28 19:12:42.660,1.6561,1.65635,20.00,6.40
2007.06.28 19:12:42.762,1.6561,1.65635,18.40,6.40
2007.06.28 19:12:42.774,1.6561,1.65635,17.60,6.40
2007.06.28 19:12:42.804,1.6561,1.6563,12.00,0.80
2007.06.28 19:12:42.881,1.6561,1.65635,14.40,40.70
2007.06.28 19:12:43.324,1.6561,1.6563,16.80,0.60
2007.06.28 19:12:52.483,1.6561,1.6563,16.00,39.90
2007.06.28 19:12:52.491,1.6561,1.6563,15.20,39.90
2007.06.28 19:12:52.700,1.6561,1.6563,7.20,47.90
2007.06.28 19:12:52.709,1.6561,1.6563,2.40,50.30
2007.06.28 19:12:53.215,1.656,1.6563,51.90,50.30
2007.06.28 19:12:53.610,1.656,1.6563,49.50,50.30
2007.06.28 19:12:54.786,1.65595,1.6563,54.30,50.30
2007.06.28 19:12:56.266,1.65595,1.6563,55.10,50.30
2007.06.28 19:12:56.370,1.656,1.6563,10.50,50.30
2007.06.28 19:13:06.212,1.656,1.6563,52.70,48.70
2007.06.28 19:13:06.322,1.6561,1.6563,4.80,40.70
2007.06.28 19:13:06.639,1.65605,1.6563,15.20,6.40
2007.06.28 19:13:06.732,1.6561,1.6563,1.00,8.00
2007.06.28 19:13:09.216,1.6561,1.6563,5.00,8.00
2007.06.28 19:13:09.336,1.6561,1.6563,3.40,8.00
2007.06.28 19:13:09.552,1.65595,1.6563,61.50,42.30
2007.06.28 19:13:09.633,1.65595,1.6563,53.50,50.30
2007.06.28 19:13:10.246,1.65595,1.6563,55.90,50.30
2007.06.28 19:13:10.273,1.65595,1.6563,58.30,50.30
2007.06.28 19:13:12.199,1.656,1.6563,52.70,50.30
2007.06.28 19:13:12.214,1.656,1.6563,52.70,50.30
2007.06.28 19:13:12.221,1.656,1.6563,29.60,16.00
2007.06.28 19:13:12.395,1.656,1.6563,32.80,8.00
2007.06.28 19:13:12.688,1.6561,1.6563,1.90,8.00
2007.06.28 19:13:12.697,1.65605,1.65635,22.40,0.80
2007.06.28 19:13:12.906,1.65605,1.6564,22.40,19.20
2007.06.28 19:13:13.245,1.65605,1.6564,22.40,15.20
2007.06.28 19:13:13.319,1.6561,1.6564,6.10,15.20
2007.06.28 19:13:13.432,1.65605,1.6564,25.60,15.20
2007.06.28 19:13:13.529,1.6561,1.6564,7.60,12.80
2007.06.28 19:13:13.539,1.65605,1.6564,25.60,12.80
2007.06.28 19:13:13.624,1.65605,1.6564,24.80,10.40
2007.06.28 19:13:13.702,1.65605,1.6564,24.00,10.40
2007.06.28 19:13:13.731,1.65605,1.6564,22.40,10.40
2007.06.28 19:13:14.146,1.6561,1.6564,2.80,10.40
2007.06.28 19:13:14.203,1.6561,1.6564,2.70,16.00
2007.06.28 19:13:14.241,1.6561,1.6563,4.10,4.00
2007.06.28 19:13:14.264,1.6561,1.6563,4.70,4.00
2007.06.28 19:13:14.346,1.6561,1.6563,3.00,4.00
2007.06.28 19:13:14.476,1.65605,1.6563,14.40,4.00
2007.06.28 19:13:14.549,1.65605,1.6563,18.40,4.00
2007.06.28 19:13:14.715,1.6561,1.6563,15.50,4.00
2007.06.28 19:13:14.735,1.65605,1.6563,46.30,4.00
2007.06.28 19:13:14.754,1.65605,1.6564,48.70,18.40
2007.06.28 19:13:14.821,1.65605,1.6564,22.40,10.40
2007.06.28 19:13:15.404,1.65605,1.6564,24.80,10.40
2007.06.28 19:13:15.920,1.6561,1.6564,10.10,10.40
2007.06.28 19:13:15.956,1.6561,1.6564,6.60,10.40
2007.06.28 19:13:16.249,1.6561,1.6564,6.10,10.40
2007.06.28 19:13:16.324,1.65605,1.6564,28.00,10.40
2007.06.28 19:13:16.725,1.6561,1.6564,6.20,10.40
2007.06.28 19:13:16.870,1.65605,1.6564,53.50,50.30
2007.06.28 19:13:16.936,1.65605,1.6564,54.30,50.30
2007.06.28 19:13:18.286,1.65605,1.6564,51.90,50.30
2007.06.28 19:13:18.315,1.6561,1.6564,0.80,50.30
2007.06.28 19:13:18.370,1.6561,1.6564,21.90,50.30
2007.06.28 19:13:18.449,1.6561,1.6564,9.00,50.30
2007.06.28 19:13:18.728,1.65605,1.6563,46.30,1.60
2007.06.28 19:13:18.808,1.6561,1.6563,17.40,5.60
2007.06.28 19:13:18.889,1.6561,1.6563,2.30,5.60
2007.06.28 19:13:19.056,1.6561,1.6563,4.00,5.60
2007.06.28 19:13:19.330,1.6561,1.6563,3.40,8.00
2007.06.28 19:13:19.356,1.656,1.6563,55.60,50.30
2007.06.28 19:13:19.571,1.6561,1.6563,0.80,50.30
2007.06.28 19:13:19.711,1.656,1.6563,5.80,50.30
2007.06.28 19:13:27.874,1.65595,1.6563,48.70,52.70
2007.06.28 19:13:28.035,1.656,1.6563,0.60,52.70
2007.06.28 19:13:28.127,1.65595,1.6563,48.70,52.70
2007.06.28 19:13:32.117,1.65595,1.65625,48.70,0.80
2007.06.28 19:13:32.148,1.65595,1.65625,22.40,0.80
2007.06.28 19:13:32.266,1.656,1.6562,2.60,5.60
2007.06.28 19:13:41.113,1.65595,1.6562,16.00,8.00
2007.06.28 19:13:41.834,1.656,1.6562,2.20,8.00
2007.06.28 19:13:42.684,1.656,1.6562,10.20,8.00
2007.06.28 19:13:42.743,1.65595,1.6562,28.00,8.00
2007.06.28 19:13:42.838,1.65595,1.6562,28.90,8.00
2007.06.28 19:13:43.680,1.65595,1.6562,29.10,8.00
2007.06.28 19:13:43.724,1.65595,1.6562,31.50,5.60
2007.06.28 19:13:43.973,1.65595,1.6562,21.10,5.60
2007.06.28 19:13:44.119,1.65595,1.6562,18.70,8.00
2007.06.28 19:13:46.166,1.65595,1.6562,21.10,5.60
2007.06.28 19:13:49.195,1.65595,1.6562,18.70,6.40
2007.06.28 19:13:49.290,1.656,1.6562,13.10,6.40
2007.06.28 19:13:49.398,1.6561,1.6562,0.80,6.40
2007.06.28 19:13:49.480,1.656,1.6562,19.90,6.40
2007.06.28 19:13:49.689,1.656,1.6562,24.10,4.00
2007.06.28 19:13:50.149,1.6561,1.6562,1.60,4.00
2007.06.28 19:13:50.202,1.656,1.6562,30.50,4.00
2007.06.28 19:13:50.257,1.656,1.6562,31.30,4.00
2007.06.28 19:13:50.654,1.6561,1.6562,0.70,6.40
2007.06.28 19:13:50.712,1.65605,1.6562,0.80,6.40
2007.06.28 19:13:50.830,1.65595,1.6562,21.70,6.40
2007.06.28 19:13:51.248,1.656,1.6562,1.70,6.40
2007.06.28 19:13:51.427,1.656,1.6562,8.60,6.40
2007.06.28 19:13:55.288,1.65595,1.6562,17.70,6.40
2007.06.28 19:13:55.352,1.656,1.6562,6.80,6.40
2007.06.28 19:13:55.465,1.6559,1.6562,44.50,6.40
2007.06.28 19:13:55.687,1.6559,1.6562,46.10,4.00
2007.06.28 19:13:56.190,1.6559,1.6562,65.20,4.00
2007.06.28 19:13:56.315,1.656,1.6562,8.00,4.00
2007.06.28 19:13:56.417,1.6559,1.6562,65.20,4.00
2007.06.28 19:13:56.779,1.656,1.6562,27.20,4.00
2007.06.28 19:13:59.709,1.65595,1.6562,28.80,4.00
2007.06.28 19:13:59.731,1.65595,1.6562,20.80,4.00
2007.06.28 19:14:00.250,1.656,1.6562,19.20,4.00
2007.06.28 19:14:00.326,1.656,1.6562,18.40,4.00
2007.06.28 19:14:00.345,1.656,1.6562,17.60,4.00
2007.06.28 19:14:00.430,1.656,1.6562,15.20,4.00
2007.06.28 19:14:00.943,1.656,1.6562,15.20,6.40
2007.06.28 19:14:03.008,1.6559,1.6562,36.50,6.40
2007.06.28 19:14:03.196,1.6559,1.6562,36.50,4.00
2007.06.28 19:14:03.340,1.656,1.6562,1.60,4.00
2007.06.28 19:14:03.366,1.6559,1.6562,35.70,4.00
2007.06.28 19:14:03.714,1.6561,1.6562,0.90,4.00
2007.06.28 19:14:10.172,1.6559,1.6562,60.40,4.00
2007.06.28 19:14:10.208,1.6559,1.6562,62.80,4.00
2007.06.28 19:14:11.600,1.6559,1.6562,65.20,4.00
2007.06.28 19:14:11.650,1.6559,1.6562,62.80,4.00
2007.06.28 19:14:11.705,1.6561,1.6562,0.70,4.00
2007.06.28 19:14:20.118,1.656,1.6562,29.60,4.00
2007.06.28 19:14:20.151,1.6561,1.6562,0.50,4.00
2007.06.28 19:14:20.177,1.656,1.6562,30.40,4.00
2007.06.28 19:14:20.531,1.656,1.6562,30.40,4.00
2007.06.28 19:14:20.574,1.6561,1.6562,1.30,4.00
2007.06.28 19:14:20.706,1.656,1.6562,28.80,4.00
2007.06.28 19:14:20.846,1.6561,1.6562,2.70,4.00
2007.06.28 19:14:21.247,1.656,1.6562,28.80,4.00
2007.06.28 19:14:21.256,1.6562,1.6563,1.60,9.60
2007.06.28 19:14:21.466,1.656,1.6562,47.10,4.00
2007.06.28 19:14:21.561,1.6561,1.6562,1.70,4.00
2007.06.28 19:14:21.697,1.6561,1.6563,4.70,43.90
2007.06.28 19:14:21.716,1.6561,1.6563,4.50,43.90
2007.06.28 19:14:21.763,1.656,1.6563,55.90,3.20
2007.06.28 19:14:22.186,1.656,1.6563,65.90,2.40
2007.06.28 19:14:22.581,1.656,1.6563,65.90,2.40
2007.06.28 19:14:22.616,1.656,1.6564,65.90,52.70
2007.06.28 19:14:29.885,1.6561,1.6564,10.90,50.30
2007.06.28 19:14:30.407,1.656,1.6564,61.90,42.30
2007.06.28 19:14:30.435,1.6561,1.6564,39.10,42.30
2007.06.28 19:14:34.151,1.6561,1.6563,39.90,1.60
2007.06.28 19:14:34.267,1.6561,1.6563,13.90,1.60
2007.06.28 19:14:34.297,1.656,1.6563,39.60,1.60
2007.06.28 19:14:34.466,1.656,1.6563,35.60,5.60
2007.06.28 19:14:34.512,1.656,1.6563,11.30,47.90
2007.06.28 19:14:35.277,1.65595,1.6563,51.10,50.30
2007.06.28 19:14:37.229,1.656,1.6563,48.70,50.30
2007.06.28 19:14:37.265,1.6561,1.6563,3.00,16.00
2007.06.28 19:14:37.329,1.65605,1.6563,15.20,13.60
2007.06.28 19:14:37.373,1.65605,1.6563,15.20,5.60
2007.06.28 19:14:37.703,1.6561,1.6564,1.10,44.70
2007.06.28 19:14:37.765,1.65605,1.6564,15.20,20.80
2007.06.28 19:14:37.819,1.65615,1.6564,1.70,15.20
2007.06.28 19:14:38.186,1.6561,1.6564,15.20,12.80
2007.06.28 19:14:38.625,1.6561,1.6564,15.20,10.40
2007.06.28 19:14:52.353,1.656,1.6564,50.00,10.40
2007.06.28 19:14:53.403,1.6561,1.6564,15.20,10.40
2007.06.28 19:14:53.418,1.6561,1.65645,20.80,11.20
2007.06.28 19:14:54.254,1.65615,1.65645,7.20,9.60
2007.06.28 19:14:54.599,1.65615,1.65645,23.20,7.20
2007.06.28 19:14:54.715,1.65615,1.65645,15.20,7.20
2007.06.28 19:14:55.176,1.65615,1.65645,13.60,8.80
2007.06.28 19:14:55.353,1.65615,1.65645,13.60,9.60
2007.06.28 19:14:55.468,1.65615,1.65645,13.60,8.80
2007.06.28 19:14:55.659,1.65615,1.65645,13.60,40.70
2007.06.28 19:14:55.745,1.65615,1.6564,0.90,0.60
2007.06.28 19:14:55.800,1.65605,1.65645,46.30,48.70
2007.06.28 19:14:56.351,1.6561,1.6564,0.60,0.50
2007.06.28 19:14:56.549,1.6561,1.6564,39.10,0.50
2007.06.28 19:14:58.403,1.65615,1.6564,5.60,0.60
2007.06.28 19:14:58.696,1.6562,1.6564,8.00,0.70
2007.06.28 19:15:05.505,1.6561,1.65645,39.10,56.70
2007.06.28 19:15:06.786,1.6561,1.65645,39.90,56.70
2007.06.28 19:15:06.831,1.6561,1.65645,43.10,56.70
2007.06.28 19:15:06.962,1.6561,1.6564,43.90,0.70
2007.06.28 19:15:07.239,1.6561,1.6564,43.90,0.80
2007.06.28 19:15:07.381,1.6561,1.6564,46.30,0.70
2007.06.28 19:15:31.789,1.6561,1.6564,46.30,50.30
2007.06.28 19:15:32.187,1.6561,1.6564,45.50,50.30
2007.06.28 19:15:32.264,1.6561,1.6564,44.70,50.30
2007.06.28 19:15:32.284,1.6561,1.6564,43.90,50.30
2007.06.28 19:15:32.671,1.6561,1.6564,41.50,50.30
2007.06.28 19:15:32.699,1.6561,1.6564,17.60,50.30
2007.06.28 19:15:32.788,1.6561,1.6564,16.00,50.30
2007.06.28 19:15:32.801,1.6561,1.6564,10.40,55.90
2007.06.28 19:15:33.208,1.6561,1.6564,8.00,55.90
2007.06.28 19:15:46.362,1.6561,1.6564,8.00,56.70
2007.06.28 19:15:46.401,1.6561,1.6564,13.60,51.90
2007.06.28 19:15:46.531,1.6561,1.6564,13.60,51.10
2007.06.28 19:15:46.714,1.6561,1.6564,13.60,50.30
2007.06.28 19:15:46.953,1.6561,1.6564,8.00,55.90
2007.06.28 19:15:50.728,1.6561,1.6563,8.00,1.60
2007.06.28 19:15:50.758,1.6561,1.6563,8.00,9.60
2007.06.28 19:15:50.842,1.6561,1.6563,8.00,12.00
2007.06.28 19:15:51.243,1.6561,1.6563,8.00,18.40
2007.06.28 19:15:51.469,1.6561,1.6563,8.00,8.00
2007.06.28 19:15:51.578,1.6561,1.6563,8.00,34.30
2007.06.28 19:15:51.688,1.656,1.6563,56.40,42.30
2007.06.28 19:15:51.836,1.65605,1.6563,5.60,42.30
2007.06.28 19:15:51.877,1.65605,1.6563,5.60,34.30
2007.06.28 19:15:52.059,1.65605,1.6563,5.60,42.30
2007.06.28 19:15:52.103,1.656,1.6563,52.70,42.30
2007.06.28 19:15:52.215,1.656,1.6563,51.90,42.30
2007.06.28 19:15:54.267,1.656,1.6563,49.50,42.30
2007.06.28 19:15:54.783,1.656,1.6563,49.50,44.70
2007.06.28 19:15:55.598,1.6561,1.6563,1.60,44.70
2007.06.28 19:15:55.612,1.6561,1.6563,3.20,44.70
2007.06.28 19:15:55.699,1.6561,1.6563,4.00,44.70
2007.06.28 19:15:55.730,1.6561,1.6563,9.60,36.70
2007.06.28 19:15:55.732,1.6561,1.6563,22.40,8.00
2007.06.28 19:15:55.845,1.6561,1.6563,46.30,8.00
2007.06.28 19:15:55.902,1.6561,1.6563,47.10,8.00
2007.06.28 19:15:55.925,1.6561,1.65635,19.20,5.60
2007.06.28 19:15:55.942,1.6562,1.6564,5.60,16.00
2007.06.28 19:15:56.250,1.6562,1.6564,7.20,16.00
2007.06.28 19:15:56.262,1.6562,1.6564,15.20,13.60
2007.06.28 19:15:56.428,1.6562,1.6564,15.20,11.20
2007.06.28 19:15:56.541,1.6562,1.6564,15.20,8.80
2007.06.28 19:15:56.575,1.6562,1.6564,15.20,6.40
2007.06.28 19:15:57.672,1.6562,1.6564,13.60,6.40
2007.06.28 19:15:58.352,1.6562,1.6564,8.00,6.40
2007.06.28 19:16:00.659,1.6562,1.6564,8.00,8.00
2007.06.28 19:16:01.119,1.6562,1.6564,8.00,34.30
2007.06.28 19:16:01.753,1.65615,1.6564,5.60,34.30
2007.06.28 19:16:06.634,1.6562,1.6564,8.00,34.30
2007.06.28 19:16:07.108,1.6562,1.6564,8.00,42.30
2007.06.28 19:16:07.721,1.6562,1.6564,8.00,40.70
2007.06.28 19:16:07.752,1.65615,1.6564,5.60,40.70
2007.06.28 19:16:07.862,1.65615,1.6564,5.60,32.70
2007.06.28 19:16:07.945,1.6562,1.6564,8.00,6.40
2007.06.28 19:16:08.223,1.6562,1.6564,8.00,8.00
2007.06.28 19:16:10.648,1.65615,1.6564,13.60,8.00
2007.06.28 19:16:23.902,1.6561,1.6564,46.30,50.30
2007.06.28 19:16:23.937,1.65605,1.6564,51.10,50.30
2007.06.28 19:16:48.779,1.65615,1.6564,5.60,50.30
2007.06.28 19:16:48.883,1.6562,1.6564,8.00,8.00
2007.06.28 19:16:51.617,1.6562,1.6564,10.40,8.00
2007.06.28 19:16:51.841,1.6562,1.6564,9.60,8.00
2007.06.28 19:16:51.893,1.6562,1.6564,8.80,8.00
2007.06.28 19:16:51.931,1.6562,1.6564,8.00,8.00
2007.06.28 19:16:52.242,1.6562,1.6564,9.60,8.00
2007.06.28 19:16:52.555,1.6562,1.6564,12.00,8.00
2007.06.28 19:16:52.662,1.6562,1.6564,20.00,8.00
2007.06.28 19:16:52.744,1.6562,1.6564,20.00,42.30
2007.06.28 19:16:52.760,1.6562,1.6564,18.40,42.30
2007.06.28 19:16:52.996,1.6562,1.6564,10.40,42.30
2007.06.28 19:16:53.179,1.6562,1.6563,10.40,1.60
2007.06.28 19:16:53.382,1.6562,1.6563,10.40,5.60
2007.06.28 19:16:53.695,1.6562,1.6563,10.40,4.00
2007.06.28 19:16:54.431,1.6562,1.6564,10.40,43.90
2007.06.28 19:16:54.606,1.6562,1.6564,10.40,43.10
2007.06.28 19:16:54.654,1.6562,1.6564,10.40,44.70
2007.06.28 19:16:54.750,1.6562,1.6563,10.40,1.60
2007.06.28 19:16:55.157,1.6562,1.6563,10.40,5.60
2007.06.28 19:16:55.691,1.6561,1.6563,35.90,5.60
2007.06.28 19:16:55.818,1.6561,1.6563,8.00,5.60
2007.06.28 19:16:56.160,1.656,1.6563,51.90,47.90
2007.06.28 19:16:56.185,1.656,1.6562,51.90,1.60
2007.06.28 19:16:56.287,1.656,1.6562,51.10,1.60
2007.06.28 19:16:56.368,1.656,1.6562,22.40,1.60
2007.06.28 19:16:56.396,1.656,1.6562,21.60,1.60
2007.06.28 19:16:56.469,1.656,1.6562,20.00,1.60
2007.06.28 19:16:56.490,1.656,1.6562,20.00,5.60
2007.06.28 19:16:56.591,1.656,1.6562,14.40,5.60
2007.06.28 19:16:56.723,1.656,1.6562,9.60,5.60
2007.06.28 19:16:56.880,1.656,1.6562,8.80,5.60
2007.06.28 19:16:57.327,1.656,1.6562,8.80,8.00
2007.06.28 19:16:57.387,1.656,1.6562,8.00,8.00
2007.06.28 19:16:57.418,1.65595,1.6562,9.60,16.00
2007.06.28 19:16:57.469,1.65595,1.6562,9.60,50.30
2007.06.28 19:16:57.568,1.6559,1.6562,55.10,50.30
2007.06.28 19:16:57.641,1.656,1.6562,0.80,47.90
2007.06.28 19:16:57.659,1.656,1.6562,1.60,47.90
2007.06.28 19:16:57.705,1.656,1.6562,4.80,47.90
2007.06.28 19:16:57.733,1.656,1.6562,6.40,47.90
2007.06.28 19:16:57.825,1.656,1.6562,14.40,39.90
2007.06.28 19:16:57.884,1.656,1.6562,22.40,5.60
2007.06.28 19:16:58.354,1.656,1.6562,24.80,5.60
2007.06.28 19:16:58.511,1.656,1.6562,24.00,5.60
2007.06.28 19:16:58.551,1.656,1.6562,23.20,5.60
2007.06.28 19:16:58.579,1.656,1.6562,22.40,5.60
2007.06.28 19:16:58.663,1.656,1.6562,18.40,8.00
2007.06.28 19:16:58.737,1.656,1.6562,10.40,8.00
2007.06.28 19:16:58.831,1.656,1.6562,3.20,50.30
2007.06.28 19:16:58.868,1.656,1.6562,4.00,50.30
2007.06.28 19:16:59.070,1.656,1.6562,4.80,50.30
2007.06.28 19:16:59.182,1.656,1.6562,8.80,47.90
2007.06.28 19:16:59.239,1.656,1.6562,16.80,39.90
2007.06.28 19:16:59.371,1.656,1.6562,24.80,5.60
2007.06.28 19:16:59.696,1.656,1.65625,24.80,0.80
2007.06.28 19:16:59.779,1.656,1.6563,24.80,42.30
2007.06.28 19:16:59.800,1.656,1.6563,40.70,43.20
2007.06.28 19:16:59.856,1.656,1.6563,46.30,37.60
2007.06.28 19:16:59.878,1.656,1.6563,46.30,55.10
2007.06.28 19:16:59.972,1.656,1.6563,45.50,55.10
2007.06.28 19:17:00.099,1.656,1.6563,44.70,55.10
2007.06.28 19:17:00.175,1.656,1.6563,44.70,52.70
2007.06.28 19:17:00.225,1.656,1.6562,39.90,4.00
2007.06.28 19:17:00.355,1.656,1.6562,34.30,4.00
2007.06.28 19:17:00.426,1.656,1.6562,10.40,4.00
2007.06.28 19:17:00.458,1.656,1.6562,8.00,4.00
2007.06.28 19:17:00.740,1.656,1.6562,9.60,4.00
2007.06.28 19:17:00.820,1.656,1.6562,17.60,4.00
2007.06.28 19:17:00.902,1.65605,1.6562,5.60,4.00
2007.06.28 19:17:01.250,1.6561,1.6562,8.00,4.00
2007.06.28 19:17:01.265,1.6561,1.6562,9.60,4.00
2007.06.28 19:17:01.330,1.6561,1.6562,17.60,4.00
2007.06.28 19:17:01.346,1.6561,1.6563,17.60,8.00
2007.06.28 19:17:01.670,1.6561,1.6563,17.60,6.40
2007.06.28 19:17:01.770,1.6561,1.65635,17.60,0.80
2007.06.28 19:17:01.822,1.6561,1.65635,9.60,0.80
2007.06.28 19:17:01.978,1.6561,1.65635,15.20,0.80
2007.06.28 19:17:02.169,1.6561,1.65635,16.80,0.80
2007.06.28 19:17:02.247,1.65615,1.65635,5.60,0.80
2007.06.28 19:17:02.686,1.65615,1.6564,5.60,51.10
2007.06.28 19:17:02.895,1.65615,1.6564,5.60,48.70
2007.06.28 19:17:03.538,1.65615,1.6564,5.60,46.30
2007.06.28 19:17:03.609,1.65615,1.6564,5.60,42.30
2007.06.28 19:17:04.328,1.65615,1.6564,5.60,44.70
2007.06.28 19:17:04.384,1.6561,1.6564,43.90,44.70
2007.06.28 19:17:04.540,1.6561,1.6564,43.90,52.70
2007.06.28 19:17:04.664,1.6561,1.6564,41.50,52.70
2007.06.28 19:17:04.894,1.6561,1.6564,41.50,54.30
2007.06.28 19:17:04.911,1.65615,1.6564,5.60,54.30
2007.06.28 19:17:04.985,1.65615,1.6564,5.60,50.30
2007.06.28 19:17:05.076,1.65615,1.6564,5.60,42.30
2007.06.28 19:17:05.387,1.65615,1.6563,5.60,4.00
2007.06.28 19:17:05.429,1.6561,1.6563,31.90,4.00
2007.06.28 19:17:05.512,1.6561,1.6563,29.50,4.00
2007.06.28 19:17:05.600,1.6561,1.6563,13.60,4.00
2007.06.28 19:17:06.845,1.6561,1.6563,15.20,4.00
2007.06.28 19:17:06.858,1.6561,1.6563,23.20,4.00
2007.06.28 19:17:06.991,1.65615,1.6563,5.60,4.00
2007.06.28 19:17:07.442,1.65615,1.6564,5.60,42.30
2007.06.28 19:17:11.773,1.65615,1.6563,5.60,1.60
2007.06.28 19:17:11.864,1.65615,1.6563,5.60,5.60
2007.06.28 19:17:11.940,1.6561,1.6563,34.30,5.60
2007.06.28 19:17:11.957,1.6561,1.6563,8.00,5.60
2007.06.28 19:17:12.069,1.6561,1.6563,8.80,5.60
2007.06.28 19:17:12.185,1.6561,1.6563,10.40,5.60
2007.06.28 19:17:12.275,1.6561,1.6563,9.60,8.00
2007.06.28 19:17:12.764,1.6561,1.6563,11.20,42.30
2007.06.28 19:17:12.828,1.6561,1.6563,20.00,8.00
2007.06.28 19:17:12.990,1.6561,1.6563,20.80,8.00
2007.06.28 19:17:13.020,1.6561,1.6563,12.80,8.00
2007.06.28 19:17:13.097,1.6561,1.6563,4.80,42.30
2007.06.28 19:17:13.156,1.6561,1.6563,6.40,42.30
2007.06.28 19:17:13.214,1.6561,1.6563,14.40,42.30
2007.06.28 19:17:13.324,1.6561,1.6563,22.40,8.00
2007.06.28 19:17:14.692,1.6561,1.6562,20.80,1.60
2007.06.28 19:17:14.805,1.6561,1.6562,21.60,1.60
2007.06.28 19:17:14.827,1.6561,1.6562,3.20,1.60
2007.06.28 19:17:14.996,1.6561,1.6562,2.40,1.60
2007.06.28 19:17:15.051,1.6561,1.6562,3.20,1.60
2007.06.28 19:17:15.117,1.6561,1.6562,2.40,1.60
2007.06.28 19:17:15.204,1.6561,1.6562,1.60,1.60
2007.06.28 19:17:15.221,1.6561,1.6562,5.60,1.60
2007.06.28 19:17:15.224,1.6561,1.6562,4.80,1.60
2007.06.28 19:17:15.334,1.6561,1.6562,2.40,4.00
2007.06.28 19:17:15.448,1.6561,1.6562,1.60,4.00
2007.06.28 19:17:15.731,1.65605,1.6562,10.40,5.60
2007.06.28 19:17:15.899,1.65605,1.6562,0.80,5.60
2007.06.28 19:17:16.275,1.6561,1.6563,1.60,15.90
2007.06.28 19:17:16.588,1.6561,1.6563,1.60,23.90
2007.06.28 19:17:16.722,1.65615,1.6563,5.60,23.90
2007.06.28 19:17:17.001,1.65615,1.6563,5.60,15.90
2007.06.28 19:17:17.281,1.6562,1.6563,4.80,15.90
2007.06.28 19:17:17.287,1.6562,1.6564,4.80,22.30
2007.06.28 19:17:17.413,1.6562,1.6564,12.80,6.40
2007.06.28 19:17:17.651,1.6562,1.6564,13.60,6.40
2007.06.28 19:17:17.709,1.6562,1.6564,13.60,8.00
2007.06.28 19:17:17.810,1.6562,1.6564,12.00,8.00
2007.06.28 19:17:17.819,1.6562,1.6564,12.00,44.70
2007.06.28 19:17:17.859,1.6562,1.6564,16.80,44.70
2007.06.28 19:17:17.897,1.6562,1.6564,15.20,44.70
2007.06.28 19:17:17.959,1.6562,1.6564,26.40,44.70
2007.06.28 19:17:18.041,1.6562,1.6564,42.30,20.80
2007.06.28 19:17:18.121,1.6562,1.6564,36.70,20.80
2007.06.28 19:17:18.195,1.6562,1.6564,39.10,12.80
2007.06.28 19:17:18.223,1.6562,1.6564,37.50,12.80
2007.06.28 19:17:18.232,1.6562,1.6564,37.50,10.40
2007.06.28 19:17:18.457,1.6562,1.6564,11.20,8.00
2007.06.28 19:17:18.980,1.6562,1.6564,8.00,8.00
2007.06.28 19:17:19.179,1.6562,1.6564,8.00,42.30
2007.06.28 19:17:19.393,1.6562,1.6564,8.00,44.70
2007.06.28 19:17:19.649,1.6562,1.6564,8.00,0.60
2007.06.28 19:17:20.310,1.6562,1.65645,8.00,43.10
2007.06.28 19:17:20.826,1.6562,1.65645,11.20,43.10
2007.06.28 19:17:21.014,1.6562,1.65645,12.00,43.10
2007.06.28 19:17:21.098,1.6562,1.65645,12.80,43.10
2007.06.28 19:17:21.201,1.6562,1.65645,22.40,35.10
2007.06.28 19:17:21.308,1.6562,1.6564,22.40,0.60
2007.06.28 19:17:21.527,1.6562,1.65645,23.20,8.80
2007.06.28 19:17:21.617,1.6562,1.65645,24.00,8.80
2007.06.28 19:17:22.639,1.6563,1.6564,1.60,0.60
2007.06.28 19:17:22.734,1.6563,1.6564,1.60,0.70
2007.06.28 19:17:25.246,1.6563,1.6564,2.40,0.50
2007.06.28 19:17:25.334,1.6563,1.6564,3.20,0.60
2007.06.28 19:17:25.472,1.6563,1.65645,4.00,7.20
2007.06.28 19:17:25.634,1.6563,1.65645,14.40,7.20
2007.06.28 19:17:25.674,1.6564,1.65645,1.60,4.80
2007.06.28 19:17:25.781,1.6564,1.65655,1.60,16.00
2007.06.28 19:17:26.146,1.6564,1.65655,1.60,8.80
2007.06.28 19:17:26.507,1.6564,1.65655,1.60,4.80
2007.06.28 19:17:26.716,1.6563,1.6565,28.80,0.80
2007.06.28 19:17:26.752,1.6563,1.65655,20.80,8.80
2007.06.28 19:17:26.924,1.6563,1.6565,15.20,0.70
2007.06.28 19:17:27.155,1.6563,1.65655,14.40,8.80
2007.06.28 19:17:27.264,1.6563,1.65655,13.60,8.80
2007.06.28 19:17:27.428,1.6563,1.65655,15.20,8.80
2007.06.28 19:17:27.489,1.6563,1.65655,17.60,8.80
2007.06.28 19:17:27.526,1.6563,1.65655,15.20,8.80
2007.06.28 19:17:28.200,1.6563,1.65655,14.40,8.80
2007.06.28 19:17:28.344,1.6563,1.65655,13.60,8.80
2007.06.28 19:17:29.232,1.6563,1.65655,11.20,8.80
2007.06.28 19:17:29.368,1.6563,1.65655,9.60,8.80
2007.06.28 19:17:32.184,1.6563,1.6565,9.60,0.60
2007.06.28 19:17:32.590,1.6563,1.6565,15.20,0.90
2007.06.28 19:17:32.839,1.6563,1.65655,16.00,7.20
2007.06.28 19:17:32.885,1.6563,1.65655,17.60,7.20
2007.06.28 19:17:32.896,1.6563,1.6565,19.20,0.70
2007.06.28 19:17:32.968,1.6563,1.65655,17.60,7.20
2007.06.28 19:17:33.087,1.6563,1.65655,16.80,7.20
2007.06.28 19:17:33.204,1.6563,1.65655,15.20,7.20
2007.06.28 19:17:33.365,1.6563,1.6565,16.00,0.90
2007.06.28 19:17:33.473,1.6563,1.6565,16.80,0.50
2007.06.28 19:17:33.576,1.6563,1.6565,17.60,0.90
2007.06.28 19:17:33.616,1.6563,1.65655,19.20,7.20
2007.06.28 19:17:33.721,1.6563,1.6565,20.00,0.90
2007.06.28 19:17:33.741,1.6564,1.6565,1.60,0.70
2007.06.28 19:17:34.341,1.6564,1.6566,1.60,0.60
2007.06.28 19:17:37.456,1.6564,1.65665,14.60,28.80
2007.06.28 19:17:37.480,1.6565,1.6566,2.40,0.60
2007.06.28 19:17:37.692,1.6564,1.65665,13.00,28.80
2007.06.28 19:17:37.713,1.6564,1.6566,2.40,0.60
2007.06.28 19:17:37.813,1.6563,1.6566,55.90,0.90
2007.06.28 19:17:37.863,1.6563,1.65655,55.90,0.80
2007.06.28 19:17:38.222,1.6563,1.65655,21.60,0.80
2007.06.28 19:17:38.329,1.6563,1.65655,55.90,0.80
2007.06.28 19:17:38.382,1.6563,1.6566,51.90,59.10
2007.06.28 19:17:38.421,1.6563,1.65655,43.90,0.80
2007.06.28 19:17:38.476,1.6563,1.65655,43.90,4.80
2007.06.28 19:17:38.517,1.6563,1.65655,17.60,4.80
2007.06.28 19:17:38.585,1.6563,1.65655,21.60,0.80
2007.06.28 19:17:41.157,1.6563,1.65655,19.20,4.80
2007.06.28 19:17:42.399,1.6563,1.65655,45.50,4.80
2007.06.28 19:17:42.760,1.6563,1.6565,44.70,0.90
2007.06.28 19:17:42.797,1.6563,1.6565,43.90,0.90
2007.06.28 19:17:42.902,1.6563,1.65655,43.10,4.80
2007.06.28 19:17:42.933,1.6563,1.6565,41.50,0.50
2007.06.28 19:17:43.004,1.6563,1.65655,39.90,4.80
2007.06.28 19:17:43.884,1.6563,1.6565,43.10,0.90
2007.06.28 19:17:43.891,1.6563,1.6565,43.90,0.90
2007.06.28 19:17:43.978,1.6563,1.6565,44.70,0.90
2007.06.28 19:17:45.407,1.6563,1.65655,45.50,2.40
2007.06.28 19:17:45.452,1.6563,1.65655,46.30,2.40
2007.06.28 19:17:45.713,1.6563,1.6566,47.10,39.20
2007.06.28 19:17:45.765,1.6563,1.6566,47.90,31.20
2007.06.28 19:17:45.860,1.6563,1.6566,21.60,31.20
2007.06.28 19:17:46.443,1.6563,1.65655,47.90,0.80
2007.06.28 19:17:46.533,1.6563,1.6566,48.70,31.20
2007.06.28 19:17:46.571,1.6563,1.65655,49.50,0.80
2007.06.28 19:17:46.640,1.6564,1.6566,1.60,31.20
2007.06.28 19:17:47.457,1.6564,1.65665,5.60,19.20
2007.06.28 19:17:47.665,1.6564,1.6566,4.00,0.80
2007.06.28 19:17:47.783,1.6564,1.65665,4.00,19.20
2007.06.28 19:17:47.796,1.6564,1.65665,4.00,27.20
2007.06.28 19:17:48.280,1.6564,1.6566,4.00,27.20
2007.06.28 19:17:48.375,1.6563,1.6566,23.20,31.20
2007.06.28 19:17:50.976,1.6563,1.65655,22.40,0.80
2007.06.28 19:17:51.177,1.6563,1.65655,21.60,0.80
2007.06.28 19:17:51.560,1.6563,1.65655,47.90,0.80
2007.06.28 19:17:52.599,1.6563,1.65655,48.70,0.80
2007.06.28 19:17:52.608,1.6563,1.65655,46.30,0.80
2007.06.28 19:17:52.715,1.6563,1.65655,45.50,0.80
2007.06.28 19:17:52.743,1.6563,1.6565,46.30,4.00
2007.06.28 19:17:52.817,1.6563,1.6565,43.90,4.00
2007.06.28 19:17:52.925,1.6563,1.6565,42.30,4.00
2007.06.28 19:17:54.443,1.6563,1.6565,41.50,4.00
2007.06.28 19:17:54.535,1.6563,1.6565,40.70,4.00
2007.06.28 19:17:54.674,1.6563,1.6565,39.90,4.00
2007.06.28 19:17:56.365,1.6563,1.6565,42.30,1.60
2007.06.28 19:17:56.673,1.6563,1.6565,38.30,4.00
2007.06.28 19:17:56.696,1.6563,1.6565,30.30,4.00
2007.06.28 19:17:56.775,1.6563,1.6565,6.40,12.00
2007.06.28 19:17:56.789,1.6563,1.6565,2.40,12.00
2007.06.28 19:17:57.252,1.65625,1.6565,0.80,38.30
2007.06.28 19:17:57.295,1.6562,1.6565,75.90,38.30
2007.06.28 19:17:57.322,1.6562,1.6565,71.90,38.30
2007.06.28 19:17:57.382,1.6562,1.6565,67.90,38.30
2007.06.28 19:17:57.486,1.6562,1.6565,65.50,38.30
2007.06.28 19:17:57.568,1.6562,1.6565,64.70,38.30
2007.06.28 19:17:57.610,1.6562,1.6565,62.30,38.30
2007.06.28 19:17:57.666,1.6562,1.6565,60.70,38.30
2007.06.28 19:17:57.703,1.6562,1.6565,59.90,38.30
2007.06.28 19:17:57.796,1.6562,1.6565,59.10,38.30
2007.06.28 19:17:58.096,1.6562,1.6565,59.90,38.30
2007.06.28 19:17:58.137,1.6562,1.6565,59.90,38.30
2007.06.28 19:17:58.203,1.6562,1.6565,59.10,38.30
2007.06.28 19:17:58.217,1.6562,1.6565,58.30,38.30
2007.06.28 19:17:58.633,1.6562,1.6565,55.90,38.30
2007.06.28 19:17:58.756,1.6562,1.6564,55.10,1.60
2007.06.28 19:17:58.810,1.6562,1.6564,18.40,1.60
2007.06.28 19:17:58.845,1.6562,1.6564,20.80,1.60
2007.06.28 19:17:58.928,1.6562,1.6564,15.20,1.60
2007.06.28 19:17:58.958,1.6562,1.6564,12.80,1.60
2007.06.28 19:17:59.033,1.6562,1.6564,14.70,1.60
2007.06.28 19:17:59.173,1.6562,1.6564,8.70,9.60
2007.06.28 19:17:59.257,1.6562,1.6564,6.40,9.60
2007.06.28 19:17:59.360,1.6562,1.6564,8.00,12.00
2007.06.28 19:17:59.658,1.6562,1.6564,8.00,14.40
2007.06.28 19:17:59.677,1.6562,1.6564,8.00,12.00
2007.06.28 19:17:59.767,1.6562,1.6564,2.40,12.00
2007.06.28 19:17:59.788,1.6562,1.6564,26.30,12.00
2007.06.28 19:17:59.993,1.6562,1.6564,34.30,1.60
2007.06.28 19:18:00.181,1.6562,1.6564,34.30,12.00
2007.06.28 19:18:00.405,1.6562,1.6564,10.40,27.90
2007.06.28 19:18:00.617,1.65615,1.6564,0.80,9.60
2007.06.28 19:18:00.818,1.65615,1.6564,0.80,33.50
2007.06.28 19:18:01.342,1.65615,1.6564,0.80,35.90
2007.06.28 19:18:01.532,1.6561,1.6564,55.90,35.90
2007.06.28 19:18:01.628,1.6561,1.6564,53.50,35.90
2007.06.28 19:18:01.750,1.6561,1.6564,51.90,35.90
2007.06.28 19:18:01.952,1.6561,1.6564,46.30,41.50
2007.06.28 19:18:02.166,1.6562,1.6564,1.60,39.90
2007.06.28 19:18:02.256,1.6562,1.6564,1.60,47.90
2007.06.28 19:18:02.383,1.6562,1.6564,1.60,16.00
2007.06.28 19:18:02.441,1.6562,1.6564,7.20,10.40
2007.06.28 19:18:02.621,1.6562,1.6564,11.20,10.40
2007.06.28 19:18:02.829,1.6562,1.6564,11.20,8.00
2007.06.28 19:18:02.925,1.6562,1.6564,13.60,1.60
2007.06.28 19:18:02.949,1.6562,1.6564,8.00,1.60
2007.06.28 19:18:02.997,1.6562,1.6564,39.90,1.60
2007.06.28 19:18:03.535,1.6562,1.6564,8.00,1.60
2007.06.28 19:18:03.821,1.6561,1.6564,58.30,38.30
2007.06.28 19:18:04.022,1.6561,1.6564,58.30,35.90
2007.06.28 19:18:04.840,1.6561,1.6564,58.30,0.80
2007.06.28 19:18:05.207,1.6562,1.6564,2.40,0.90
2007.06.28 19:18:05.320,1.6562,1.65645,6.40,43.90
2007.06.28 19:18:05.329,1.6562,1.6564,7.20,0.90
2007.06.28 19:18:05.347,1.6562,1.6564,8.00,0.90
2007.06.28 19:18:05.383,1.6562,1.65645,8.00,17.60
2007.06.28 19:18:05.524,1.6562,1.65645,7.20,18.40
2007.06.28 19:18:05.625,1.6562,1.65645,6.40,12.80
2007.06.28 19:18:05.726,1.6562,1.65645,6.40,8.80
2007.06.28 19:18:05.735,1.6562,1.6565,14.40,36.00
2007.06.28 19:18:05.923,1.6562,1.6565,14.40,0.50
2007.06.28 19:18:05.964,1.6562,1.65655,20.00,36.00
2007.06.28 19:18:06.006,1.6562,1.65655,19.20,36.00
2007.06.28 19:18:06.351,1.6562,1.65655,19.20,36.80
2007.06.28 19:18:06.455,1.6562,1.6565,19.20,0.70
2007.06.28 19:18:06.560,1.6562,1.6565,19.20,0.80
2007.06.28 19:18:06.767,1.6562,1.6565,13.60,14.40
2007.06.28 19:18:06.858,1.6562,1.6564,8.00,0.90
2007.06.28 19:18:07.289,1.6562,1.65645,9.60,2.40
2007.06.28 19:18:07.386,1.6562,1.65645,9.60,4.80
2007.06.28 19:18:07.476,1.6562,1.6564,43.90,0.80
2007.06.28 19:18:07.699,1.6562,1.6565,47.90,50.30
2007.06.28 19:18:07.793,1.6562,1.6565,45.50,50.30
2007.06.28 19:18:07.842,1.6562,1.6565,51.10,44.70
2007.06.28 19:18:08.198,1.6562,1.65645,19.20,0.80
2007.06.28 19:18:08.224,1.6562,1.6565,19.20,0.70
2007.06.28 19:18:08.405,1.6562,1.6565,19.20,0.60
2007.06.28 19:18:08.557,1.6562,1.65655,19.20,25.60
2007.06.28 19:18:08.644,1.6562,1.6565,19.20,0.60
2007.06.28 19:18:08.787,1.6562,1.6565,51.10,0.70
2007.06.28 19:18:08.820,1.6562,1.65655,51.10,49.50
2007.06.28 19:18:08.839,1.6562,1.6565,51.10,0.80
2007.06.28 19:18:09.243,1.6562,1.6565,53.50,0.50
2007.06.28 19:18:09.263,1.6562,1.6565,55.90,44.70
2007.06.28 19:18:09.705,1.6562,1.6565,21.60,19.20
2007.06.28 19:18:09.976,1.6562,1.6565,16.00,24.80
2007.06.28 19:18:11.618,1.6562,1.6564,16.00,0.80
2007.06.28 19:18:11.772,1.6562,1.6564,14.40,0.60
2007.06.28 19:18:11.776,1.6562,1.6564,14.40,0.70
2007.06.28 19:18:12.171,1.6562,1.6565,12.00,34.40
2007.06.28 19:18:12.185,1.6562,1.6564,12.00,0.50
2007.06.28 19:18:12.271,1.6562,1.6565,12.00,33.60
2007.06.28 19:18:12.366,1.6562,1.6563,12.00,0.90
2007.06.28 19:18:13.109,1.6562,1.6563,30.30,0.90
2007.06.28 19:18:13.294,1.6562,1.6563,4.00,0.90
2007.06.28 19:18:17.122,1.6562,1.6564,6.40,16.80
2007.06.28 19:18:17.243,1.6562,1.65645,8.00,18.40
2007.06.28 19:18:17.326,1.6562,1.65645,8.00,19.20
2007.06.28 19:18:17.451,1.6562,1.6564,8.00,0.50
2007.06.28 19:18:17.627,1.6562,1.65645,5.60,20.00
2007.06.28 19:18:17.742,1.6562,1.6564,5.60,0.50
2007.06.28 19:18:17.872,1.6562,1.65645,5.60,14.40
2007.06.28 19:18:18.010,1.6562,1.6564,16.00,0.70
2007.06.28 19:18:18.401,1.6562,1.65645,24.00,7.20
2007.06.28 19:18:18.498,1.6562,1.65645,39.90,7.20
2007.06.28 19:18:18.654,1.6562,1.65645,39.90,6.40
2007.06.28 19:18:18.792,1.6562,1.65645,39.90,5.60
2007.06.28 19:18:19.029,1.6562,1.65645,39.90,4.80
2007.06.28 19:18:21.213,1.6562,1.6564,13.60,0.60
2007.06.28 19:18:21.292,1.6562,1.65645,14.40,2.40
2007.06.28 19:18:21.695,1.6562,1.65645,16.00,2.40
2007.06.28 19:18:22.098,1.6562,1.65645,34.30,2.40
2007.06.28 19:18:22.216,1.6562,1.6565,32.70,36.00
2007.06.28 19:18:22.228,1.6562,1.6565,32.70,62.30
2007.06.28 19:18:22.320,1.6562,1.6565,40.70,62.30
2007.06.28 19:18:22.446,1.6562,1.6564,32.70,0.70
2007.06.28 19:18:22.809,1.6562,1.6564,32.70,0.80
2007.06.28 19:18:22.906,1.6562,1.6565,32.70,62.30
2007.06.28 19:18:23.020,1.6562,1.6564,32.70,0.90
2007.06.28 19:18:23.635,1.6562,1.6564,32.70,0.80
2007.06.28 19:18:23.648,1.6562,1.6565,34.30,65.50
2007.06.28 19:18:23.722,1.6562,1.6565,34.30,65.50
2007.06.28 19:18:23.764,1.6562,1.6565,42.30,65.50
2007.06.28 19:18:23.848,1.6562,1.6564,42.30,0.70
2007.06.28 19:18:24.146,1.6562,1.6564,34.30,0.70
2007.06.28 19:18:24.178,1.6562,1.6564,32.70,0.70
2007.06.28 19:18:24.278,1.6562,1.6565,32.70,67.90
2007.06.28 19:18:26.720,1.6562,1.65645,34.30,12.80
2007.06.28 19:18:26.741,1.6562,1.6564,42.30,0.90
2007.06.28 19:18:27.365,1.6562,1.6564,42.30,0.60
2007.06.28 19:18:30.160,1.6562,1.65645,39.90,4.80
2007.06.28 19:18:32.229,1.6562,1.6564,30.30,4.00
2007.06.28 19:18:34.691,1.6562,1.6564,31.90,4.00
2007.06.28 19:18:34.698,1.6562,1.6564,39.90,4.00
2007.06.28 19:18:35.211,1.6562,1.6564,42.30,1.60
2007.06.28 19:18:38.162,1.6562,1.6564,40.70,1.60
2007.06.28 19:18:38.171,1.6562,1.6564,32.70,1.60
2007.06.28 19:18:39.906,1.6562,1.65645,32.70,2.40
2007.06.28 19:18:44.636,1.6562,1.6564,30.30,0.80
2007.06.28 19:18:44.830,1.6562,1.65645,42.30,2.40
2007.06.28 19:19:01.282,1.6562,1.6564,39.90,0.70
2007.06.28 19:19:01.385,1.6562,1.6564,39.90,0.80
2007.06.28 19:19:05.795,1.6562,1.65645,13.60,4.80
2007.06.28 19:19:06.170,1.6562,1.6565,16.00,0.90
2007.06.28 19:19:06.196,1.6562,1.65655,43.10,61.50
2007.06.28 19:19:06.283,1.6562,1.65655,43.90,57.50
2007.06.28 19:19:06.315,1.6562,1.65655,51.90,49.50
2007.06.28 19:19:06.384,1.6562,1.65655,58.30,49.50
2007.06.28 19:19:06.691,1.6562,1.65655,58.30,47.10
2007.06.28 19:19:09.387,1.6562,1.6565,58.30,32.70
2007.06.28 19:19:09.436,1.65625,1.6565,5.60,32.70
2007.06.28 19:19:09.661,1.6563,1.6565,1.60,32.70
2007.06.28 19:19:09.757,1.6563,1.6565,9.60,32.70
2007.06.28 19:19:09.829,1.6563,1.6565,20.00,30.30
2007.06.28 19:19:10.355,1.6563,1.6565,17.60,30.30
2007.06.28 19:19:10.449,1.6563,1.6565,9.60,4.00
2007.06.28 19:19:10.469,1.6563,1.6565,13.60,4.00
2007.06.28 19:19:11.582,1.6563,1.6565,19.20,4.00
2007.06.28 19:19:14.342,1.6563,1.6565,13.60,4.00
2007.06.28 19:19:15.157,1.6563,1.6565,12.00,4.00
2007.06.28 19:19:15.415,1.6562,1.6565,55.90,38.30
2007.06.28 19:19:15.665,1.6562,1.6565,53.50,38.30
2007.06.28 19:19:16.232,1.6562,1.6565,51.10,38.30
2007.06.28 19:19:16.624,1.6562,1.6565,53.50,38.30
2007.06.28 19:19:17.180,1.6562,1.6565,53.50,40.70
2007.06.28 19:19:18.748,1.6562,1.6565,27.20,12.00
2007.06.28 19:19:18.769,1.6563,1.6565,1.60,12.00
2007.06.28 19:19:18.978,1.6563,1.6565,20.00,30.30
2007.06.28 19:19:19.384,1.6563,1.6565,24.00,30.30
2007.06.28 19:19:19.486,1.6563,1.6565,39.90,14.40
2007.06.28 19:19:20.196,1.6563,1.6565,5.60,6.40
2007.06.28 19:19:20.206,1.65625,1.6564,5.60,1.60
2007.06.28 19:19:20.605,1.6562,1.6564,16.00,1.60
2007.06.28 19:19:20.715,1.6562,1.6564,13.60,4.00
2007.06.28 19:19:21.530,1.6562,1.6564,39.90,4.00
2007.06.28 19:19:28.431,1.6562,1.6564,13.60,4.00
2007.06.28 19:19:30.376,1.6562,1.6564,16.00,4.00
2007.06.28 19:19:30.455,1.6562,1.6564,18.40,4.00
2007.06.28 19:19:30.546,1.6562,1.6564,19.20,4.00
2007.06.28 19:19:30.574,1.6562,1.6564,20.00,4.00
2007.06.28 19:19:30.673,1.6562,1.6564,20.80,1.60
2007.06.28 19:19:31.221,1.6562,1.65645,20.80,2.40
2007.06.28 19:19:31.288,1.6562,1.6564,23.20,0.70
2007.06.28 19:19:32.215,1.6562,1.65645,23.20,0.80
2007.06.28 19:19:32.386,1.6562,1.6565,28.80,19.20
2007.06.28 19:19:33.005,1.6562,1.6565,30.70,19.20
2007.06.28 19:19:33.250,1.6562,1.65645,30.70,2.40
2007.06.28 19:19:33.458,1.6562,1.65645,30.40,2.40
2007.06.28 19:19:33.468,1.6562,1.6564,24.80,0.70
2007.06.28 19:19:33.658,1.6563,1.6565,1.60,32.80
2007.06.28 19:19:34.191,1.6563,1.65645,5.60,0.80
2007.06.28 19:19:34.218,1.6563,1.65645,6.40,0.80
2007.06.28 19:19:34.280,1.6563,1.6565,8.00,19.20
2007.06.28 19:19:34.393,1.6563,1.6565,8.00,0.70
2007.06.28 19:19:34.403,1.6563,1.65655,16.00,22.40
2007.06.28 19:19:34.444,1.6563,1.65655,35.90,20.80
2007.06.28 19:19:34.460,1.6563,1.6565,17.60,0.80
2007.06.28 19:19:34.686,1.6563,1.65655,17.60,0.80
2007.06.28 19:19:34.697,1.6563,1.65655,23.20,0.80
2007.06.28 19:19:34.884,1.6563,1.65655,57.50,0.80
2007.06.28 19:19:35.307,1.6563,1.65655,59.90,0.80
2007.06.28 19:19:35.614,1.6563,1.65655,25.60,0.80
2007.06.28 19:19:35.940,1.6563,1.65655,59.90,0.80
2007.06.28 19:19:36.252,1.6563,1.65655,60.70,0.80
2007.06.28 19:19:36.283,1.6563,1.6566,61.50,39.10
2007.06.28 19:19:37.210,1.6563,1.6566,61.50,0.90
2007.06.28 19:19:39.054,1.6563,1.65665,60.70,44.70
2007.06.28 19:19:39.107,1.6563,1.65665,59.90,44.70
2007.06.28 19:19:40.738,1.6563,1.65665,25.60,12.80
2007.06.28 19:19:43.444,1.6563,1.6566,59.10,0.80
2007.06.28 19:19:43.678,1.6563,1.6566,49.50,48.70
2007.06.28 19:19:43.694,1.6563,1.6566,6.40,16.80
2007.06.28 19:19:43.712,1.6563,1.6565,5.60,0.60
2007.06.28 19:19:43.886,1.6563,1.6566,5.60,53.40
2007.06.28 19:19:43.946,1.6562,1.6566,30.10,55.00
2007.06.28 19:19:44.006,1.6562,1.6565,42.40,45.50
2007.06.28 19:19:44.187,1.6562,1.6564,43.20,20.70
2007.06.28 19:19:44.191,1.6562,1.6564,39.20,28.70
2007.06.28 19:19:44.225,1.6562,1.6564,38.40,28.70
2007.06.28 19:19:44.305,1.6562,1.6564,37.60,29.50
2007.06.28 19:19:44.392,1.6562,1.65635,35.20,0.80
2007.06.28 19:19:44.405,1.6562,1.65635,12.80,0.80
2007.06.28 19:19:44.487,1.6562,1.6564,10.40,11.20
2007.06.28 19:19:44.593,1.6562,1.6564,8.00,13.60
2007.06.28 19:19:44.687,1.65615,1.6564,0.80,16.00
2007.06.28 19:19:45.003,1.6561,1.6564,29.60,21.60
2007.06.28 19:19:45.200,1.6561,1.6564,52.70,58.30
2007.06.28 19:19:45.413,1.6561,1.6564,50.30,58.30
2007.06.28 19:19:45.713,1.6561,1.65635,50.30,2.40
2007.06.28 19:19:45.735,1.6561,1.65635,24.00,2.40
2007.06.28 19:19:46.217,1.6562,1.6564,1.60,29.60
2007.06.28 19:19:47.158,1.6561,1.6563,32.00,0.50
2007.06.28 19:19:47.279,1.6561,1.6564,32.00,16.00
2007.06.28 19:19:47.325,1.65615,1.6564,5.60,16.00
2007.06.28 19:19:50.140,1.6562,1.65635,8.00,0.80
2007.06.28 19:19:50.276,1.6562,1.65635,16.00,0.80
2007.06.28 19:19:50.430,1.6562,1.65635,31.90,0.80
2007.06.28 19:19:50.499,1.6562,1.65645,37.50,8.80
2007.06.28 19:19:50.562,1.6562,1.65645,47.90,3.20
2007.06.28 19:19:50.629,1.6562,1.6565,13.60,25.60
2007.06.28 19:19:50.641,1.6562,1.6565,19.20,25.60
2007.06.28 19:19:51.074,1.6562,1.65655,19.20,20.80
2007.06.28 19:19:52.194,1.6562,1.6564,19.20,0.80
2007.06.28 19:19:52.308,1.6562,1.6565,19.20,34.40
2007.06.28 19:19:52.357,1.6562,1.6565,45.50,60.70
2007.06.28 19:19:52.472,1.6562,1.6564,39.90,0.80
2007.06.28 19:19:52.714,1.6562,1.6565,38.30,63.10
2007.06.28 19:19:52.727,1.6562,1.6564,38.30,0.90
2007.06.28 19:19:52.791,1.6562,1.6564,27.90,0.60
2007.06.28 19:19:52.884,1.6562,1.6565,4.00,36.80
2007.06.28 19:19:53.265,1.6562,1.6564,4.00,0.90
2007.06.28 19:19:53.335,1.6562,1.65645,4.00,23.20
2007.06.28 19:19:53.393,1.6562,1.6564,4.00,0.70
2007.06.28 19:19:53.427,1.6561,1.6564,62.40,0.70
2007.06.28 19:19:53.462,1.6561,1.6564,60.70,0.90
2007.06.28 19:19:53.507,1.6561,1.6564,60.70,0.80
2007.06.28 19:19:53.780,1.6561,1.65645,59.90,50.30
2007.06.28 19:19:53.793,1.6561,1.6564,59.10,0.60
2007.06.28 19:19:54.050,1.6561,1.65645,58.30,50.30
2007.06.28 19:19:54.153,1.6561,1.6564,54.30,0.70
2007.06.28 19:19:54.207,1.6561,1.6564,43.90,0.70
2007.06.28 19:19:54.283,1.6561,1.65635,39.10,0.50
2007.06.28 19:19:54.339,1.6561,1.65635,12.80,0.60
2007.06.28 19:19:54.408,1.6561,1.65635,8.00,0.60
2007.06.28 19:19:54.457,1.6561,1.6564,8.80,57.50
2007.06.28 19:19:54.672,1.6561,1.6563,10.40,0.80
2007.06.28 19:19:54.716,1.6561,1.6563,18.40,0.60
2007.06.28 19:19:54.835,1.6561,1.6564,44.70,35.20
2007.06.28 19:19:55.274,1.6561,1.6563,47.10,0.70
2007.06.28 19:19:56.545,1.6561,1.65635,46.30,2.40
2007.06.28 19:19:56.633,1.6561,1.6563,45.50,0.70
2007.06.28 19:19:56.657,1.6561,1.6562,41.50,0.60
2007.06.28 19:19:56.762,1.6561,1.6563,0.80,13.60
2007.06.28 19:19:56.862,1.65605,1.6562,5.60,0.90
2007.06.28 19:19:56.874,1.656,1.65625,35.40,7.20
2007.06.28 19:19:56.879,1.656,1.6562,9.60,0.70
2007.06.28 19:19:57.162,1.656,1.65625,9.60,41.50
2007.06.28 19:19:57.177,1.656,1.65625,7.20,41.50
2007.06.28 19:19:57.273,1.656,1.65625,5.60,41.50
2007.06.28 19:19:57.281,1.656,1.65625,2.40,41.50
2007.06.28 19:19:57.371,1.656,1.65625,2.40,44.70
2007.06.28 19:19:57.471,1.6559,1.6562,67.10,0.60
2007.06.28 19:19:57.587,1.6559,1.65625,65.50,44.70
2007.06.28 19:19:58.271,1.656,1.65625,4.00,18.40
2007.06.28 19:19:58.291,1.656,1.6562,9.60,0.70
2007.06.28 19:19:58.431,1.656,1.6562,15.20,0.50
2007.06.28 19:19:58.505,1.656,1.65625,19.20,4.80
2007.06.28 19:19:58.722,1.656,1.6563,19.20,40.80
2007.06.28 19:19:59.218,1.656,1.6562,17.60,0.70
2007.06.28 19:19:59.325,1.656,1.6563,13.60,29.60
2007.06.28 19:19:59.438,1.656,1.65625,8.00,7.20
2007.06.28 19:19:59.442,1.6559,1.65625,67.20,41.50
2007.06.28 19:19:59.534,1.6559,1.65625,65.50,41.50
2007.06.28 19:20:00.141,1.656,1.6562,1.60,0.80
2007.06.28 19:20:00.273,1.656,1.6562,1.60,0.70
2007.06.28 19:20:00.356,1.656,1.6562,17.60,2.40
2007.06.28 19:20:00.458,1.656,1.6562,40.70,2.40
2007.06.28 19:20:00.472,1.656,1.6562,41.50,2.40
2007.06.28 19:20:00.563,1.656,1.6562,42.30,2.40
2007.06.28 19:20:00.569,1.656,1.6562,16.00,2.40
2007.06.28 19:20:00.779,1.656,1.6562,14.40,2.40
2007.06.28 19:20:00.989,1.656,1.65625,15.20,0.80
2007.06.28 19:20:01.021,1.656,1.65625,16.30,0.80
2007.06.28 19:20:01.048,1.65605,1.65625,5.60,0.80
2007.06.28 19:20:01.194,1.65605,1.6563,5.60,49.50
2007.06.28 19:20:01.310,1.65605,1.6563,5.60,47.10
2007.06.28 19:20:01.320,1.656,1.6563,51.90,47.10
2007.06.28 19:20:01.414,1.656,1.6563,54.30,47.10
2007.06.28 19:20:01.512,1.656,1.6563,54.30,44.70
2007.06.28 19:20:01.587,1.656,1.6563,54.30,50.30
2007.06.28 19:20:01.698,1.656,1.6563,20.00,24.00
2007.06.28 19:20:01.710,1.656,1.6563,20.00,25.60
2007.06.28 19:20:01.784,1.656,1.6563,14.40,25.60
2007.06.28 19:20:02.045,1.656,1.6563,12.00,25.60
2007.06.28 19:20:02.396,1.656,1.6562,4.00,2.40
2007.06.28 19:20:03.398,1.656,1.6563,12.00,20.00
2007.06.28 19:20:04.208,1.656,1.6563,22.40,51.90
2007.06.28 19:20:04.385,1.656,1.6563,29.60,46.30
2007.06.28 19:20:04.396,1.656,1.6563,32.00,46.30
2007.06.28 19:20:08.278,1.656,1.6563,33.60,46.30
2007.06.28 19:20:08.384,1.656,1.6563,35.20,46.30
2007.06.28 19:20:08.460,1.656,1.6563,36.00,46.30
2007.06.28 19:20:08.502,1.656,1.6563,34.40,46.30
2007.06.28 19:20:08.529,1.656,1.6563,62.70,38.30
2007.06.28 19:20:08.591,1.656,1.6563,64.30,38.30
2007.06.28 19:20:08.667,1.656,1.6563,64.10,38.30
2007.06.28 19:20:08.763,1.656,1.6563,61.50,38.30
2007.06.28 19:20:08.852,1.656,1.6563,63.90,38.30
2007.06.28 19:20:08.951,1.656,1.6563,63.10,38.30
2007.06.28 19:20:08.958,1.656,1.6563,62.30,38.30
2007.06.28 19:20:08.986,1.65605,1.6563,5.60,38.30
2007.06.28 19:20:09.227,1.6561,1.6563,0.80,38.30
2007.06.28 19:20:09.263,1.6561,1.6563,1.60,38.30
2007.06.28 19:20:09.490,1.6561,1.6563,9.60,30.30
2007.06.28 19:20:09.605,1.6561,1.6563,10.40,30.30
2007.06.28 19:20:09.668,1.6561,1.6563,12.00,26.30
2007.06.28 19:20:09.773,1.6561,1.6563,16.00,27.90
2007.06.28 19:20:09.784,1.6561,1.6563,10.40,27.90
2007.06.28 19:20:10.084,1.6561,1.6563,24.00,27.90
2007.06.28 19:20:10.211,1.6561,1.6563,21.60,1.60
2007.06.28 19:20:10.386,1.6561,1.6563,24.00,1.60
2007.06.28 19:20:10.691,1.6562,1.65635,1.60,0.80
2007.06.28 19:20:11.203,1.6562,1.65635,5.60,0.80
2007.06.28 19:20:11.327,1.6562,1.65635,37.50,0.80
2007.06.28 19:20:11.442,1.6562,1.65635,29.50,0.80
2007.06.28 19:20:11.622,1.6562,1.6564,29.50,14.40
2007.06.28 19:20:11.738,1.6562,1.6564,27.90,14.40
2007.06.28 19:20:11.945,1.6562,1.6564,19.90,14.40
2007.06.28 19:20:12.451,1.6562,1.6564,15.90,14.40
2007.06.28 19:20:12.563,1.65615,1.6564,5.60,30.30
2007.06.28 19:20:13.670,1.6562,1.6564,5.60,26.30
2007.06.28 19:20:13.697,1.6562,1.6564,13.60,20.70
2007.06.28 19:20:13.852,1.6562,1.65645,13.60,6.40
2007.06.28 19:20:13.964,1.6562,1.65645,19.20,0.80
2007.06.28 19:20:14.180,1.6562,1.6565,17.60,27.20
2007.06.28 19:20:14.241,1.6562,1.6565,17.60,24.80
2007.06.28 19:20:14.312,1.6562,1.6565,17.60,22.40
2007.06.28 19:20:14.472,1.6562,1.6565,12.00,22.40
2007.06.28 19:20:14.493,1.6562,1.6565,12.00,20.00
2007.06.28 19:20:14.556,1.6562,1.6564,12.00,2.40
2007.06.28 19:20:14.697,1.6562,1.6564,8.00,4.00
2007.06.28 19:20:14.798,1.6562,1.6564,8.00,27.90
2007.06.28 19:20:15.000,1.6561,1.6564,58.30,35.90
2007.06.28 19:20:15.260,1.6561,1.6564,58.30,38.30
2007.06.28 19:20:17.202,1.6561,1.6564,59.90,38.30
2007.06.28 19:20:17.240,1.6561,1.6564,61.50,38.30
2007.06.28 19:20:18.234,1.6561,1.6564,61.00,38.30
2007.06.28 19:20:18.341,1.6561,1.6564,59.10,38.30
2007.06.28 19:20:18.460,1.6561,1.6564,57.50,38.30
2007.06.28 19:20:18.551,1.6561,1.6564,57.50,38.30
2007.06.28 19:20:18.637,1.6561,1.6563,49.50,1.60
2007.06.28 19:20:18.706,1.6561,1.6563,48.70,1.60
2007.06.28 19:20:18.749,1.6561,1.6563,47.90,1.60
2007.06.28 19:20:18.843,1.6561,1.6563,13.60,1.60
2007.06.28 19:20:18.852,1.6561,1.6563,8.00,1.60
2007.06.28 19:20:18.880,1.6561,1.6563,2.40,9.60
2007.06.28 19:20:19.174,1.65605,1.6563,0.80,35.90
2007.06.28 19:20:19.265,1.65605,1.6563,0.80,38.30
2007.06.28 19:20:19.673,1.6561,1.6563,1.60,36.70
2007.06.28 19:20:19.846,1.6561,1.6563,9.60,10.40
2007.06.28 19:20:20.123,1.6561,1.6563,12.00,10.40
2007.06.28 19:20:20.194,1.6561,1.6563,16.00,8.00
2007.06.28 19:20:20.299,1.6562,1.6563,1.60,8.00
2007.06.28 19:20:20.434,1.6562,1.6563,3.20,8.00
2007.06.28 19:20:20.533,1.6562,1.6563,4.00,8.00
2007.06.28 19:20:20.715,1.6562,1.6563,8.80,8.00
2007.06.28 19:20:20.952,1.6562,1.65635,8.80,0.80
2007.06.28 19:20:21.031,1.6562,1.65635,8.00,0.80
2007.06.28 19:20:21.098,1.6562,1.65635,26.30,0.80
2007.06.28 19:20:21.213,1.6562,1.65635,42.30,0.80
2007.06.28 19:20:22.832,1.6562,1.65635,41.50,0.80
2007.06.28 19:20:22.943,1.6562,1.65635,40.70,0.80
2007.06.28 19:20:22.980,1.6562,1.65635,39.90,0.80
2007.06.28 19:20:23.163,1.6562,1.65635,38.30,0.80
2007.06.28 19:20:23.255,1.6562,1.65635,16.00,0.80
2007.06.28 19:20:23.353,1.65615,1.65635,5.60,0.80
2007.06.28 19:20:23.541,1.6561,1.65635,55.90,0.80
2007.06.28 19:20:23.682,1.6561,1.65635,51.90,0.80
2007.06.28 19:20:23.770,1.6561,1.65635,28.00,0.80
2007.06.28 19:20:23.934,1.6561,1.65635,20.00,0.80
2007.06.28 19:20:24.072,1.65615,1.6564,0.80,46.30
2007.06.28 19:20:24.335,1.65615,1.6564,0.80,51.90
2007.06.28 19:20:25.928,1.65615,1.6564,0.80,52.70
2007.06.28 19:20:26.125,1.65615,1.6564,0.80,53.50
2007.06.28 19:20:26.168,1.65615,1.6564,0.80,54.30
2007.06.28 19:20:26.190,1.65615,1.6564,0.80,55.10
2007.06.28 19:20:26.232,1.65615,1.6563,0.80,1.60
2007.06.28 19:20:26.334,1.65615,1.6563,0.80,4.00
2007.06.28 19:20:26.454,1.65615,1.6563,0.80,6.40
2007.06.28 19:20:26.570,1.65615,1.6563,0.80,38.30
2007.06.28 19:20:26.643,1.656,1.6563,55.90,38.30
2007.06.28 19:20:27.709,1.656,1.6563,58.30,38.30
2007.06.28 19:20:27.817,1.656,1.6563,58.30,30.30
2007.06.28 19:20:27.956,1.65605,1.6563,5.60,30.30
2007.06.28 19:20:29.431,1.65605,1.65635,5.60,35.90
2007.06.28 19:20:29.814,1.656,1.6563,59.90,0.60
2007.06.28 19:20:29.821,1.656,1.65635,60.70,36.70
2007.06.28 19:20:30.041,1.656,1.6563,58.30,0.90
2007.06.28 19:20:30.103,1.656,1.65635,52.70,36.70
2007.06.28 19:20:30.115,1.656,1.6563,52.80,0.80
2007.06.28 19:20:30.134,1.656,1.65635,52.00,45.50
2007.06.28 19:20:30.211,1.656,1.65635,51.90,45.50
2007.06.28 19:20:30.268,1.656,1.65635,51.90,44.70
2007.06.28 19:20:30.385,1.656,1.65635,51.10,44.70
2007.06.28 19:20:30.524,1.656,1.65635,50.30,45.50
2007.06.28 19:20:30.548,1.656,1.6563,51.10,0.70
2007.06.28 19:20:30.627,1.656,1.6563,57.50,0.50
2007.06.28 19:20:30.736,1.656,1.65635,57.50,44.70
2007.06.28 19:20:31.018,1.656,1.65635,58.40,44.70
2007.06.28 19:20:31.146,1.656,1.65635,58.30,44.70
2007.06.28 19:20:31.271,1.656,1.65635,59.10,44.70
2007.06.28 19:20:31.366,1.656,1.65635,60.70,44.70
2007.06.28 19:20:31.423,1.65605,1.6563,5.60,0.50
2007.06.28 19:20:31.556,1.65605,1.65635,5.60,36.70
2007.06.28 19:20:32.772,1.656,1.65635,60.70,36.70
2007.06.28 19:20:32.936,1.656,1.65635,58.30,36.70
2007.06.28 19:20:33.018,1.656,1.65635,57.50,36.70
2007.06.28 19:20:33.143,1.656,1.6563,56.70,0.70
2007.06.28 19:20:33.179,1.656,1.65635,55.90,44.70
2007.06.28 19:20:33.275,1.656,1.6563,55.90,0.50
2007.06.28 19:20:34.235,1.656,1.6563,56.70,0.80
2007.06.28 19:20:34.356,1.656,1.65635,55.90,44.70
2007.06.28 19:20:34.461,1.656,1.65635,56.70,44.70
2007.06.28 19:20:34.636,1.656,1.6563,56.70,0.90
2007.06.28 19:20:34.988,1.656,1.65635,55.90,44.70
2007.06.28 19:20:35.416,1.65605,1.6563,5.60,0.60
2007.06.28 19:20:35.496,1.65605,1.65635,5.60,36.70
2007.06.28 19:20:37.760,1.656,1.6563,55.90,0.80
2007.06.28 19:20:37.947,1.656,1.6563,55.90,0.50
2007.06.28 19:20:38.502,1.656,1.65635,55.90,44.70
2007.06.28 19:20:39.295,1.656,1.65635,55.90,44.70
2007.06.28 19:20:40.306,1.65605,1.6563,5.60,0.80
2007.06.28 19:20:40.437,1.65605,1.65635,5.60,36.70
2007.06.28 19:20:41.268,1.65605,1.6563,5.60,0.80
2007.06.28 19:20:41.355,1.656,1.65635,55.90,39.10
2007.06.28 19:20:41.404,1.656,1.65635,55.90,48.70
2007.06.28 19:20:41.604,1.656,1.65635,55.90,48.70
2007.06.28 19:20:42.279,1.656,1.6563,55.90,0.60
2007.06.28 19:20:42.364,1.656,1.65635,55.90,46.30
2007.06.28 19:20:42.391,1.656,1.65635,55.90,44.70
2007.06.28 19:20:44.961,1.656,1.6563,55.90,0.60
2007.06.28 19:20:46.645,1.656,1.6563,55.90,39.90
2007.06.28 19:20:46.698,1.656,1.6563,21.60,16.00
2007.06.28 19:20:46.789,1.656,1.6563,16.00,21.60
2007.06.28 19:20:46.817,1.656,1.6563,42.30,29.60
2007.06.28 19:20:50.656,1.656,1.6562,43.90,0.70
2007.06.28 19:20:50.705,1.656,1.6562,44.70,0.60
2007.06.28 19:20:50.806,1.656,1.6562,44.80,0.80
2007.06.28 19:20:50.838,1.656,1.65625,44.00,2.40
2007.06.28 19:20:50.893,1.656,1.6562,43.20,0.60
2007.06.28 19:20:51.024,1.656,1.6562,43.10,0.80
2007.06.28 19:20:51.144,1.656,1.65625,42.30,2.40
2007.06.28 19:20:51.350,1.656,1.6562,43.10,0.50
2007.06.28 19:20:51.521,1.656,1.65625,43.90,2.40
2007.06.28 19:20:51.539,1.656,1.6562,44.80,0.80
2007.06.28 19:20:51.723,1.656,1.65625,44.70,2.40
2007.06.28 19:20:51.912,1.656,1.6562,43.90,0.90
2007.06.28 19:20:51.976,1.656,1.65625,43.10,2.40
2007.06.28 19:20:52.022,1.656,1.6562,42.30,0.70
2007.06.28 19:20:55.192,1.656,1.65625,43.10,2.40
2007.06.28 19:20:55.222,1.656,1.6563,43.10,34.40
2007.06.28 19:20:55.327,1.656,1.6563,49.50,25.60
2007.06.28 19:20:55.513,1.656,1.65625,50.30,0.80
2007.06.28 19:20:55.593,1.656,1.6563,24.00,25.60
2007.06.28 19:20:55.724,1.656,1.6563,58.30,49.50
2007.06.28 19:20:55.733,1.656,1.6563,58.30,0.90
2007.06.28 19:20:55.796,1.6561,1.65635,8.00,41.50
2007.06.28 19:20:55.821,1.6561,1.6563,8.00,0.50
2007.06.28 19:20:56.219,1.6561,1.65635,8.00,33.50
2007.06.28 19:20:56.549,1.6561,1.6563,8.00,30.30
2007.06.28 19:21:00.494,1.65605,1.6563,13.60,30.30
2007.06.28 19:21:01.840,1.65595,1.6563,60.70,38.30
2007.06.28 19:21:07.234,1.656,1.6563,22.70,36.70
2007.06.28 19:21:08.130,1.656,1.6563,6.30,36.70
2007.06.28 19:21:08.230,1.656,1.6563,22.70,38.30
2007.06.28 19:21:08.263,1.656,1.6563,2.60,46.30
2007.06.28 19:21:08.353,1.656,1.6563,1.60,51.90
2007.06.28 19:21:16.516,1.656,1.6563,4.40,51.90
2007.06.28 19:21:17.327,1.656,1.6563,0.60,50.30
2007.06.28 19:21:22.666,1.656,1.6563,4.40,50.30
2007.06.28 19:21:22.753,1.65595,1.6563,20.00,50.30
2007.06.28 19:21:22.813,1.65595,1.6563,22.40,50.30
2007.06.28 19:21:23.168,1.65595,1.6563,24.00,51.90
2007.06.28 19:21:23.272,1.656,1.6563,4.40,51.90
2007.06.28 19:21:23.340,1.65595,1.6563,55.90,43.90
2007.06.28 19:21:23.529,1.656,1.6563,12.00,43.90
2007.06.28 19:21:23.543,1.656,1.6563,4.80,38.30
2007.06.28 19:21:23.611,1.656,1.6563,0.60,0.80
2007.06.28 19:21:24.551,1.656,1.6563,0.50,0.80
2007.06.28 19:21:24.644,1.656,1.6563,0.50,0.90
2007.06.28 19:21:24.762,1.65595,1.65635,59.90,44.70
2007.06.28 19:21:24.771,1.656,1.6563,0.90,0.80
2007.06.28 19:21:25.160,1.656,1.6563,0.80,0.80
2007.06.28 19:21:25.201,1.656,1.6563,0.80,0.60
2007.06.28 19:21:25.268,1.65595,1.65635,18.40,52.70
2007.06.28 19:21:33.593,1.656,1.6563,12.80,0.80
2007.06.28 19:21:33.654,1.656,1.65635,16.00,52.70
2007.06.28 19:21:33.704,1.656,1.6563,17.60,0.60
2007.06.28 19:21:33.714,1.65605,1.6563,5.60,0.70
2007.06.28 19:21:33.759,1.65605,1.6563,5.60,0.50
2007.06.28 19:21:33.873,1.6561,1.65635,8.00,31.10
2007.06.28 19:21:36.245,1.6561,1.65635,11.20,29.50
2007.06.28 19:21:36.328,1.6561,1.6563,17.60,0.60
2007.06.28 19:21:36.348,1.6561,1.65635,28.00,21.50
2007.06.28 19:21:36.445,1.6561,1.65635,32.00,21.50
2007.06.28 19:21:36.520,1.6561,1.65635,21.60,3.20
2007.06.28 19:21:36.649,1.6561,1.6564,21.60,20.00
2007.06.28 19:21:36.764,1.6561,1.6564,55.90,46.30
2007.06.28 19:21:36.827,1.6562,1.6564,8.00,38.30
2007.06.28 19:21:36.962,1.6562,1.6564,8.00,0.90
2007.06.28 19:21:36.975,1.65615,1.65645,5.60,43.90
2007.06.28 19:21:37.284,1.65615,1.65645,5.60,41.50
2007.06.28 19:21:37.395,1.6561,1.65645,57.50,41.50
2007.06.28 19:21:37.403,1.6561,1.65645,58.30,41.50
2007.06.28 19:21:37.478,1.6561,1.6564,58.30,0.50
2007.06.28 19:21:37.599,1.6561,1.65645,58.30,47.10
2007.06.28 19:21:38.024,1.6561,1.65645,59.10,47.10
2007.06.28 19:21:38.071,1.6561,1.65645,59.90,47.10
2007.06.28 19:21:38.176,1.6561,1.6564,59.90,0.70
2007.06.28 19:21:38.208,1.6561,1.6564,61.50,0.50
2007.06.28 19:21:38.325,1.6562,1.65645,4.00,40.70
2007.06.28 19:21:38.424,1.6562,1.6565,9.60,41.50
2007.06.28 19:21:38.436,1.6562,1.6564,9.60,0.60
2007.06.28 19:21:38.629,1.6562,1.6565,17.60,0.50
2007.06.28 19:21:38.687,1.6562,1.65655,17.60,13.60
2007.06.28 19:21:38.925,1.6563,1.65655,0.80,13.60
2007.06.28 19:21:38.957,1.6563,1.6565,7.20,0.80
2007.06.28 19:21:39.040,1.6563,1.6566,8.00,16.80
2007.06.28 19:21:39.142,1.6563,1.6566,16.00,0.90
2007.06.28 19:21:39.252,1.6564,1.65665,4.00,22.40
2007.06.28 19:21:39.449,1.6564,1.65665,4.00,20.00
2007.06.28 19:21:39.558,1.6564,1.6567,9.60,47.10
2007.06.28 19:21:39.583,1.6564,1.6567,17.60,0.90
2007.06.28 19:21:39.674,1.6564,1.65675,17.60,12.80
2007.06.28 19:21:40.512,1.6564,1.65675,20.00,55.10
2007.06.28 19:21:40.568,1.6565,1.65675,0.80,55.10
2007.06.28 19:21:40.621,1.6565,1.6567,1.60,0.70
2007.06.28 19:21:40.683,1.6566,1.6567,4.00,0.70
2007.06.28 19:21:40.737,1.6566,1.6567,4.00,0.50
2007.06.28 19:21:41.194,1.6566,1.65675,5.60,8.80
2007.06.28 19:21:41.366,1.6566,1.65675,5.60,0.80
2007.06.28 19:21:41.662,1.6566,1.65675,6.40,0.80
2007.06.28 19:21:41.697,1.6566,1.6569,6.40,32.80
2007.06.28 19:21:41.785,1.6567,1.6569,0.80,32.80
2007.06.28 19:21:41.885,1.6566,1.6569,8.00,32.80
2007.06.28 19:21:41.965,1.6566,1.6569,7.20,32.80
2007.06.28 19:21:42.005,1.6566,1.6569,7.30,32.80
2007.06.28 19:21:42.132,1.6566,1.6568,7.20,0.80
2007.06.28 19:21:42.330,1.6566,1.6569,0.80,32.80
2007.06.28 19:21:42.567,1.6568,1.6569,3.20,20.80
2007.06.28 19:21:42.667,1.6568,1.6569,4.80,18.40
2007.06.28 19:21:42.814,1.6568,1.65695,4.80,15.20
2007.06.28 19:21:42.971,1.6568,1.657,7.20,15.20
2007.06.28 19:21:43.029,1.6569,1.657,5.60,15.20
2007.06.28 19:21:43.694,1.6569,1.65695,9.60,0.80
2007.06.28 19:21:43.769,1.6569,1.6572,17.60,0.60
2007.06.28 19:21:43.782,1.6569,1.6572,12.00,8.00
2007.06.28 19:21:43.939,1.6569,1.65695,4.00,0.80
2007.06.28 19:21:44.308,1.6568,1.6571,42.40,7.20
2007.06.28 19:21:44.326,1.6568,1.65705,36.80,6.40
2007.06.28 19:21:44.407,1.6568,1.65705,36.80,0.70
2007.06.28 19:21:44.742,1.6568,1.65705,12.00,0.90
2007.06.28 19:21:44.777,1.6568,1.65705,4.00,8.00
2007.06.28 19:21:44.906,1.6568,1.6571,4.00,60.70
2007.06.28 19:21:45.643,1.6568,1.65705,4.00,7.20
2007.06.28 19:21:45.732,1.6568,1.657,4.00,0.70
2007.06.28 19:21:45.939,1.6568,1.657,4.00,0.80
2007.06.28 19:21:46.276,1.6568,1.6569,4.00,2.40
2007.06.28 19:21:46.374,1.6567,1.6569,47.90,7.20
2007.06.28 19:21:46.392,1.6567,1.6569,13.60,7.20
2007.06.28 19:21:46.534,1.6567,1.6568,8.00,0.90
2007.06.28 19:21:46.694,1.6567,1.6568,8.00,0.90
2007.06.28 19:21:46.890,1.6567,1.6568,8.00,0.80
2007.06.28 19:21:47.111,1.6567,1.6568,8.00,0.50
2007.06.28 19:21:47.196,1.65665,1.6569,0.80,31.20
2007.06.28 19:21:47.293,1.65665,1.6569,0.80,35.20
2007.06.28 19:21:47.436,1.65665,1.6569,0.80,40.80
2007.06.28 19:21:47.460,1.65665,1.6569,0.80,40.80
2007.06.28 19:21:47.503,1.6566,1.6568,8.80,0.70
2007.06.28 19:21:47.644,1.6566,1.6569,8.00,63.90
2007.06.28 19:21:47.705,1.6566,1.6568,8.00,0.50
2007.06.28 19:21:47.728,1.6566,1.65685,8.00,7.20
2007.06.28 19:21:48.038,1.6565,1.65685,57.50,41.50
2007.06.28 19:21:48.242,1.6565,1.65685,57.50,42.30
2007.06.28 19:21:48.288,1.6565,1.6569,51.90,67.90
2007.06.28 19:21:48.428,1.6565,1.6568,17.60,19.20
2007.06.28 19:21:48.477,1.6565,1.6568,19.20,23.20
2007.06.28 19:21:48.620,1.6565,1.6568,18.40,31.20
2007.06.28 19:21:48.667,1.6565,1.6567,52.70,0.50
2007.06.28 19:21:48.792,1.6565,1.6567,44.70,0.90
2007.06.28 19:21:49.370,1.6565,1.6568,44.70,62.30
2007.06.28 19:21:49.801,1.6565,1.6568,43.90,62.30
2007.06.28 19:21:49.885,1.6565,1.6567,43.10,0.80
2007.06.28 19:21:50.103,1.6565,1.6567,42.30,0.70
2007.06.28 19:21:50.181,1.6565,1.6568,31.90,65.50
2007.06.28 19:21:50.215,1.6565,1.6567,27.90,0.70
2007.06.28 19:21:50.291,1.6565,1.6567,12.00,0.90
2007.06.28 19:21:50.313,1.6565,1.6568,8.00,55.90
2007.06.28 19:21:50.391,1.65645,1.6567,10.40,0.90
2007.06.28 19:21:50.408,1.65645,1.6567,0.80,0.60
2007.06.28 19:21:50.517,1.65645,1.6567,0.80,0.50
2007.06.28 19:21:50.730,1.6564,1.6567,55.90,0.90
2007.06.28 19:21:50.831,1.6565,1.6567,0.80,0.60
2007.06.28 19:21:50.911,1.6565,1.65675,1.60,39.90
2007.06.28 19:21:50.948,1.6565,1.6567,1.60,0.70
2007.06.28 19:21:51.029,1.6565,1.6568,0.80,46.30
2007.06.28 19:21:51.034,1.6564,1.6568,14.40,60.70
2007.06.28 19:21:51.258,1.6564,1.6567,16.80,47.10
2007.06.28 19:21:51.390,1.6564,1.6566,16.80,0.80
2007.06.28 19:21:51.462,1.6564,1.6567,23.20,36.00
2007.06.28 19:21:51.471,1.6564,1.6567,16.00,28.00
2007.06.28 19:21:51.613,1.6564,1.6567,16.00,28.00
2007.06.28 19:21:51.672,1.6564,1.6566,12.00,0.90
2007.06.28 19:21:51.756,1.6564,1.6566,12.00,0.60
2007.06.28 19:21:51.924,1.6564,1.6567,12.00,29.60
2007.06.28 19:21:54.086,1.65635,1.6566,5.60,12.00
2007.06.28 19:21:54.261,1.65635,1.6565,5.60,1.60
2007.06.28 19:21:54.297,1.6564,1.6565,8.00,1.60
2007.06.28 19:21:54.662,1.6564,1.6565,8.00,2.40
2007.06.28 19:21:54.858,1.6563,1.6565,43.10,2.40
2007.06.28 19:21:54.964,1.6563,1.6565,8.00,2.40
2007.06.28 19:21:55.081,1.6563,1.6565,34.30,2.40
2007.06.28 19:21:55.296,1.6563,1.6565,10.40,20.70
2007.06.28 19:21:55.505,1.6563,1.6565,8.00,20.70
2007.06.28 19:21:55.689,1.6563,1.6565,8.00,15.90
2007.06.28 19:21:55.807,1.6564,1.6566,8.00,9.60
2007.06.28 19:21:55.892,1.6562,1.6566,50.00,4.00
2007.06.28 19:21:56.219,1.6562,1.6566,50.00,2.40
2007.06.28 19:21:56.430,1.6564,1.6566,8.00,2.40
2007.06.28 19:21:56.706,1.6564,1.6567,8.00,31.90
2007.06.28 19:21:57.467,1.6564,1.6567,13.60,26.30
2007.06.28 19:21:57.797,1.6564,1.6567,13.60,12.80
2007.06.28 19:21:58.243,1.6564,1.6567,13.60,14.40
2007.06.28 19:21:58.255,1.6564,1.6567,8.00,20.00
2007.06.28 19:21:58.321,1.6564,1.6567,8.00,28.00
2007.06.28 19:21:58.360,1.6564,1.6567,8.00,25.60
2007.06.28 19:21:58.451,1.6564,1.6567,12.00,25.60
2007.06.28 19:21:58.594,1.6564,1.6567,12.00,49.50
2007.06.28 19:21:58.760,1.6564,1.6567,8.00,49.50
2007.06.28 19:21:58.798,1.65635,1.6567,5.60,49.50
2007.06.28 19:21:58.813,1.65635,1.65665,5.60,5.60
2007.06.28 19:22:00.271,1.65635,1.6567,5.60,49.50
2007.06.28 19:22:00.293,1.65635,1.6567,5.60,53.50
2007.06.28 19:22:00.349,1.6564,1.6567,8.00,53.50
2007.06.28 19:22:00.781,1.6564,1.65655,8.00,5.60
2007.06.28 19:22:00.986,1.6563,1.6565,36.70,8.00
2007.06.28 19:22:01.176,1.6563,1.6565,6.40,8.80
2007.06.28 19:22:01.260,1.6563,1.6564,2.40,1.60
2007.06.28 19:22:01.364,1.65625,1.6564,0.80,1.60
2007.06.28 19:22:01.388,1.65625,1.6564,0.80,25.50
2007.06.28 19:22:01.458,1.65615,1.6564,9.60,25.50
2007.06.28 19:22:01.549,1.65615,1.6564,5.60,25.50
2007.06.28 19:22:03.220,1.6562,1.6564,1.60,23.90
2007.06.28 19:22:03.302,1.6562,1.6564,9.60,15.90
2007.06.28 19:22:03.397,1.6562,1.6564,15.20,15.90
2007.06.28 19:22:03.423,1.6562,1.6564,19.20,15.90
2007.06.28 19:22:03.871,1.6562,1.6565,43.10,51.10
2007.06.28 19:22:04.232,1.6563,1.6565,1.60,51.10
2007.06.28 19:22:04.544,1.6563,1.6565,5.60,50.30
2007.06.28 19:22:04.628,1.6563,1.6565,13.60,13.60
2007.06.28 19:22:04.650,1.6563,1.6565,13.60,12.80
2007.06.28 19:22:04.847,1.6563,1.6565,13.60,4.80
2007.06.28 19:22:04.988,1.6563,1.6565,19.20,4.80
2007.06.28 19:22:05.159,1.6563,1.6565,19.20,2.40
2007.06.28 19:22:05.227,1.6563,1.6565,19.20,1.60
2007.06.28 19:22:07.661,1.6563,1.6566,19.20,55.90
2007.06.28 19:22:07.723,1.65635,1.6566,5.60,49.50
2007.06.28 19:22:07.742,1.65635,1.6566,5.60,38.30
2007.06.28 19:22:07.767,1.65635,1.6566,5.60,36.70
2007.06.28 19:22:07.978,1.65635,1.6566,5.60,40.70
2007.06.28 19:22:08.038,1.65635,1.6566,5.60,32.70
2007.06.28 19:22:08.190,1.65635,1.6565,5.60,1.60
2007.06.28 19:22:08.900,1.65635,1.6565,5.60,35.90
2007.06.28 19:22:08.919,1.65635,1.6565,5.60,39.90
2007.06.28 19:22:09.030,1.6562,1.6565,49.50,39.90
2007.06.28 19:22:09.187,1.6562,1.6565,41.50,37.50
2007.06.28 19:22:09.309,1.6562,1.6565,39.90,37.50
2007.06.28 19:22:09.375,1.6562,1.6565,13.60,47.90
2007.06.28 19:22:09.558,1.6562,1.6565,8.00,53.50
2007.06.28 19:22:09.723,1.6562,1.6564,8.00,5.60
2007.06.28 19:22:09.916,1.65615,1.6564,5.60,37.50
2007.06.28 19:22:10.067,1.6561,1.6564,54.30,37.50
2007.06.28 19:22:10.135,1.6561,1.6564,51.90,37.50
2007.06.28 19:22:10.319,1.6561,1.6564,17.60,13.60
2007.06.28 19:22:11.159,1.6561,1.6564,17.60,12.00
2007.06.28 19:22:11.288,1.6561,1.6564,51.90,27.90
2007.06.28 19:22:11.337,1.65615,1.6564,5.60,27.90
2007.06.28 19:22:11.375,1.65615,1.6564,5.60,12.00
2007.06.28 19:22:11.783,1.6562,1.6564,8.00,4.00
2007.06.28 19:22:17.283,1.6562,1.6564,9.60,4.00
2007.06.28 19:22:17.293,1.6562,1.6564,17.60,4.00
2007.06.28 19:22:17.309,1.6562,1.6564,23.20,4.00
2007.06.28 19:22:17.500,1.6562,1.6565,39.10,47.90
2007.06.28 19:22:19.237,1.6562,1.6565,39.10,50.30
2007.06.28 19:22:19.547,1.6562,1.6565,39.10,52.70
2007.06.28 19:22:24.906,1.6561,1.6565,57.30,52.70
2007.06.28 19:22:26.658,1.6563,1.6565,1.60,51.10
2007.06.28 19:22:26.782,1.6563,1.6565,9.60,14.40
2007.06.28 19:22:26.876,1.6563,1.6565,9.60,6.40
2007.06.28 19:22:27.198,1.6563,1.6565,10.40,6.40
2007.06.28 19:22:27.299,1.6563,1.6565,11.20,6.40
2007.06.28 19:22:27.332,1.6563,1.6565,12.00,6.40
2007.06.28 19:22:27.680,1.6563,1.6565,12.00,4.00
2007.06.28 19:22:28.304,1.6563,1.6565,14.40,4.00
2007.06.28 19:22:29.726,1.6563,1.6565,13.60,4.00
2007.06.28 19:22:29.732,1.6563,1.6565,12.80,5.60
2007.06.28 19:22:29.820,1.6563,1.6565,23.20,5.60
2007.06.28 19:22:29.883,1.6563,1.6565,22.40,5.60
2007.06.28 19:22:30.140,1.6563,1.6565,20.00,5.60
2007.06.28 19:22:30.227,1.6563,1.6565,1.60,47.90
2007.06.28 19:22:30.244,1.65625,1.6565,5.60,50.30
2007.06.28 19:22:30.373,1.6562,1.6565,43.90,50.30
2007.06.28 19:22:30.446,1.6562,1.6565,41.50,50.30
2007.06.28 19:22:31.703,1.6562,1.6565,33.50,50.30
2007.06.28 19:22:31.760,1.6562,1.6565,31.10,50.30
2007.06.28 19:22:31.875,1.6562,1.6565,29.50,50.30
2007.06.28 19:22:32.464,1.6562,1.6565,13.60,50.30
2007.06.28 19:22:32.469,1.6562,1.6564,13.60,4.00
2007.06.28 19:22:32.688,1.6562,1.6564,13.60,5.60
2007.06.28 19:22:32.758,1.6562,1.6564,8.00,5.60
2007.06.28 19:22:32.938,1.6562,1.6564,4.80,13.60
2007.06.28 19:22:33.462,1.6562,1.6564,12.80,37.50
2007.06.28 19:22:33.788,1.6562,1.6564,18.40,37.50
2007.06.28 19:22:33.819,1.6562,1.6564,20.00,35.90
2007.06.28 19:22:33.962,1.6562,1.6564,28.00,27.90
2007.06.28 19:22:34.007,1.6562,1.6564,15.20,4.00
2007.06.28 19:22:34.440,1.6562,1.6565,15.20,31.90
2007.06.28 19:22:34.486,1.6562,1.6565,41.50,50.30
2007.06.28 19:22:35.153,1.6562,1.6565,39.90,50.30
2007.06.28 19:22:35.298,1.6562,1.6565,31.90,50.30
2007.06.28 19:22:35.370,1.6562,1.6565,29.50,50.30
2007.06.28 19:22:36.378,1.6562,1.6564,29.50,4.00
2007.06.28 19:22:36.452,1.6562,1.6564,13.60,4.00
2007.06.28 19:22:38.164,1.6562,1.6564,15.20,4.00
2007.06.28 19:22:38.232,1.6562,1.6564,23.20,4.00
2007.06.28 19:22:38.341,1.6562,1.6564,25.60,4.00
2007.06.28 19:22:38.412,1.6562,1.6564,41.50,4.00
2007.06.28 19:22:38.444,1.6562,1.6565,41.50,50.30
2007.06.28 19:22:41.626,1.6562,1.6565,42.30,50.30
2007.06.28 19:22:41.645,1.6562,1.6565,43.10,50.30
2007.06.28 19:22:41.802,1.6562,1.6565,46.30,50.30
2007.06.28 19:22:42.230,1.6562,1.6565,48.70,50.30
2007.06.28 19:22:48.722,1.6562,1.6565,49.50,50.30
2007.06.28 19:22:48.750,1.65625,1.6565,5.60,50.30
2007.06.28 19:22:48.977,1.6563,1.6565,8.00,42.30
2007.06.28 19:22:49.064,1.6563,1.6565,8.00,8.00
2007.06.28 19:22:51.484,1.65625,1.6565,5.60,42.30
2007.06.28 19:22:52.845,1.6563,1.6565,8.00,8.00
2007.06.28 19:22:53.406,1.65625,1.6565,5.60,42.30
2007.06.28 19:22:55.977,1.65625,1.6565,5.60,43.90
2007.06.28 19:22:56.072,1.65625,1.6565,5.60,43.10
2007.06.28 19:22:56.174,1.65625,1.6565,5.60,42.30
2007.06.28 19:22:56.289,1.65625,1.6564,5.60,4.00
2007.06.28 19:22:56.472,1.6562,1.6564,8.00,4.00
2007.06.28 19:22:56.787,1.65615,1.6564,5.60,12.00
2007.06.28 19:22:56.913,1.6561,1.6564,30.40,12.00
2007.06.28 19:22:57.128,1.6561,1.6564,28.00,12.00
2007.06.28 19:22:57.224,1.6561,1.6564,20.00,20.00
2007.06.28 19:22:57.239,1.6561,1.6564,18.40,21.60
2007.06.28 19:22:57.318,1.6561,1.6564,16.00,13.60
2007.06.28 19:22:57.753,1.6561,1.6564,16.00,12.00
2007.06.28 19:22:57.761,1.6561,1.6564,10.40,17.60
2007.06.28 19:22:57.996,1.65615,1.6564,5.60,12.00
2007.06.28 19:22:58.076,1.6562,1.6564,8.00,6.40
2007.06.28 19:22:58.481,1.65615,1.6564,5.60,6.40
2007.06.28 19:23:07.732,1.6561,1.6564,18.40,6.40
2007.06.28 19:23:07.950,1.6561,1.6564,18.40,14.40
2007.06.28 19:23:08.009,1.65615,1.6564,5.60,14.40
2007.06.28 19:23:08.509,1.65615,1.6564,5.60,6.40
2007.06.28 19:23:13.000,1.65615,1.65645,5.60,12.00
2007.06.28 19:23:14.220,1.6562,1.6564,9.60,0.80
2007.06.28 19:23:14.428,1.6562,1.6565,15.20,54.30
2007.06.28 19:23:14.447,1.6562,1.65655,15.20,60.70
2007.06.28 19:23:14.465,1.6562,1.65655,23.20,60.70
2007.06.28 19:23:14.537,1.6562,1.65655,39.10,60.70
2007.06.28 19:23:17.216,1.6562,1.6564,39.10,0.70
2007.06.28 19:23:17.267,1.6562,1.6564,15.20,0.80
2007.06.28 19:23:17.361,1.6562,1.6564,23.20,0.90
2007.06.28 19:23:17.486,1.6562,1.65645,17.60,4.80
2007.06.28 19:23:17.612,1.6562,1.65645,17.60,7.20
2007.06.28 19:23:17.730,1.6562,1.6564,17.60,0.60
2007.06.28 19:23:18.642,1.6562,1.65645,16.00,8.80
2007.06.28 19:23:18.770,1.6562,1.6564,8.00,0.50
2007.06.28 19:23:18.885,1.6561,1.65645,46.30,48.70
2007.06.28 19:23:19.460,1.6561,1.6564,42.30,42.30
2007.06.28 19:23:19.479,1.6561,1.6564,18.40,50.30
2007.06.28 19:23:27.281,1.6561,1.6564,16.00,58.30
2007.06.28 19:23:27.328,1.6561,1.6564,10.40,58.30
2007.06.28 19:23:27.459,1.6561,1.6563,8.00,0.50
2007.06.28 19:23:27.829,1.6561,1.6564,13.60,59.10
2007.06.28 19:23:29.748,1.6562,1.6563,1.60,0.80
2007.06.28 19:23:30.181,1.6562,1.6564,9.60,51.10
2007.06.28 19:23:30.588,1.6562,1.65645,9.60,43.10
2007.06.28 19:23:30.658,1.6562,1.6564,17.60,0.60
2007.06.28 19:23:32.140,1.6562,1.6564,17.60,0.60
2007.06.28 19:23:34.125,1.6562,1.6564,9.60,0.90
2007.06.28 19:23:34.169,1.6562,1.6564,8.00,0.50
2007.06.28 19:23:34.226,1.6561,1.65645,42.30,48.70
2007.06.28 19:23:34.429,1.6561,1.65645,34.30,56.70
2007.06.28 19:23:34.620,1.6561,1.65645,34.30,59.10
2007.06.28 19:23:34.693,1.6561,1.65645,36.70,59.10
2007.06.28 19:23:34.790,1.6561,1.65645,38.30,59.10
2007.06.28 19:23:34.982,1.6561,1.65645,46.30,59.10
2007.06.28 19:23:37.650,1.6562,1.65645,1.60,59.10
2007.06.28 19:23:37.887,1.6562,1.65645,1.60,22.40
2007.06.28 19:23:37.964,1.6562,1.6564,17.60,0.70
2007.06.28 19:23:38.154,1.6562,1.6564,9.60,0.90
2007.06.28 19:23:38.267,1.6562,1.6564,8.00,0.50
2007.06.28 19:23:38.559,1.6562,1.65645,8.00,43.10
2007.06.28 19:23:40.667,1.6562,1.6564,9.60,42.30
2007.06.28 19:23:40.765,1.6562,1.6564,9.60,44.70
2007.06.28 19:23:40.985,1.6562,1.6564,17.60,8.00
2007.06.28 19:23:41.813,1.6562,1.6564,9.60,44.70
2007.06.28 19:23:41.893,1.6562,1.6564,17.60,8.00
2007.06.28 19:23:43.142,1.6562,1.6564,17.60,5.60
2007.06.28 19:23:43.244,1.6562,1.6564,18.40,4.00
2007.06.28 19:23:43.342,1.6562,1.6564,17.60,4.00
2007.06.28 19:23:43.470,1.6562,1.6564,20.00,4.00
2007.06.28 19:23:43.615,1.6562,1.6564,22.40,4.00
2007.06.28 19:23:43.650,1.6563,1.6564,1.60,4.00
2007.06.28 19:23:44.170,1.6562,1.6564,23.20,4.00
2007.06.28 19:23:44.291,1.6562,1.6564,15.20,4.00
2007.06.28 19:23:45.194,1.6562,1.6564,15.20,6.40
2007.06.28 19:23:45.713,1.6562,1.6564,15.20,8.00
2007.06.28 19:23:46.020,1.6562,1.6564,9.60,8.00
2007.06.28 19:23:46.380,1.6562,1.6564,8.00,8.00
2007.06.28 19:23:46.570,1.65615,1.6564,0.80,50.30
2007.06.28 19:23:48.513,1.6561,1.6564,45.50,50.30
2007.06.28 19:23:48.546,1.6561,1.6564,44.70,50.30
2007.06.28 19:23:48.590,1.6561,1.6564,43.90,50.30
2007.06.28 19:23:48.613,1.6561,1.6563,41.50,2.40
2007.06.28 19:23:48.731,1.6561,1.6563,39.90,8.00
2007.06.28 19:23:48.746,1.6561,1.6563,13.60,8.00
2007.06.28 19:23:48.946,1.6561,1.6563,8.00,8.00
2007.06.28 19:23:48.964,1.656,1.6563,29.30,16.00
2007.06.28 19:23:49.186,1.656,1.6563,27.20,16.00
2007.06.28 19:23:49.361,1.656,1.6563,23.20,16.00
2007.06.28 19:23:49.398,1.656,1.6563,46.30,50.30
2007.06.28 19:23:49.548,1.656,1.6563,43.90,50.30
2007.06.28 19:23:57.671,1.656,1.6563,39.90,50.30
2007.06.28 19:23:57.743,1.656,1.6563,16.00,50.30
2007.06.28 19:23:57.767,1.656,1.6562,16.00,4.00
2007.06.28 19:23:58.183,1.656,1.6562,18.40,4.00
2007.06.28 19:23:58.265,1.656,1.6562,26.40,4.00
2007.06.28 19:23:58.285,1.6561,1.6562,0.80,4.00
2007.06.28 19:23:58.405,1.6561,1.6562,1.60,4.00
2007.06.28 19:23:58.414,1.6561,1.6562,2.40,4.00
2007.06.28 19:23:58.490,1.6561,1.6563,2.40,40.70
2007.06.28 19:23:58.823,1.6561,1.6563,2.40,32.70
2007.06.28 19:23:58.861,1.6561,1.6563,4.00,31.90
2007.06.28 19:23:58.924,1.6561,1.6563,14.40,31.90
2007.06.28 19:23:59.029,1.6561,1.6563,22.40,5.60
2007.06.28 19:23:59.268,1.6561,1.6563,24.80,5.60
2007.06.28 19:23:59.374,1.6561,1.6563,24.00,5.60
2007.06.28 19:23:59.476,1.6561,1.6563,23.20,5.60
2007.06.28 19:23:59.655,1.6561,1.6563,22.40,5.60
2007.06.28 19:23:59.683,1.6561,1.6563,18.40,8.00
2007.06.28 19:23:59.779,1.6561,1.6562,18.40,4.00
2007.06.28 19:24:00.060,1.6561,1.6562,10.40,4.00
2007.06.28 19:24:00.144,1.656,1.6562,13.60,4.00
2007.06.28 19:24:00.347,1.656,1.6562,12.80,4.00
2007.06.28 19:24:00.509,1.656,1.6562,10.40,4.00
2007.06.28 19:24:00.907,1.65605,1.6562,0.80,4.00
2007.06.28 19:24:01.729,1.65605,1.6563,0.80,55.90
2007.06.28 19:24:01.769,1.65605,1.6563,0.80,50.30
2007.06.28 19:24:03.563,1.656,1.6563,43.90,50.30
2007.06.28 19:24:04.182,1.656,1.6563,43.90,51.10
2007.06.28 19:24:04.293,1.656,1.6563,43.90,51.90
2007.06.28 19:24:04.329,1.656,1.6563,38.30,58.30
2007.06.28 19:24:05.173,1.656,1.6563,38.30,59.10
2007.06.28 19:24:05.287,1.656,1.6563,38.30,59.90
2007.06.28 19:24:05.836,1.656,1.6563,38.30,61.50
2007.06.28 19:24:06.093,1.656,1.6563,38.30,63.10
2007.06.28 19:24:06.327,1.656,1.6563,12.00,31.20
2007.06.28 19:24:06.434,1.656,1.6561,12.00,4.00
2007.06.28 19:24:06.558,1.656,1.6561,4.00,4.00
2007.06.28 19:24:06.741,1.656,1.6561,2.40,5.60
2007.06.28 19:24:07.141,1.65595,1.6561,0.80,5.60
2007.06.28 19:24:07.265,1.65595,1.6561,0.80,6.40
2007.06.28 19:24:07.275,1.65595,1.6561,0.80,7.20
2007.06.28 19:24:07.404,1.65595,1.6561,0.80,8.00
2007.06.28 19:24:07.662,1.6559,1.6561,18.40,8.00
2007.06.28 19:24:07.804,1.6559,1.6561,14.40,8.00
2007.06.28 19:24:07.948,1.6559,1.6561,6.40,8.00
2007.06.28 19:24:08.090,1.6559,1.6561,12.00,8.00
2007.06.28 19:24:08.187,1.6559,1.6561,12.00,10.40
2007.06.28 19:24:08.380,1.6559,1.6561,11.20,10.40
2007.06.28 19:24:08.704,1.6559,1.6561,11.20,9.60
2007.06.28 19:24:08.807,1.6559,1.656,11.20,5.60
2007.06.28 19:24:08.991,1.6559,1.656,3.20,5.60
2007.06.28 19:24:09.410,1.6559,1.656,2.40,5.60
2007.06.28 19:24:09.528,1.65585,1.656,0.80,5.60
2007.06.28 19:24:14.133,1.6559,1.656,1.60,5.60
2007.06.28 19:24:15.302,1.6559,1.656,1.10,5.60
2007.06.28 19:24:15.689,1.65585,1.656,0.80,5.60
2007.06.28 19:24:16.211,1.65575,1.656,25.60,5.60
2007.06.28 19:24:16.335,1.6558,1.656,11.00,5.60
2007.06.28 19:24:17.230,1.6558,1.656,24.80,5.60
2007.06.28 19:24:18.685,1.6558,1.656,32.00,5.60
2007.06.28 19:24:19.191,1.6558,1.6559,13.60,5.60
2007.06.28 19:24:20.352,1.65575,1.6559,2.40,5.60
2007.06.28 19:24:21.675,1.6557,1.6559,2.20,5.60
2007.06.28 19:24:21.728,1.65565,1.6559,22.40,5.60
2007.06.28 19:24:21.843,1.65565,1.6559,26.40,5.60
2007.06.28 19:24:21.941,1.65565,1.6559,18.40,5.60
2007.06.28 19:24:22.281,1.6557,1.6559,4.40,8.00
2007.06.28 19:24:22.343,1.65565,1.6559,18.40,8.80
2007.06.28 19:24:22.389,1.6557,1.6559,2.80,11.20
2007.06.28 19:24:22.433,1.6557,1.6559,1.80,11.20
2007.06.28 19:24:25.213,1.65565,1.6559,20.00,9.60
2007.06.28 19:24:25.489,1.6557,1.6559,2.00,8.00
2007.06.28 19:24:25.712,1.6557,1.6559,7.10,7.20
2007.06.28 19:24:25.725,1.65565,1.6559,19.20,6.40
2007.06.28 19:24:25.824,1.6557,1.6559,3.00,7.20
2007.06.28 19:24:25.905,1.65565,1.6559,19.20,8.00
2007.06.28 19:24:25.981,1.6557,1.6559,4.40,8.80
2007.06.28 19:24:26.216,1.6557,1.6558,4.90,5.60
2007.06.28 19:24:26.529,1.65565,1.6558,14.40,5.60
2007.06.28 19:24:26.652,1.65555,1.6558,34.40,5.60
2007.06.28 19:24:26.879,1.65555,1.6558,38.40,5.60
2007.06.28 19:24:26.961,1.65555,1.6558,32.00,5.60
2007.06.28 19:24:27.261,1.65555,1.6558,30.40,6.40
2007.06.28 19:24:27.320,1.6556,1.6558,7.20,7.20
2007.06.28 19:24:27.590,1.6556,1.6557,9.10,2.40
2007.06.28 19:24:27.672,1.65555,1.6557,28.00,2.40
2007.06.28 19:24:27.795,1.65555,1.6557,20.00,2.40
2007.06.28 19:24:28.008,1.65555,1.6557,21.60,2.40
2007.06.28 19:24:28.178,1.65555,1.6557,24.00,2.40
2007.06.28 19:24:28.210,1.65555,1.6557,23.20,2.40
2007.06.28 19:24:28.295,1.65555,1.6557,24.80,2.40
2007.06.28 19:24:28.366,1.65555,1.6557,28.80,2.40
2007.06.28 19:24:28.388,1.6556,1.6557,24.80,2.40
2007.06.28 19:24:29.687,1.65565,1.6558,0.80,8.00
2007.06.28 19:24:29.915,1.6556,1.6558,24.00,9.60
2007.06.28 19:24:29.957,1.65565,1.6558,0.80,12.00
2007.06.28 19:24:30.025,1.65565,1.6558,0.80,12.80
2007.06.28 19:24:30.269,1.6556,1.6557,14.40,6.40
2007.06.28 19:24:30.469,1.65565,1.6557,0.80,8.00
2007.06.28 19:24:30.992,1.65555,1.6557,1.60,8.00
2007.06.28 19:24:31.396,1.6556,1.6557,1.10,5.60
2007.06.28 19:24:39.307,1.65555,1.6557,3.20,5.60
2007.06.28 19:24:39.636,1.65555,1.6556,3.20,1.60
2007.06.28 19:24:39.791,1.6555,1.6556,11.20,3.20
2007.06.28 19:24:39.819,1.6555,1.6556,9.60,5.60
2007.06.28 19:24:39.894,1.6555,1.6556,5.60,4.00
2007.06.28 19:24:39.923,1.65555,1.6556,0.80,5.60
2007.06.28 19:24:40.136,1.65555,1.6556,0.80,4.00
2007.06.28 19:24:40.177,1.65545,1.6555,5.60,0.80
2007.06.28 19:24:40.285,1.65545,1.6555,16.00,0.80
2007.06.28 19:24:40.440,1.6556,1.6557,0.80,43.90
2007.06.28 19:24:40.464,1.6556,1.6557,0.80,43.90
2007.06.28 19:24:40.537,1.6554,1.6556,7.50,5.60
2007.06.28 19:24:40.666,1.6555,1.6556,2.80,5.60
2007.06.28 19:24:41.080,1.65535,1.6556,29.60,5.60
2007.06.28 19:24:41.656,1.65535,1.6556,31.20,5.60
2007.06.28 19:24:41.704,1.6554,1.6557,14.80,20.00
2007.06.28 19:24:41.775,1.65535,1.6557,31.20,18.40
2007.06.28 19:24:41.881,1.6554,1.6557,26.80,44.70
2007.06.28 19:24:41.941,1.65545,1.6557,0.80,44.70
2007.06.28 19:24:41.987,1.65545,1.6557,13.60,10.40
2007.06.28 19:24:42.214,1.65545,1.6557,13.60,9.60
2007.06.28 19:24:42.265,1.6555,1.6557,1.10,8.80
2007.06.28 19:24:42.471,1.6555,1.65565,3.20,0.80
2007.06.28 19:24:42.565,1.65545,1.65565,18.40,0.80
2007.06.28 19:24:42.972,1.6555,1.65565,3.80,0.80
2007.06.28 19:24:43.485,1.65545,1.65565,11.20,0.80
2007.06.28 19:24:43.884,1.65545,1.6557,11.20,31.90
2007.06.28 19:24:46.150,1.6555,1.6557,2.40,31.90
2007.06.28 19:24:46.207,1.6555,1.6556,2.40,1.60
2007.06.28 19:24:46.260,1.6555,1.6556,2.40,3.20
2007.06.28 19:24:46.357,1.65545,1.6556,5.60,3.20
2007.06.28 19:24:46.419,1.6554,1.6556,20.80,4.00
2007.06.28 19:24:46.459,1.6554,1.6556,16.80,8.00
2007.06.28 19:24:46.640,1.6554,1.6556,12.80,8.00
2007.06.28 19:24:46.664,1.6554,1.6556,12.80,9.60
2007.06.28 19:24:46.707,1.6554,1.6556,18.40,9.60
2007.06.28 19:24:47.172,1.6554,1.6556,18.40,10.40
2007.06.28 19:24:47.253,1.6554,1.6556,18.40,11.20
2007.06.28 19:24:48.262,1.6554,1.6556,12.80,10.40
2007.06.28 19:24:48.294,1.6554,1.6556,12.80,9.60
2007.06.28 19:24:49.725,1.6554,1.6556,18.40,9.60
2007.06.28 19:24:50.129,1.6554,1.6556,16.80,9.60
2007.06.28 19:24:50.180,1.6554,1.6556,20.80,4.00
2007.06.28 19:24:50.249,1.65545,1.6556,5.60,4.00
2007.06.28 19:24:50.270,1.6555,1.6556,2.40,4.00
2007.06.28 19:24:50.495,1.6555,1.6556,4.80,4.00
2007.06.28 19:24:51.206,1.6555,1.6556,4.80,9.60
2007.06.28 19:24:51.237,1.6555,1.6556,2.40,9.60
2007.06.28 19:24:51.272,1.6555,1.6556,2.40,8.80
2007.06.28 19:24:51.296,1.6555,1.6556,2.40,7.20
2007.06.28 19:24:51.367,1.6555,1.6556,2.40,5.60
2007.06.28 19:24:51.512,1.6554,1.6556,16.80,5.60
2007.06.28 19:24:51.618,1.6555,1.6556,2.40,5.60
2007.06.28 19:24:51.722,1.6555,1.65565,2.40,0.80
2007.06.28 19:24:51.813,1.6555,1.6557,2.40,16.80
2007.06.28 19:24:51.831,1.6555,1.6557,4.80,35.10
2007.06.28 19:24:52.264,1.6555,1.6557,4.80,34.30
2007.06.28 19:24:52.639,1.6555,1.6557,4.80,31.90
2007.06.28 19:24:53.151,1.6555,1.6557,8.80,26.30
2007.06.28 19:24:53.184,1.6556,1.65575,2.40,5.60
2007.06.28 19:24:53.259,1.6556,1.65575,4.80,5.60
2007.06.28 19:24:53.282,1.6556,1.65575,6.40,5.60
2007.06.28 19:24:53.302,1.6556,1.6558,6.40,23.20
2007.06.28 19:24:53.401,1.6556,1.6558,14.40,15.20
2007.06.28 19:24:53.459,1.6556,1.6558,16.80,15.20
2007.06.28 19:24:53.666,1.6556,1.6558,16.80,12.80
2007.06.28 19:24:54.181,1.6556,1.6558,16.80,12.00
2007.06.28 19:24:54.223,1.6556,1.6558,15.20,10.40
2007.06.28 19:24:54.292,1.6556,1.6558,15.20,9.60
2007.06.28 19:24:54.384,1.6556,1.6558,20.80,9.60
2007.06.28 19:24:54.866,1.65565,1.6558,0.80,9.60
2007.06.28 19:24:56.481,1.65565,1.6558,0.80,8.80
2007.06.28 19:24:56.665,1.65565,1.6558,0.80,7.20
2007.06.28 19:24:56.723,1.65565,1.6558,0.80,6.40
2007.06.28 19:24:56.730,1.65565,1.6558,0.80,5.60
2007.06.28 19:24:57.220,1.65565,1.65585,0.80,0.80
2007.06.28 19:24:57.378,1.6557,1.65585,10.40,0.80
2007.06.28 19:24:57.421,1.6557,1.6559,10.40,10.40
2007.06.28 19:24:57.513,1.6557,1.6559,10.40,8.00
2007.06.28 19:24:59.680,1.6557,1.6559,12.00,8.00
2007.06.28 19:24:59.851,1.6557,1.6559,20.00,8.00
2007.06.28 19:25:01.718,1.6557,1.6559,18.40,8.00
2007.06.28 19:25:01.732,1.6557,1.6559,8.00,8.00
2007.06.28 19:25:01.860,1.6557,1.6559,8.00,13.60
2007.06.28 19:25:02.031,1.6557,1.6558,8.00,4.00
2007.06.28 19:25:02.042,1.65565,1.6558,0.80,4.00
2007.06.28 19:25:02.545,1.6556,1.6558,8.80,4.00
2007.06.28 19:25:02.561,1.6556,1.6558,9.60,4.00
2007.06.28 19:25:02.648,1.6557,1.6558,1.60,4.00
2007.06.28 19:25:02.753,1.6557,1.6559,1.60,52.80
2007.06.28 19:25:02.826,1.6557,1.6559,1.60,18.40
2007.06.28 19:25:02.908,1.6557,1.6559,7.20,12.80
2007.06.28 19:25:03.021,1.6557,1.6559,15.20,4.80
2007.06.28 19:25:03.255,1.6557,1.6558,15.20,2.40
2007.06.28 19:25:03.435,1.6557,1.6558,8.80,2.40
2007.06.28 19:25:03.472,1.6557,1.6558,5.60,2.40
2007.06.28 19:25:03.706,1.6557,1.6558,16.00,2.40
2007.06.28 19:25:06.227,1.6557,1.6559,16.00,33.60
2007.06.28 19:25:06.313,1.6557,1.6559,19.20,7.20
2007.06.28 19:25:06.735,1.6557,1.6559,19.20,4.80
2007.06.28 19:25:08.826,1.6557,1.6559,19.20,5.60
2007.06.28 19:25:09.201,1.6557,1.6559,20.00,5.60
2007.06.28 19:25:09.238,1.6557,1.6559,20.00,7.20
2007.06.28 19:25:09.355,1.6557,1.6559,20.80,7.20
2007.06.28 19:25:09.376,1.6557,1.6559,15.20,7.20
2007.06.28 19:25:09.401,1.6557,1.6559,14.40,7.20
2007.06.28 19:25:09.553,1.6557,1.6559,13.60,7.20
2007.06.28 19:25:09.628,1.6557,1.6559,12.80,7.20
2007.06.28 19:25:09.650,1.6557,1.6559,12.80,5.60
2007.06.28 19:25:09.769,1.6557,1.6559,12.00,5.60
2007.06.28 19:25:10.128,1.6557,1.6559,13.60,5.60
2007.06.28 19:25:10.170,1.6557,1.6559,15.20,5.60
2007.06.28 19:25:10.536,1.6557,1.6559,14.40,5.60
2007.06.28 19:25:10.590,1.6557,1.6559,13.60,5.60
2007.06.28 19:25:10.684,1.6558,1.6559,1.60,4.80
2007.06.28 19:25:10.945,1.6558,1.6559,2.40,4.80
2007.06.28 19:25:10.962,1.6558,1.6559,3.20,4.80
2007.06.28 19:25:10.986,1.6558,1.6559,4.00,4.80
2007.06.28 19:25:11.160,1.6558,1.6559,3.20,4.80
2007.06.28 19:25:11.207,1.6558,1.6559,3.20,3.20
2007.06.28 19:25:11.219,1.6558,1.6559,2.40,3.20
2007.06.28 19:25:11.297,1.6558,1.6559,1.60,3.20
2007.06.28 19:25:12.219,1.6558,1.6559,1.60,4.80
2007.06.28 19:25:13.788,1.6558,1.6559,1.60,5.60
2007.06.28 19:25:16.581,1.6557,1.6559,26.40,8.00
2007.06.28 19:25:16.661,1.6557,1.6559,22.40,8.00
2007.06.28 19:25:16.767,1.6557,1.6559,4.00,50.30
2007.06.28 19:25:16.825,1.6557,1.6559,20.00,8.00
2007.06.28 19:25:17.618,1.6557,1.6559,20.00,0.60
2007.06.28 19:25:25.280,1.6557,1.65595,25.60,7.20
2007.06.28 19:25:25.455,1.6557,1.65595,15.20,7.20
2007.06.28 19:25:27.102,1.6557,1.6559,17.60,0.80
2007.06.28 19:25:27.180,1.6558,1.6559,1.60,0.80
2007.06.28 19:25:27.217,1.6558,1.656,3.20,35.90
2007.06.28 19:25:27.322,1.6558,1.6559,4.80,0.80
2007.06.28 19:25:27.350,1.6558,1.6559,5.60,0.50
2007.06.28 19:25:27.407,1.6558,1.6559,8.20,0.80
2007.06.28 19:25:27.507,1.6558,1.65605,8.20,17.60
2007.06.28 19:25:27.577,1.6559,1.656,2.40,0.70
2007.06.28 19:25:27.616,1.6559,1.656,2.40,0.70
2007.06.28 19:25:27.716,1.6559,1.65605,2.40,17.60
2007.06.28 19:25:27.724,1.6559,1.65605,2.40,15.20
2007.06.28 19:25:28.033,1.6559,1.656,2.40,0.90
2007.06.28 19:25:28.132,1.6559,1.65605,2.40,15.20
2007.06.28 19:25:28.247,1.6559,1.656,2.40,16.00
2007.06.28 19:25:28.404,1.6558,1.656,4.20,22.40
2007.06.28 19:25:28.467,1.6558,1.656,4.20,22.40
2007.06.28 19:25:28.478,1.6558,1.656,2.40,22.40
2007.06.28 19:25:28.529,1.6558,1.656,3.20,22.40
2007.06.28 19:25:28.745,1.6558,1.6559,1.60,0.90
2007.06.28 19:25:28.769,1.6558,1.656,1.60,20.80
2007.06.28 19:25:29.176,1.65575,1.6559,0.80,0.80
2007.06.28 19:25:29.180,1.6558,1.65595,10.40,4.80
2007.06.28 19:25:29.211,1.65575,1.65595,0.80,4.80
2007.06.28 19:25:31.191,1.6558,1.6559,0.80,0.60
2007.06.28 19:25:31.219,1.6558,1.65595,1.60,4.80
2007.06.28 19:25:31.239,1.6558,1.65595,2.40,4.80
2007.06.28 19:25:31.326,1.6558,1.65595,4.00,4.80
2007.06.28 19:25:31.483,1.6558,1.6559,3.20,0.60
2007.06.28 19:25:31.540,1.6558,1.65595,2.40,4.80
2007.06.28 19:25:31.564,1.6558,1.65595,1.60,4.80
2007.06.28 19:25:31.895,1.6558,1.65595,2.40,4.80
2007.06.28 19:25:31.944,1.6558,1.65595,3.20,4.80
2007.06.28 19:25:31.968,1.6558,1.6559,4.00,0.90
2007.06.28 19:25:33.292,1.6558,1.65595,3.20,4.80
2007.06.28 19:25:33.330,1.6558,1.65595,2.40,4.80
2007.06.28 19:25:33.395,1.6558,1.65595,1.60,4.80
2007.06.28 19:25:35.658,1.6558,1.6559,2.40,0.60
2007.06.28 19:25:35.675,1.6558,1.65595,3.20,4.80
2007.06.28 19:25:35.781,1.6558,1.6559,2.40,0.90
2007.06.28 19:25:35.855,1.6558,1.6559,1.60,0.90
2007.06.28 19:25:39.554,1.6558,1.65595,2.40,4.80
2007.06.28 19:25:39.703,1.6558,1.65595,4.80,4.80
2007.06.28 19:25:39.723,1.6558,1.6559,5.60,0.50
2007.06.28 19:25:39.793,1.6558,1.65595,6.40,4.80
2007.06.28 19:25:40.004,1.6558,1.65595,24.80,4.80
2007.06.28 19:25:40.049,1.6558,1.6559,25.60,0.80
2007.06.28 19:25:40.213,1.6559,1.656,0.80,10.40
2007.06.28 19:25:40.265,1.6559,1.656,1.60,10.40
2007.06.28 19:25:40.312,1.6559,1.656,2.40,8.80
2007.06.28 19:25:40.395,1.6559,1.656,2.40,0.50
2007.06.28 19:25:40.508,1.6559,1.6561,1.60,57.50
2007.06.28 19:25:40.584,1.6559,1.6561,0.80,33.60
2007.06.28 19:25:40.604,1.6559,1.6561,0.80,38.40
2007.06.28 19:25:40.720,1.6559,1.656,0.80,12.00
2007.06.28 19:25:40.776,1.6558,1.65595,36.70,0.80
2007.06.28 19:25:40.830,1.6558,1.65595,35.90,0.80
2007.06.28 19:25:40.957,1.6558,1.656,1.60,20.00
2007.06.28 19:25:41.135,1.6558,1.65605,1.60,25.60
2007.06.28 19:25:41.429,1.6558,1.656,20.00,0.70
2007.06.28 19:25:41.652,1.6558,1.656,22.40,0.50
2007.06.28 19:25:41.742,1.6558,1.65605,22.40,0.80
2007.06.28 19:25:41.790,1.6558,1.6561,38.30,44.00
2007.06.28 19:25:41.812,1.6558,1.65605,43.90,0.80
2007.06.28 19:25:41.850,1.6558,1.65615,43.90,44.00
2007.06.28 19:25:41.863,1.6558,1.65615,43.90,63.90
2007.06.28 19:25:42.208,1.6558,1.65615,43.90,61.50
2007.06.28 19:25:42.575,1.6558,1.65615,43.90,59.10
2007.06.28 19:25:42.772,1.6558,1.6561,44.70,0.90
2007.06.28 19:25:42.849,1.6558,1.65615,45.50,59.10
2007.06.28 19:25:43.039,1.6558,1.6561,46.30,0.90
2007.06.28 19:25:44.124,1.6558,1.6561,22.40,0.90
2007.06.28 19:25:44.201,1.6558,1.6561,26.40,0.90
2007.06.28 19:25:44.265,1.6558,1.6561,28.00,0.90
2007.06.28 19:25:44.337,1.6559,1.65615,10.40,14.40
2007.06.28 19:25:44.727,1.6559,1.656,10.40,0.70
2007.06.28 19:25:44.744,1.65585,1.6561,5.60,17.60
2007.06.28 19:25:45.392,1.6558,1.656,24.00,0.90
2007.06.28 19:25:45.483,1.6558,1.6561,24.00,19.20
2007.06.28 19:25:45.575,1.65585,1.656,0.80,0.70
2007.06.28 19:25:46.707,1.6559,1.656,1.60,0.60
2007.06.28 19:25:55.695,1.65585,1.65605,0.80,6.40
2007.06.28 19:25:57.219,1.6559,1.65605,1.60,6.40
2007.06.28 19:25:58.661,1.65585,1.65605,0.80,8.80
2007.06.28 19:25:58.824,1.65585,1.656,0.80,0.70
2007.06.28 19:25:59.774,1.65575,1.656,5.60,0.50
2007.06.28 19:26:01.218,1.6558,1.656,1.60,0.80
2007.06.28 19:26:01.224,1.6558,1.656,10.40,0.60
2007.06.28 19:26:01.249,1.6558,1.65605,16.80,43.10
2007.06.28 19:26:01.350,1.6558,1.65605,16.80,8.80
2007.06.28 19:26:01.428,1.6558,1.656,17.60,0.60
2007.06.28 19:26:01.625,1.6558,1.656,17.60,0.80
2007.06.28 19:26:01.850,1.6558,1.65605,12.00,6.40
2007.06.28 19:26:02.161,1.6558,1.656,11.20,0.60
2007.06.28 19:26:02.192,1.6558,1.65605,10.40,6.40
2007.06.28 19:26:02.346,1.6558,1.65605,9.60,6.40
2007.06.28 19:26:02.392,1.6558,1.65605,20.00,6.40
2007.06.28 19:26:02.452,1.6558,1.656,22.40,0.90
2007.06.28 19:26:02.666,1.6558,1.656,14.40,0.50
2007.06.28 19:26:02.753,1.6558,1.656,10.40,0.60
2007.06.28 19:26:02.798,1.6558,1.65605,2.40,16.80
2007.06.28 19:26:03.224,1.65575,1.65605,0.80,56.70
2007.06.28 19:26:03.480,1.6557,1.65605,50.30,56.70
2007.06.28 19:26:04.359,1.6558,1.65605,8.00,48.70
2007.06.28 19:26:04.551,1.65575,1.656,5.60,0.90
2007.06.28 19:26:07.186,1.6558,1.656,1.60,0.60
2007.06.28 19:26:07.229,1.6558,1.656,8.00,0.50
2007.06.28 19:26:07.293,1.6558,1.65605,8.80,41.50
2007.06.28 19:26:07.306,1.6558,1.65605,20.00,33.50
2007.06.28 19:26:07.422,1.6558,1.656,22.40,0.70
2007.06.28 19:26:07.493,1.6558,1.65605,38.30,9.60
2007.06.28 19:26:07.604,1.6558,1.65605,38.30,7.20
2007.06.28 19:26:07.707,1.6558,1.65605,16.80,6.40
2007.06.28 19:26:07.726,1.6558,1.656,16.00,0.90
2007.06.28 19:26:07.802,1.6558,1.656,15.20,0.90
2007.06.28 19:26:08.233,1.6558,1.656,13.60,0.80
2007.06.28 19:26:08.270,1.6558,1.656,8.00,0.90
2007.06.28 19:26:08.376,1.6558,1.65605,8.00,16.80
2007.06.28 19:26:08.543,1.65575,1.656,0.80,52.70
2007.06.28 19:26:11.012,1.6557,1.656,48.70,52.70
2007.06.28 19:26:11.406,1.6557,1.656,47.90,52.70
2007.06.28 19:26:11.626,1.6557,1.656,47.10,52.70
2007.06.28 19:26:11.653,1.6557,1.656,46.30,52.70
2007.06.28 19:26:11.847,1.6557,1.656,46.30,58.30
2007.06.28 19:26:15.637,1.6557,1.656,46.30,57.50
2007.06.28 19:26:15.659,1.6557,1.656,46.30,56.70
2007.06.28 19:26:15.740,1.6557,1.656,46.30,55.90
2007.06.28 19:26:15.913,1.6557,1.656,46.30,50.30
2007.06.28 19:26:16.180,1.6557,1.656,47.90,50.30
2007.06.28 19:26:16.247,1.6558,1.656,1.60,48.70
2007.06.28 19:26:16.271,1.6558,1.656,9.60,14.40
2007.06.28 19:26:16.398,1.6558,1.656,17.60,6.40
2007.06.28 19:26:17.333,1.6558,1.656,18.40,6.40
2007.06.28 19:26:17.407,1.6558,1.656,21.60,6.40
2007.06.28 19:26:17.446,1.65575,1.656,27.20,6.40
2007.06.28 19:26:17.486,1.6558,1.656,0.90,6.40
2007.06.28 19:26:17.698,1.65575,1.656,17.60,4.00
2007.06.28 19:26:17.794,1.6557,1.656,42.70,4.00
2007.06.28 19:26:18.169,1.6557,1.656,41.90,5.60
2007.06.28 19:26:18.185,1.6557,1.656,43.90,5.60
2007.06.28 19:26:18.239,1.6557,1.656,43.10,5.60
2007.06.28 19:26:18.265,1.6557,1.656,45.50,5.60
2007.06.28 19:26:18.674,1.65575,1.656,16.00,8.00
2007.06.28 19:26:20.328,1.6557,1.656,39.10,8.00
2007.06.28 19:26:20.365,1.6558,1.656,2.20,8.00
2007.06.28 19:26:20.455,1.6558,1.656,0.50,8.00
2007.06.28 19:26:20.729,1.6558,1.656,0.60,5.60
2007.06.28 19:26:21.359,1.65575,1.656,20.00,5.60
2007.06.28 19:26:23.226,1.6559,1.656,0.90,4.00
2007.06.28 19:26:30.156,1.65575,1.656,28.00,5.60
2007.06.28 19:26:30.307,1.65575,1.656,19.20,5.60
2007.06.28 19:26:30.345,1.6558,1.656,3.90,5.60
2007.06.28 19:26:30.396,1.6558,1.656,1.00,5.60
2007.06.28 19:26:30.515,1.6558,1.656,8.00,5.60
2007.06.28 19:26:30.672,1.6558,1.656,4.80,8.00
2007.06.28 19:26:30.726,1.65575,1.656,16.80,8.00
2007.06.28 19:26:30.830,1.6557,1.656,34.40,16.00
2007.06.28 19:26:30.843,1.6557,1.656,34.40,16.00
2007.06.28 19:26:30.875,1.65565,1.656,34.40,16.00
2007.06.28 19:26:31.226,1.65565,1.656,59.90,50.30
2007.06.28 19:26:31.352,1.6557,1.656,21.70,50.30
2007.06.28 19:26:31.584,1.65565,1.656,53.50,50.30
2007.06.28 19:26:32.113,1.65565,1.656,52.70,50.30
2007.06.28 19:26:32.134,1.65565,1.656,51.90,50.30
2007.06.28 19:26:32.203,1.6557,1.656,20.80,50.30
2007.06.28 19:26:32.301,1.65565,1.656,51.10,47.90
2007.06.28 19:26:32.381,1.6557,1.656,46.30,39.90
2007.06.28 19:26:32.681,1.65575,1.656,13.60,31.90
2007.06.28 19:26:32.721,1.65575,1.656,13.60,30.30
2007.06.28 19:26:32.752,1.6558,1.656,2.80,4.00
2007.06.28 19:26:46.947,1.6558,1.656,8.00,6.40
2007.06.28 19:26:57.202,1.6558,1.656,8.00,4.00
2007.06.28 19:26:59.279,1.6558,1.656,8.00,6.40
2007.06.28 19:27:06.622,1.6558,1.656,4.00,6.40
2007.06.28 19:27:15.181,1.65575,1.656,13.60,14.40
2007.06.28 19:27:15.227,1.65575,1.656,13.60,18.40
2007.06.28 19:27:15.300,1.6558,1.656,2.70,20.80
2007.06.28 19:27:15.526,1.6558,1.656,3.80,21.60
2007.06.28 19:27:15.653,1.65565,1.656,47.10,29.60
2007.06.28 19:27:15.755,1.65565,1.656,48.70,29.60
2007.06.28 19:27:15.760,1.65565,1.656,40.70,53.50
2007.06.28 19:27:15.965,1.65565,1.656,51.10,53.50
2007.06.28 19:27:16.247,1.65565,1.656,51.10,55.90
2007.06.28 19:27:16.300,1.65565,1.656,51.10,55.10
2007.06.28 19:27:16.367,1.65565,1.656,51.10,54.30
2007.06.28 19:27:17.722,1.6557,1.656,22.20,52.70
2007.06.28 19:27:17.767,1.6557,1.656,19.00,51.90
2007.06.28 19:27:17.803,1.6557,1.656,3.20,50.30
2007.06.28 19:27:32.842,1.6557,1.656,46.30,50.30
2007.06.28 19:27:33.004,1.6558,1.656,3.40,42.30
2007.06.28 19:27:33.127,1.65575,1.656,13.60,39.90
2007.06.28 19:27:33.206,1.65575,1.656,13.60,5.60
2007.06.28 19:27:33.230,1.65575,1.656,13.60,4.00
2007.06.28 19:27:34.910,1.6558,1.656,13.60,4.00
2007.06.28 19:27:35.109,1.6559,1.656,8.00,4.00
2007.06.28 19:27:35.188,1.6559,1.656,8.00,4.80
2007.06.28 19:27:35.234,1.6559,1.656,8.00,5.60
2007.06.28 19:27:35.392,1.65585,1.6559,5.60,0.80
2007.06.28 19:27:35.438,1.65575,1.6559,5.60,1.60
2007.06.28 19:27:35.450,1.6558,1.6559,8.00,1.60
2007.06.28 19:27:35.565,1.65575,1.6559,5.60,2.40
2007.06.28 19:27:35.700,1.65575,1.6559,5.60,4.00
2007.06.28 19:27:35.789,1.65575,1.6559,5.60,8.00
2007.06.28 19:27:37.371,1.6557,1.6559,12.00,8.00
2007.06.28 19:27:39.918,1.6557,1.6559,12.00,7.20
2007.06.28 19:27:40.012,1.6557,1.6559,12.00,6.40
2007.06.28 19:27:40.050,1.6557,1.6559,12.00,5.60
2007.06.28 19:27:40.248,1.6557,1.6559,38.30,0.80
2007.06.28 19:27:40.325,1.6557,1.6559,43.90,1.60
2007.06.28 19:27:40.335,1.6557,1.6559,43.90,2.40
2007.06.28 19:27:40.449,1.6557,1.6559,17.60,2.40
2007.06.28 19:27:40.658,1.6557,1.6559,17.60,8.00
2007.06.28 19:27:40.790,1.6557,1.6559,12.00,8.00
2007.06.28 19:27:41.352,1.6557,1.65595,12.00,8.80
2007.06.28 19:27:43.937,1.6557,1.65595,12.00,8.00
2007.06.28 19:27:43.993,1.6557,1.6559,12.00,0.50
2007.06.28 19:27:44.110,1.6557,1.6559,12.00,0.80
2007.06.28 19:27:44.130,1.6557,1.6559,12.00,0.90
2007.06.28 19:27:44.231,1.6557,1.65605,12.00,45.50
2007.06.28 19:27:44.319,1.6557,1.65605,38.30,61.50
2007.06.28 19:27:44.378,1.6557,1.656,43.90,0.80
2007.06.28 19:27:44.740,1.6557,1.656,43.90,0.80
2007.06.28 19:27:52.866,1.6558,1.656,2.40,0.70
2007.06.28 19:27:53.090,1.6557,1.65605,43.90,59.10
2007.06.28 19:27:54.323,1.6557,1.656,43.90,0.70
2007.06.28 19:27:54.410,1.6557,1.65605,43.90,59.10
2007.06.28 19:27:54.608,1.6557,1.656,43.90,53.50
2007.06.28 19:27:54.623,1.6557,1.6559,43.90,0.80
2007.06.28 19:27:54.725,1.6557,1.656,43.90,54.30
2007.06.28 19:27:54.743,1.6557,1.656,43.90,52.70
2007.06.28 19:27:54.842,1.6557,1.656,43.90,51.90
2007.06.28 19:27:54.883,1.6557,1.65605,43.90,56.70
2007.06.28 19:27:55.249,1.6557,1.656,44.70,0.50
2007.06.28 19:27:55.269,1.6557,1.656,19.20,0.50
2007.06.28 19:27:55.339,1.6557,1.656,19.20,9.60
2007.06.28 19:27:55.441,1.65575,1.65595,5.60,0.80
2007.06.28 19:27:55.700,1.65575,1.65605,5.60,23.20
2007.06.28 19:27:55.745,1.65575,1.65605,5.60,55.10
2007.06.28 19:27:55.912,1.6557,1.65605,46.30,55.10
2007.06.28 19:27:56.147,1.6557,1.65605,46.30,54.30
2007.06.28 19:27:56.185,1.6558,1.65605,2.40,52.70
2007.06.28 19:27:56.276,1.6558,1.656,14.40,0.70
2007.06.28 19:27:56.378,1.6558,1.65605,13.60,12.80
2007.06.28 19:27:56.462,1.6558,1.65605,19.20,7.20
2007.06.28 19:27:56.703,1.6559,1.6561,1.60,0.70
2007.06.28 19:27:56.730,1.6559,1.65615,1.60,24.00
2007.06.28 19:27:56.905,1.6559,1.65615,9.60,51.90
2007.06.28 19:27:57.339,1.6559,1.65615,9.60,49.50
2007.06.28 19:27:57.519,1.6559,1.65615,9.60,44.70
2007.06.28 19:27:57.648,1.6559,1.65615,9.60,40.70
2007.06.28 19:28:00.738,1.6559,1.65615,8.00,40.70
2007.06.28 19:28:00.749,1.65585,1.6561,5.60,0.70
2007.06.28 19:28:01.390,1.6558,1.6561,53.50,0.70
2007.06.28 19:28:01.399,1.6558,1.65615,51.90,40.70
2007.06.28 19:28:01.566,1.6558,1.65615,43.90,56.70
2007.06.28 19:28:01.653,1.6558,1.656,43.90,0.60
2007.06.28 19:28:01.826,1.6558,1.6561,39.90,50.30
2007.06.28 19:28:01.837,1.6558,1.656,16.00,0.90
2007.06.28 19:28:01.861,1.6558,1.6561,10.40,55.90
2007.06.28 19:28:02.169,1.6558,1.656,12.80,0.90
2007.06.28 19:28:02.224,1.6558,1.656,10.40,0.50
2007.06.28 19:28:02.317,1.6558,1.6561,12.80,55.90
2007.06.28 19:28:02.382,1.6558,1.6561,11.20,55.90
2007.06.28 19:28:02.421,1.6558,1.656,13.60,0.90
2007.06.28 19:28:02.470,1.6558,1.656,20.00,0.70
2007.06.28 19:28:02.634,1.6558,1.6561,18.40,50.30
2007.06.28 19:28:02.691,1.6558,1.65615,20.00,56.70
2007.06.28 19:28:02.739,1.6558,1.65615,28.00,56.70
2007.06.28 19:28:02.751,1.6558,1.6561,27.20,0.50
2007.06.28 19:28:02.845,1.6558,1.65615,42.30,56.70
2007.06.28 19:28:02.893,1.6558,1.65615,41.50,56.70
2007.06.28 19:28:03.205,1.6558,1.656,39.90,0.70
2007.06.28 19:28:03.254,1.6558,1.656,34.30,0.80
2007.06.28 19:28:03.366,1.6558,1.656,26.30,0.70
2007.06.28 19:28:03.435,1.6558,1.656,10.40,0.60
2007.06.28 19:28:03.469,1.6558,1.6561,8.00,55.90
2007.06.28 19:28:04.259,1.6558,1.656,13.60,0.70
2007.06.28 19:28:05.190,1.6559,1.6561,1.60,50.30
2007.06.28 19:28:05.445,1.6559,1.6561,9.60,8.00
2007.06.28 19:28:05.492,1.6559,1.6561,9.60,0.50
2007.06.28 19:28:05.703,1.6559,1.6561,9.60,0.80
2007.06.28 19:28:06.732,1.6559,1.65615,9.60,8.80
2007.06.28 19:28:11.171,1.6559,1.6561,8.00,8.00
2007.06.28 19:28:11.352,1.65585,1.6561,5.60,42.30
2007.06.28 19:28:11.370,1.6558,1.6561,55.90,42.30
2007.06.28 19:28:11.441,1.6558,1.6561,47.90,50.30
2007.06.28 19:28:11.463,1.6558,1.6561,43.90,50.30
2007.06.28 19:28:11.651,1.6558,1.6561,35.90,50.30
2007.06.28 19:28:11.676,1.6558,1.656,31.90,4.00
2007.06.28 19:28:11.734,1.6558,1.656,16.00,4.00
2007.06.28 19:28:12.156,1.6558,1.656,13.60,4.00
2007.06.28 19:28:23.164,1.6559,1.656,1.60,4.00
2007.06.28 19:28:23.671,1.6559,1.6561,1.60,8.00
2007.06.28 19:28:23.941,1.6559,1.65615,9.60,6.40
2007.06.28 19:28:24.235,1.6559,1.65615,33.50,6.40
2007.06.28 19:28:24.312,1.6559,1.65615,39.10,0.80
2007.06.28 19:28:24.475,1.6559,1.6562,39.10,50.30
2007.06.28 19:28:24.676,1.6559,1.6562,39.10,48.70
2007.06.28 19:28:24.764,1.6559,1.6562,47.10,14.40
2007.06.28 19:28:24.950,1.65595,1.6562,5.60,14.40
2007.06.28 19:28:25.134,1.656,1.6562,8.00,4.00
2007.06.28 19:28:27.308,1.656,1.6562,13.60,4.00
2007.06.28 19:28:30.133,1.656,1.6561,13.60,2.40
2007.06.28 19:28:30.171,1.656,1.6561,5.60,2.40
2007.06.28 19:28:30.260,1.656,1.6561,5.60,6.40
2007.06.28 19:28:30.445,1.6559,1.6561,14.10,6.40
2007.06.28 19:28:30.519,1.6559,1.6561,12.00,6.40
2007.06.28 19:28:30.953,1.6559,1.6561,17.60,6.40
2007.06.28 19:28:30.980,1.6559,1.6562,17.60,31.10
2007.06.28 19:28:31.664,1.6559,1.6562,16.80,31.10
2007.06.28 19:28:31.686,1.6559,1.65615,16.00,7.20
2007.06.28 19:28:31.739,1.6559,1.6561,15.20,0.80
2007.06.28 19:28:32.002,1.6559,1.6561,9.60,0.90
2007.06.28 19:28:33.763,1.6559,1.65615,15.20,7.20
2007.06.28 19:28:34.314,1.6559,1.65615,9.60,7.20
2007.06.28 19:28:40.407,1.6559,1.65615,15.20,7.20
2007.06.28 19:28:43.235,1.6559,1.65615,15.20,4.80
2007.06.28 19:28:43.650,1.6559,1.65625,15.20,44.70
2007.06.28 19:28:43.708,1.656,1.6562,5.60,0.80
2007.06.28 19:28:43.767,1.656,1.6563,5.60,25.60
2007.06.28 19:28:43.888,1.656,1.6562,5.60,0.90
2007.06.28 19:28:44.185,1.656,1.6563,13.60,25.60
2007.06.28 19:28:44.318,1.656,1.6563,13.60,28.80
2007.06.28 19:28:44.774,1.656,1.6563,13.60,24.00
2007.06.28 19:28:45.267,1.656,1.6562,8.00,0.60
2007.06.28 19:28:47.248,1.656,1.6562,8.80,0.60
2007.06.28 19:28:47.315,1.656,1.6562,9.60,0.80
2007.06.28 19:28:47.377,1.656,1.6563,12.80,24.00
2007.06.28 19:28:47.664,1.656,1.6563,15.20,20.00
2007.06.28 19:28:47.757,1.656,1.6563,24.80,0.60
2007.06.28 19:28:47.824,1.6561,1.65635,5.60,41.50
2007.06.28 19:28:47.939,1.6561,1.65635,5.60,9.60
2007.06.28 19:28:48.058,1.6561,1.65635,13.60,4.80
2007.06.28 19:28:48.690,1.6561,1.6563,15.20,0.80
2007.06.28 19:28:48.783,1.6561,1.6563,16.00,0.60
2007.06.28 19:28:48.862,1.6561,1.6563,16.80,0.50
2007.06.28 19:28:48.876,1.65615,1.6564,5.60,12.80
2007.06.28 19:28:49.290,1.65615,1.65645,5.60,12.80
2007.06.28 19:28:49.385,1.65615,1.6564,5.60,0.50
2007.06.28 19:28:49.415,1.6562,1.65645,5.60,31.10
2007.06.28 19:28:49.499,1.6562,1.6564,13.60,0.90
2007.06.28 19:28:50.798,1.6562,1.65645,8.00,4.80
2007.06.28 19:28:52.790,1.65615,1.6565,5.60,56.70
2007.06.28 19:28:53.156,1.65615,1.65645,5.60,22.40
2007.06.28 19:28:53.190,1.65615,1.6564,5.60,18.40
2007.06.28 19:28:53.330,1.6561,1.6564,13.60,50.30
2007.06.28 19:28:53.890,1.6561,1.6564,14.40,52.70
2007.06.28 19:28:53.916,1.6561,1.6563,16.80,0.90
2007.06.28 19:28:53.928,1.6561,1.6563,19.20,0.90
2007.06.28 19:28:54.024,1.6561,1.6564,21.60,52.70
2007.06.28 19:28:54.228,1.6561,1.65645,23.20,58.30
2007.06.28 19:28:54.243,1.6561,1.6564,31.20,0.70
2007.06.28 19:28:54.318,1.6561,1.6564,33.60,0.60
2007.06.28 19:28:54.328,1.6561,1.6564,49.50,0.90
2007.06.28 19:28:55.032,1.6561,1.6564,47.10,0.50
2007.06.28 19:28:55.146,1.6561,1.65645,44.70,60.70
2007.06.28 19:28:55.246,1.6561,1.6562,42.30,6.40
2007.06.28 19:28:55.279,1.6561,1.6562,8.00,8.00
2007.06.28 19:28:55.426,1.6561,1.6562,2.40,7.40
2007.06.28 19:28:55.869,1.6561,1.6562,1.60,34.30
2007.06.28 19:28:55.934,1.6561,1.6562,0.80,34.30
2007.06.28 19:28:55.972,1.65605,1.6562,0.80,34.30
2007.06.28 19:28:56.281,1.65605,1.65625,0.80,33.50
2007.06.28 19:28:56.301,1.65605,1.6562,0.80,0.50
2007.06.28 19:28:56.404,1.65605,1.6562,0.80,0.80
2007.06.28 19:28:56.493,1.65605,1.6563,0.80,50.30
2007.06.28 19:28:56.510,1.65605,1.65635,0.80,36.00
2007.06.28 19:28:56.605,1.65605,1.65635,0.80,58.30
2007.06.28 19:28:56.694,1.656,1.6562,31.90,0.70
2007.06.28 19:28:56.720,1.656,1.6563,16.00,50.30
2007.06.28 19:28:56.905,1.656,1.6562,16.00,4.80
2007.06.28 19:28:57.190,1.656,1.6562,13.60,4.80
2007.06.28 19:28:57.610,1.656,1.6562,14.40,4.80
2007.06.28 19:28:57.631,1.656,1.65615,15.20,0.80
2007.06.28 19:28:57.734,1.656,1.65615,17.60,0.80
2007.06.28 19:28:57.748,1.656,1.6562,12.80,4.80
2007.06.28 19:28:57.848,1.656,1.6562,28.70,4.80
2007.06.28 19:28:57.996,1.656,1.65615,34.30,0.80
2007.06.28 19:28:58.240,1.656,1.6563,38.30,53.50
2007.06.28 19:28:58.243,1.656,1.6563,46.30,53.50
2007.06.28 19:28:58.280,1.656,1.6563,45.50,53.50
2007.06.28 19:28:58.343,1.656,1.65615,44.70,0.80
2007.06.28 19:28:58.362,1.656,1.65615,43.90,0.80
2007.06.28 19:28:58.633,1.656,1.6563,39.90,0.80
2007.06.28 19:28:58.742,1.656,1.6562,39.90,0.90
2007.06.28 19:28:58.752,1.656,1.6562,34.30,0.70
2007.06.28 19:28:58.761,1.656,1.6563,10.40,55.90
2007.06.28 19:28:59.141,1.656,1.6563,8.00,55.90
2007.06.28 19:29:00.242,1.656,1.6562,8.00,8.00
2007.06.28 19:29:00.463,1.6559,1.6562,46.30,50.30
2007.06.28 19:29:00.829,1.6559,1.6562,44.70,50.30
2007.06.28 19:29:01.069,1.6559,1.6562,43.90,50.30
2007.06.28 19:29:01.163,1.6559,1.6561,39.90,4.00
2007.06.28 19:29:01.270,1.6559,1.6561,13.60,4.00
2007.06.28 19:29:01.359,1.6559,1.6561,8.00,4.00
2007.06.28 19:29:04.536,1.656,1.6561,0.80,4.00
2007.06.28 19:29:04.631,1.656,1.6561,1.60,4.00
2007.06.28 19:29:04.650,1.656,1.6561,4.00,4.00
2007.06.28 19:29:04.744,1.656,1.6562,5.60,54.30
2007.06.28 19:29:04.864,1.656,1.6562,5.60,20.00
2007.06.28 19:29:04.899,1.656,1.6562,11.20,14.40
2007.06.28 19:29:04.902,1.656,1.6562,12.80,14.40
2007.06.28 19:29:04.946,1.656,1.6562,11.20,14.40
2007.06.28 19:29:04.971,1.656,1.6562,19.20,6.40
2007.06.28 19:29:05.063,1.656,1.6562,22.40,6.40
2007.06.28 19:29:05.158,1.656,1.6562,22.40,4.00
2007.06.28 19:29:05.359,1.656,1.6562,24.80,4.00
2007.06.28 19:29:10.709,1.656,1.6561,22.40,4.00
2007.06.28 19:29:10.861,1.656,1.6561,16.80,4.00
2007.06.28 19:29:11.022,1.656,1.6561,19.20,4.00
2007.06.28 19:29:11.041,1.656,1.6561,17.60,4.00
2007.06.28 19:29:11.111,1.656,1.6561,18.40,4.00
2007.06.28 19:29:11.225,1.656,1.6562,18.40,30.30
2007.06.28 19:29:11.323,1.656,1.6562,18.40,22.30
2007.06.28 19:29:11.360,1.656,1.6562,24.00,22.30
2007.06.28 19:29:11.403,1.656,1.6562,21.60,4.00
2007.06.28 19:29:16.295,1.6561,1.6562,0.80,4.00
2007.06.28 19:29:16.420,1.6561,1.6562,1.60,4.00
2007.06.28 19:29:16.594,1.6561,1.6562,0.80,4.00
2007.06.28 19:29:16.600,1.656,1.6562,19.20,4.00
2007.06.28 19:29:16.698,1.6561,1.6562,1.60,4.00
2007.06.28 19:29:16.785,1.6561,1.6562,12.00,4.00
2007.06.28 19:29:17.181,1.6561,1.6562,1.60,4.00
2007.06.28 19:29:17.210,1.65605,1.6562,0.80,4.00
2007.06.28 19:29:18.805,1.656,1.6561,22.40,4.00
2007.06.28 19:29:19.119,1.656,1.6561,24.00,4.00
2007.06.28 19:29:19.221,1.656,1.6562,23.20,5.60
2007.06.28 19:29:19.287,1.656,1.6562,22.40,5.60
2007.06.28 19:29:19.533,1.656,1.65615,22.40,0.80
2007.06.28 19:29:19.630,1.656,1.65615,18.40,0.80
2007.06.28 19:29:19.732,1.656,1.6562,10.40,8.00
2007.06.28 19:29:19.822,1.656,1.6562,2.40,16.00
2007.06.28 19:29:20.248,1.6559,1.6562,52.70,50.30
2007.06.28 19:29:20.325,1.6559,1.6562,48.70,50.30
2007.06.28 19:29:20.447,1.6559,1.6562,46.30,50.30
2007.06.28 19:29:23.203,1.6559,1.6562,45.50,50.30
2007.06.28 19:29:23.282,1.6559,1.6562,44.70,50.30
2007.06.28 19:29:23.398,1.6559,1.6562,43.90,50.30
2007.06.28 19:29:23.624,1.6559,1.6562,41.50,50.30
2007.06.28 19:29:23.718,1.6559,1.6561,39.90,4.00
2007.06.28 19:29:23.734,1.6559,1.6561,16.00,4.00
2007.06.28 19:29:24.228,1.6559,1.6561,13.60,4.00
2007.06.28 19:29:26.283,1.6559,1.6562,13.60,55.90
2007.06.28 19:29:26.491,1.6559,1.6561,8.00,0.60
2007.06.28 19:29:45.667,1.6559,1.6562,8.00,33.60
2007.06.28 19:29:45.922,1.6558,1.65615,46.30,53.50
2007.06.28 19:29:46.279,1.6558,1.65615,46.30,56.70
2007.06.28 19:29:51.569,1.6559,1.65615,0.80,22.40
2007.06.28 19:29:51.593,1.6559,1.6561,1.60,0.70
2007.06.28 19:29:51.746,1.6559,1.65615,2.40,22.40
2007.06.28 19:29:51.857,1.6559,1.65615,12.80,8.80
2007.06.28 19:29:52.149,1.6559,1.6561,14.40,0.50
2007.06.28 19:29:52.272,1.6559,1.6562,12.00,58.30
2007.06.28 19:29:52.349,1.6559,1.6562,14.40,54.30
2007.06.28 19:29:57.599,1.6559,1.6561,13.60,5.60
2007.06.28 19:29:57.765,1.6559,1.6561,12.00,4.00
2007.06.28 19:29:57.791,1.6559,1.6561,22.40,4.00
2007.06.28 19:29:57.996,1.6559,1.6561,28.00,4.00
2007.06.28 19:29:58.173,1.6559,1.6561,25.60,4.00
2007.06.28 19:29:58.263,1.6559,1.6561,13.60,4.00
2007.06.28 19:29:58.496,1.6559,1.6561,8.00,4.00
2007.06.28 19:29:59.574,1.6559,1.6561,8.80,4.00
2007.06.28 19:29:59.667,1.6559,1.6561,12.00,5.60
2007.06.28 19:29:59.743,1.6559,1.6561,4.00,39.90
2007.06.28 19:29:59.799,1.6559,1.6561,4.80,39.90
2007.06.28 19:29:59.946,1.6559,1.6561,4.80,13.60
2007.06.28 19:30:00.194,1.6559,1.6561,6.40,13.60
2007.06.28 19:30:00.284,1.6559,1.6561,22.40,5.60
2007.06.28 19:30:00.296,1.6559,1.6561,24.80,5.60
2007.06.28 19:30:00.710,1.6559,1.6561,24.80,4.00
2007.06.28 19:30:00.770,1.6559,1.6561,40.70,4.00
2007.06.28 19:30:00.796,1.6559,1.6561,46.30,4.00
2007.06.28 19:30:00.812,1.6559,1.65615,46.30,0.80
2007.06.28 19:30:00.870,1.6559,1.65615,20.00,0.80
2007.06.28 19:30:01.234,1.6559,1.65615,46.30,0.80
2007.06.28 19:30:01.527,1.6559,1.6562,46.30,52.70
2007.06.28 19:30:01.618,1.6559,1.6562,46.30,50.30
2007.06.28 19:30:02.060,1.6559,1.6562,48.70,50.30
2007.06.28 19:30:02.305,1.6559,1.6562,51.10,50.30
2007.06.28 19:30:02.376,1.6559,1.6562,51.10,42.30
2007.06.28 19:30:02.399,1.65595,1.6562,5.60,42.30
2007.06.28 19:30:03.737,1.656,1.6562,1.60,40.70
2007.06.28 19:30:03.839,1.656,1.6562,9.60,32.70
2007.06.28 19:30:03.948,1.656,1.6562,9.60,6.40
2007.06.28 19:30:14.687,1.656,1.6562,9.60,8.00
2007.06.28 19:30:19.534,1.656,1.6562,4.20,8.00
2007.06.28 19:30:28.205,1.656,1.6562,4.00,6.40
2007.06.28 19:30:34.700,1.65595,1.6562,13.60,8.00
2007.06.28 19:30:34.989,1.65585,1.6562,64.70,42.30
2007.06.28 19:30:35.403,1.6559,1.6562,12.40,42.30
2007.06.28 19:30:35.487,1.6559,1.6562,9.10,50.30
2007.06.28 19:30:37.231,1.65585,1.6562,51.90,50.30
2007.06.28 19:30:37.243,1.65585,1.6562,51.10,50.30
2007.06.28 19:30:47.681,1.6559,1.6562,46.30,42.30
2007.06.28 19:30:47.718,1.6559,1.6562,54.30,10.40
2007.06.28 19:30:47.921,1.656,1.6562,5.60,10.40
2007.06.28 19:30:48.157,1.656,1.6563,13.60,12.80
2007.06.28 19:30:48.239,1.656,1.6563,13.60,14.40
2007.06.28 19:30:48.594,1.656,1.6563,13.60,12.00
2007.06.28 19:30:49.725,1.656,1.6563,13.60,8.00
2007.06.28 19:30:49.893,1.656,1.65635,13.60,5.60
2007.06.28 19:30:49.973,1.65605,1.65635,5.60,5.60
2007.06.28 19:30:53.283,1.65605,1.6563,5.60,4.00
2007.06.28 19:30:53.685,1.656,1.6563,13.60,4.00
2007.06.28 19:30:54.648,1.656,1.6563,13.60,12.00
2007.06.28 19:30:56.396,1.656,1.6563,8.00,17.60
2007.06.28 19:30:59.660,1.656,1.6562,8.00,1.60
2007.06.28 19:30:59.789,1.6559,1.6562,60.70,17.60
2007.06.28 19:31:00.474,1.6559,1.6562,60.70,21.60
2007.06.28 19:31:00.500,1.6559,1.6562,52.70,45.50
2007.06.28 19:31:01.427,1.6559,1.6562,48.70,45.50
2007.06.28 19:31:02.323,1.6559,1.6562,46.30,45.50
2007.06.28 19:31:03.249,1.6559,1.6561,46.30,1.60
2007.06.28 19:31:03.281,1.6559,1.6561,20.00,1.60
2007.06.28 19:31:03.475,1.6559,1.6561,20.00,5.60
2007.06.28 19:31:03.677,1.6559,1.6561,19.20,4.00
2007.06.28 19:31:03.694,1.6559,1.6561,18.40,4.00
2007.06.28 19:31:03.716,1.6559,1.6561,12.00,4.00
2007.06.28 19:31:03.782,1.6559,1.6562,12.00,43.90
2007.06.28 19:31:03.800,1.6559,1.6562,12.00,35.10
2007.06.28 19:31:03.920,1.6559,1.6562,38.30,57.50
2007.06.28 19:31:04.193,1.6559,1.6562,38.30,53.50
2007.06.28 19:31:04.220,1.6559,1.6562,43.90,47.90
2007.06.28 19:31:04.330,1.6559,1.6562,41.50,47.90
2007.06.28 19:31:09.991,1.6559,1.6562,39.10,47.90
2007.06.28 19:31:11.620,1.6559,1.6562,41.50,47.90
2007.06.28 19:31:16.373,1.6559,1.6562,39.10,47.90
2007.06.28 19:31:17.755,1.6559,1.6562,39.10,46.30
2007.06.28 19:31:17.783,1.65595,1.6562,5.60,35.90
2007.06.28 19:31:17.838,1.656,1.6562,8.00,27.90
2007.06.28 19:31:18.244,1.656,1.6562,8.00,23.90
2007.06.28 19:31:18.355,1.656,1.6563,8.00,24.00
2007.06.28 19:31:18.427,1.656,1.6563,8.00,20.00
2007.06.28 19:31:18.631,1.656,1.6563,8.00,22.40
2007.06.28 19:31:18.653,1.656,1.6561,8.00,4.00
2007.06.28 19:31:18.752,1.65595,1.6561,5.60,4.00
2007.06.28 19:31:18.777,1.6559,1.6561,9.60,4.00
2007.06.28 19:31:18.859,1.6559,1.6561,17.60,4.00
2007.06.28 19:31:19.266,1.6559,1.6561,17.60,6.40
2007.06.28 19:31:24.533,1.6559,1.6561,20.00,6.40
2007.06.28 19:31:24.642,1.65595,1.6561,0.80,6.40
2007.06.28 19:31:24.751,1.656,1.6561,1.60,6.40
2007.06.28 19:31:25.152,1.656,1.6561,1.60,4.00
2007.06.28 19:31:25.358,1.656,1.6561,4.00,4.00
2007.06.28 19:31:25.858,1.656,1.6561,1.30,4.00
2007.06.28 19:31:28.715,1.656,1.6561,1.10,4.00
2007.06.28 19:31:32.652,1.65595,1.6561,2.40,6.40
2007.06.28 19:31:32.666,1.65585,1.6561,16.80,8.80
2007.06.28 19:31:32.770,1.65585,1.656,16.80,4.00
2007.06.28 19:31:32.787,1.6558,1.656,63.60,4.00
2007.06.28 19:31:33.158,1.6558,1.656,38.40,4.00
2007.06.28 19:31:33.580,1.6558,1.656,36.00,4.00
2007.06.28 19:31:34.718,1.6558,1.6561,40.00,17.60
2007.06.28 19:31:34.824,1.6559,1.6561,4.50,9.60
2007.06.28 19:31:35.106,1.65585,1.6561,27.20,9.60
2007.06.28 19:31:35.213,1.65585,1.6561,27.20,8.80
2007.06.28 19:31:35.385,1.65595,1.6561,0.80,8.80
2007.06.28 19:31:35.713,1.65595,1.6561,0.80,6.40
2007.06.28 19:31:35.812,1.6559,1.6561,9.10,6.40
2007.06.28 19:31:36.092,1.65585,1.6561,23.20,6.40
2007.06.28 19:31:37.131,1.6559,1.6561,6.60,4.00
2007.06.28 19:31:37.180,1.65585,1.6561,25.60,4.00
2007.06.28 19:31:37.343,1.65585,1.6561,28.80,4.00
2007.06.28 19:31:37.675,1.65585,1.6561,56.70,4.00
2007.06.28 19:31:37.741,1.65585,1.6562,56.70,24.80
2007.06.28 19:31:37.839,1.6559,1.6562,46.30,14.40
2007.06.28 19:31:37.913,1.656,1.6562,2.40,8.80
2007.06.28 19:31:38.151,1.65595,1.6562,13.60,4.80
2007.06.28 19:31:38.212,1.65595,1.6562,13.60,2.40
2007.06.28 19:31:38.554,1.656,1.6563,0.70,20.00
2007.06.28 19:31:38.613,1.656,1.6563,2.70,17.60
2007.06.28 19:31:40.836,1.656,1.6563,2.70,20.00
2007.06.28 19:31:40.958,1.65595,1.6563,13.60,17.60
2007.06.28 19:31:42.211,1.656,1.6563,4.30,17.60
2007.06.28 19:31:42.225,1.65595,1.6563,26.40,17.60
2007.06.28 19:31:42.239,1.65595,1.6563,30.40,12.00
2007.06.28 19:31:42.282,1.656,1.6563,6.10,12.00
2007.06.28 19:31:42.329,1.65595,1.6563,56.70,12.00
2007.06.28 19:31:48.909,1.65615,1.6563,1.30,12.00
2007.06.28 19:31:48.999,1.65615,1.6563,2.10,4.00
2007.06.28 19:31:49.446,1.65615,1.6564,1.40,44.70
2007.06.28 19:31:49.642,1.6561,1.6564,39.10,42.30
2007.06.28 19:31:49.736,1.65615,1.6564,13.60,5.60
2007.06.28 19:31:49.750,1.65615,1.6564,13.60,4.00
2007.06.28 19:31:52.201,1.65615,1.65645,16.00,4.00
2007.06.28 19:31:52.217,1.6562,1.6565,6.50,23.20
2007.06.28 19:31:52.226,1.6562,1.6564,3.40,2.40
2007.06.28 19:31:52.296,1.6562,1.6564,5.10,2.40
2007.06.28 19:31:52.836,1.6562,1.6565,20.70,52.70
2007.06.28 19:31:53.660,1.6562,1.6565,1.30,52.70
2007.06.28 19:31:53.891,1.6562,1.6565,11.20,52.70
2007.06.28 19:31:54.015,1.65615,1.6565,39.10,53.50
2007.06.28 19:31:54.079,1.6562,1.6565,4.80,54.30
2007.06.28 19:31:54.186,1.65615,1.6565,39.10,55.10
2007.06.28 19:31:58.191,1.6562,1.6565,35.90,55.10
2007.06.28 19:31:58.299,1.6562,1.6565,35.90,55.90
2007.06.28 19:31:58.407,1.6562,1.6565,35.90,54.30
2007.06.28 19:31:58.431,1.6562,1.6565,35.90,53.50
2007.06.28 19:31:58.504,1.6562,1.6565,43.90,53.50
2007.06.28 19:31:58.626,1.6562,1.6565,43.90,54.30
2007.06.28 19:31:58.719,1.6562,1.6565,43.90,52.70
2007.06.28 19:31:58.927,1.6562,1.65655,43.90,63.10
2007.06.28 19:32:01.473,1.6562,1.6565,43.90,0.50
2007.06.28 19:32:01.568,1.6562,1.6565,43.90,0.70
2007.06.28 19:32:01.613,1.6562,1.6565,43.90,0.70
2007.06.28 19:32:01.617,1.6562,1.65655,43.90,67.10
2007.06.28 19:32:03.572,1.6562,1.6565,43.90,0.90
2007.06.28 19:32:03.641,1.6562,1.6565,43.90,0.50
2007.06.28 19:32:06.803,1.6562,1.65655,43.90,64.70
2007.06.28 19:32:06.884,1.6562,1.65655,43.90,63.90
2007.06.28 19:32:06.953,1.6562,1.6565,43.90,0.90
2007.06.28 19:32:07.059,1.6562,1.6565,43.90,0.80
2007.06.28 19:32:07.089,1.6562,1.6565,43.90,0.50
2007.06.28 19:32:09.653,1.6562,1.6565,42.30,0.90
2007.06.28 19:32:09.762,1.6562,1.65655,34.30,65.50
2007.06.28 19:32:13.119,1.6562,1.6565,31.90,0.70
2007.06.28 19:32:13.228,1.6562,1.6565,13.60,32.00
2007.06.28 19:32:13.321,1.6562,1.6564,13.60,0.90
2007.06.28 19:32:13.729,1.6562,1.65645,13.60,8.80
2007.06.28 19:32:13.836,1.6562,1.6564,16.00,0.50
2007.06.28 19:32:13.919,1.6562,1.65645,10.40,8.80
2007.06.28 19:32:16.713,1.6562,1.65645,12.00,8.80
2007.06.28 19:32:16.835,1.6562,1.65645,20.00,8.80
2007.06.28 19:32:27.707,1.6563,1.6564,1.60,6.40
2007.06.28 19:32:32.662,1.6562,1.6564,23.20,8.00
2007.06.28 19:32:32.781,1.6562,1.6564,15.20,8.00
2007.06.28 19:32:32.871,1.6562,1.6564,41.50,8.00
2007.06.28 19:32:32.907,1.6562,1.6564,35.90,8.00
2007.06.28 19:32:33.465,1.6562,1.6564,20.00,8.00
2007.06.28 19:32:33.698,1.6562,1.6564,18.40,8.00
2007.06.28 19:32:33.788,1.6562,1.6564,10.40,8.00
2007.06.28 19:32:35.640,1.6562,1.6564,12.00,8.00
2007.06.28 19:32:35.757,1.6562,1.6564,20.00,8.00
2007.06.28 19:33:02.596,1.6562,1.6564,20.80,8.00
2007.06.28 19:33:02.669,1.6562,1.6564,21.60,8.00
2007.06.28 19:33:02.759,1.6562,1.6564,22.40,8.00
2007.06.28 19:33:09.468,1.6562,1.6564,21.60,8.00
2007.06.28 19:33:09.685,1.6562,1.6564,20.80,8.00
2007.06.28 19:33:09.716,1.6562,1.6564,20.00,8.00
2007.06.28 19:33:24.220,1.6562,1.6565,22.40,51.90
2007.06.28 19:33:24.226,1.6562,1.6565,38.30,64.70
2007.06.28 19:33:24.254,1.6562,1.6565,43.90,55.10
2007.06.28 19:33:24.620,1.6562,1.6565,43.90,52.70
2007.06.28 19:33:26.222,1.65615,1.6565,48.70,52.70
2007.06.28 19:33:29.168,1.6563,1.6565,1.60,52.70
2007.06.28 19:33:29.197,1.6563,1.6565,4.00,16.00
2007.06.28 19:33:29.327,1.6563,1.6565,12.00,16.00
2007.06.28 19:33:29.432,1.6563,1.6565,20.00,8.00
2007.06.28 19:33:31.672,1.6563,1.6565,20.00,12.00
2007.06.28 19:33:31.705,1.6563,1.6565,1.60,22.40
2007.06.28 19:33:31.721,1.65625,1.6564,6.40,1.60
2007.06.28 19:33:31.800,1.65625,1.6564,6.40,9.60
2007.06.28 19:33:31.826,1.65625,1.6563,6.40,4.00
2007.06.28 19:33:32.038,1.65625,1.6563,5.60,4.00
2007.06.28 19:33:32.666,1.6562,1.6563,1.60,4.00
2007.06.28 19:33:54.225,1.6562,1.6563,1.60,5.60
2007.06.28 19:33:57.186,1.6562,1.6563,1.60,4.00
2007.06.28 19:34:02.666,1.6562,1.6563,1.60,5.60
2007.06.28 19:34:17.238,1.6562,1.6563,1.60,4.00
2007.06.28 19:34:22.243,1.6561,1.6563,14.40,4.00
2007.06.28 19:34:22.847,1.6561,1.6563,13.60,4.00
2007.06.28 19:34:22.916,1.6561,1.6563,12.80,5.60
2007.06.28 19:34:23.041,1.6561,1.6563,12.00,5.60
2007.06.28 19:34:23.115,1.6561,1.6563,9.60,5.60
2007.06.28 19:34:23.222,1.6561,1.6563,8.00,8.00
2007.06.28 19:34:23.337,1.6561,1.65635,8.00,8.80
2007.06.28 19:34:23.359,1.6561,1.6563,2.40,0.60
2007.06.28 19:34:25.646,1.656,1.65635,50.30,60.70
2007.06.28 19:34:25.751,1.656,1.65635,49.50,60.70
2007.06.28 19:34:25.795,1.656,1.65635,48.70,60.70
2007.06.28 19:34:27.414,1.656,1.6563,49.50,0.50
2007.06.28 19:34:27.425,1.656,1.65635,50.30,60.70
2007.06.28 19:34:31.148,1.6561,1.65635,2.40,60.70
2007.06.28 19:34:31.266,1.6561,1.6563,4.00,0.90
2007.06.28 19:34:31.272,1.6561,1.65635,7.20,55.10
2007.06.28 19:34:31.358,1.6561,1.6563,17.60,0.90
2007.06.28 19:34:31.572,1.6561,1.65635,24.80,7.20
2007.06.28 19:34:31.628,1.6561,1.6563,24.80,0.90
2007.06.28 19:34:31.656,1.6561,1.65635,23.20,31.10
2007.06.28 19:34:31.769,1.6561,1.65635,23.20,32.70
2007.06.28 19:34:31.776,1.6561,1.65635,23.20,24.70
2007.06.28 19:34:31.793,1.6561,1.6563,22.40,0.60
2007.06.28 19:34:31.869,1.6561,1.65635,20.80,30.30
2007.06.28 19:34:31.877,1.6561,1.65635,20.00,30.30
2007.06.28 19:34:31.998,1.6561,1.6563,12.00,0.60
2007.06.28 19:34:32.191,1.6561,1.6563,12.00,0.90
2007.06.28 19:34:32.268,1.6561,1.65635,9.60,48.70
2007.06.28 19:34:32.299,1.6561,1.65635,8.00,48.70
2007.06.28 19:34:32.316,1.6561,1.65635,8.00,48.70
2007.06.28 19:34:32.420,1.656,1.65635,46.30,56.70
2007.06.28 19:34:34.031,1.65605,1.65635,0.80,60.70
2007.06.28 19:34:34.233,1.656,1.65635,46.30,60.70
2007.06.28 19:34:35.254,1.656,1.65635,17.60,60.70
2007.06.28 19:34:35.297,1.656,1.6563,13.60,59.90
2007.06.28 19:34:35.359,1.656,1.6562,5.60,0.60
2007.06.28 19:34:35.392,1.65595,1.6562,5.60,0.50
2007.06.28 19:34:42.200,1.656,1.65625,1.60,9.60
2007.06.28 19:34:42.242,1.656,1.6563,7.20,59.90
2007.06.28 19:34:42.263,1.656,1.6562,15.20,0.70
2007.06.28 19:34:42.367,1.656,1.6563,23.20,59.90
2007.06.28 19:34:42.396,1.656,1.6563,23.20,0.60
2007.06.28 19:34:42.440,1.656,1.6563,39.10,0.80
2007.06.28 19:34:45.323,1.656,1.6563,39.10,0.60
2007.06.28 19:35:07.480,1.656,1.6563,39.10,55.90
2007.06.28 19:35:12.710,1.656,1.6563,39.10,0.60
2007.06.28 19:35:14.693,1.656,1.65635,37.50,60.70
2007.06.28 19:35:14.712,1.656,1.6563,29.50,0.90
2007.06.28 19:35:15.339,1.656,1.65635,31.90,60.70
2007.06.28 19:35:15.413,1.656,1.65635,16.00,60.70
2007.06.28 19:35:15.414,1.656,1.65635,10.40,60.70
2007.06.28 19:35:15.506,1.656,1.6562,10.40,0.60
2007.06.28 19:35:15.818,1.656,1.6563,8.00,59.90
2007.06.28 19:35:17.474,1.656,1.6562,13.60,0.60
2007.06.28 19:35:17.673,1.656,1.6563,15.20,59.90
2007.06.28 19:35:17.700,1.656,1.6563,23.20,59.90
2007.06.28 19:35:18.534,1.656,1.6563,39.10,59.90
2007.06.28 19:35:18.655,1.656,1.65635,39.10,60.70
2007.06.28 19:35:46.125,1.656,1.6563,15.20,24.80
2007.06.28 19:35:46.243,1.656,1.6563,15.20,40.70
2007.06.28 19:35:46.267,1.656,1.6562,15.20,4.00
2007.06.28 19:35:46.286,1.656,1.6562,9.60,4.00
2007.06.28 19:35:46.324,1.656,1.6562,14.40,22.30
2007.06.28 19:35:46.361,1.656,1.6562,14.40,24.70
2007.06.28 19:35:48.206,1.656,1.6562,4.80,34.30
2007.06.28 19:35:48.695,1.656,1.6562,12.80,26.30
2007.06.28 19:35:48.726,1.656,1.6562,14.40,24.70
2007.06.28 19:36:02.801,1.656,1.6562,15.20,24.70
2007.06.28 19:36:02.915,1.656,1.6562,15.20,24.70
2007.06.28 19:36:02.933,1.656,1.6562,16.00,24.70
2007.06.28 19:36:02.976,1.656,1.6562,15.20,24.70
2007.06.28 19:36:03.077,1.656,1.6562,16.00,24.70
2007.06.28 19:36:03.210,1.656,1.6562,16.80,22.30
2007.06.28 19:36:03.312,1.656,1.6562,23.20,22.30
2007.06.28 19:36:03.320,1.656,1.6562,25.60,22.30
2007.06.28 19:36:03.358,1.656,1.6562,25.60,4.00
2007.06.28 19:36:03.419,1.656,1.6562,26.40,4.00
2007.06.28 19:36:04.655,1.6561,1.6562,1.60,4.00
2007.06.28 19:36:05.171,1.656,1.6562,19.20,4.00
2007.06.28 19:36:05.313,1.656,1.6562,16.80,4.00
2007.06.28 19:36:05.395,1.656,1.6562,15.20,4.00
2007.06.28 19:36:05.477,1.656,1.6562,13.60,4.00
2007.06.28 19:36:05.486,1.656,1.6562,15.20,22.30
2007.06.28 19:36:05.514,1.656,1.6562,14.40,22.30
2007.06.28 19:36:05.673,1.656,1.6562,12.00,24.70
2007.06.28 19:36:05.854,1.656,1.6562,1.60,14.40
2007.06.28 19:36:05.972,1.656,1.6562,1.60,0.50
2007.06.28 19:36:06.199,1.656,1.65625,1.60,22.40
2007.06.28 19:36:06.720,1.6559,1.6562,34.40,0.50
2007.06.28 19:36:06.795,1.6559,1.65625,26.40,26.40
2007.06.28 19:36:06.871,1.6559,1.65625,20.00,26.40
2007.06.28 19:36:06.997,1.6559,1.65625,54.30,52.70
2007.06.28 19:36:07.101,1.6559,1.65625,53.50,52.70
2007.06.28 19:36:07.118,1.6559,1.6562,52.70,0.90
2007.06.28 19:36:07.132,1.6559,1.6562,58.30,0.60
2007.06.28 19:36:07.221,1.6559,1.6562,50.30,46.30
2007.06.28 19:36:07.304,1.6559,1.6562,18.40,54.30
2007.06.28 19:36:07.395,1.6559,1.6562,12.80,59.90
2007.06.28 19:36:09.259,1.6559,1.6562,14.40,59.90
2007.06.28 19:36:09.357,1.6559,1.6562,15.20,59.90
2007.06.28 19:36:09.398,1.6559,1.6561,21.60,0.80
2007.06.28 19:36:09.476,1.6559,1.6562,23.20,59.90
2007.06.28 19:36:09.575,1.656,1.6561,2.40,0.90
2007.06.28 19:36:09.696,1.6559,1.6561,23.20,0.50
2007.06.28 19:36:09.727,1.6559,1.6562,20.80,54.30
2007.06.28 19:36:09.795,1.656,1.65625,1.60,59.10
2007.06.28 19:36:10.019,1.656,1.65625,1.60,24.80
2007.06.28 19:36:10.454,1.656,1.65625,12.00,31.10
2007.06.28 19:36:10.504,1.656,1.6562,12.00,0.80
2007.06.28 19:36:11.109,1.656,1.65625,9.60,43.10
2007.06.28 19:36:12.767,1.656,1.65625,8.00,44.70
2007.06.28 19:36:12.794,1.6559,1.6562,60.70,0.60
2007.06.28 19:36:13.266,1.656,1.6562,1.60,0.80
2007.06.28 19:36:13.297,1.656,1.6562,9.60,0.90
2007.06.28 19:36:13.379,1.656,1.65625,1.60,24.80
2007.06.28 19:36:13.984,1.656,1.65625,9.60,43.10
2007.06.28 19:36:14.199,1.656,1.65625,8.00,44.70
2007.06.28 19:36:14.240,1.6559,1.65625,60.70,52.70
2007.06.28 19:36:14.651,1.6559,1.65625,52.70,60.70
2007.06.28 19:36:14.669,1.6559,1.6562,48.70,0.70
2007.06.28 19:36:19.869,1.6559,1.6562,47.90,0.60
2007.06.28 19:36:19.880,1.6559,1.6562,47.10,0.80
2007.06.28 19:36:19.928,1.6559,1.6562,46.30,0.90
2007.06.28 19:36:20.180,1.6559,1.6561,42.30,0.90
2007.06.28 19:36:20.260,1.6559,1.6562,18.40,54.30
2007.06.28 19:36:28.416,1.6559,1.6562,12.80,59.90
2007.06.28 19:36:31.255,1.6559,1.6562,18.40,54.30
2007.06.28 19:36:31.406,1.6559,1.6562,14.40,54.30
2007.06.28 19:36:31.488,1.6559,1.6562,15.20,54.30
2007.06.28 19:36:31.517,1.6559,1.6561,17.60,0.60
2007.06.28 19:36:31.547,1.6559,1.6562,18.40,54.30
2007.06.28 19:36:31.662,1.656,1.6561,1.60,0.70
2007.06.28 19:36:31.769,1.656,1.65625,1.60,26.40
2007.06.28 19:36:31.953,1.656,1.6562,12.00,0.80
2007.06.28 19:36:32.251,1.656,1.65625,4.00,52.70
2007.06.28 19:36:32.268,1.656,1.65625,2.40,52.70
2007.06.28 19:36:32.386,1.6559,1.65625,60.70,52.70
2007.06.28 19:36:34.245,1.6559,1.6562,59.90,42.30
2007.06.28 19:36:34.343,1.6559,1.6562,59.10,42.30
2007.06.28 19:36:34.382,1.6559,1.6562,58.30,42.30
2007.06.28 19:36:34.684,1.6559,1.6561,50.30,4.00
2007.06.28 19:36:34.740,1.6559,1.6561,16.00,4.00
2007.06.28 19:36:35.201,1.656,1.6561,1.60,4.00
2007.06.28 19:36:35.410,1.656,1.6561,9.60,4.00
2007.06.28 19:36:35.672,1.656,1.6561,12.00,4.00
2007.06.28 19:36:35.708,1.656,1.6562,12.00,50.30
2007.06.28 19:36:35.894,1.656,1.6562,12.00,42.30
2007.06.28 19:36:41.407,1.656,1.6562,12.00,34.30
2007.06.28 19:36:47.178,1.656,1.6562,9.60,34.30
2007.06.28 19:36:49.120,1.65595,1.6562,15.20,34.30
2007.06.28 19:36:50.160,1.656,1.6562,9.60,32.70
2007.06.28 19:36:50.271,1.656,1.6562,9.60,24.70
2007.06.28 19:36:55.214,1.656,1.6562,9.60,26.30
2007.06.28 19:36:55.245,1.656,1.6562,9.60,34.30
2007.06.28 19:36:57.180,1.656,1.6561,1.60,2.40
2007.06.28 19:36:57.261,1.65595,1.6561,5.60,6.40
2007.06.28 19:36:57.320,1.6559,1.6561,14.40,6.40
2007.06.28 19:36:57.393,1.6559,1.6561,16.80,35.10
2007.06.28 19:36:57.664,1.6559,1.6561,16.80,37.50
2007.06.28 19:37:00.128,1.6559,1.6561,16.80,35.10
2007.06.28 19:37:00.182,1.6559,1.65605,16.00,0.80
2007.06.28 19:37:00.346,1.6559,1.65605,15.20,0.80
2007.06.28 19:37:00.367,1.6559,1.65605,31.10,0.80
2007.06.28 19:37:00.393,1.6559,1.65605,35.90,0.80
2007.06.28 19:37:00.455,1.6559,1.65605,17.60,0.80
2007.06.28 19:37:00.696,1.6559,1.6561,17.60,3.20
2007.06.28 19:37:00.863,1.6559,1.6561,12.00,3.20
2007.06.28 19:37:01.518,1.6559,1.6561,9.60,0.80
2007.06.28 19:37:01.616,1.6559,1.6561,8.00,4.80
2007.06.28 19:37:02.004,1.6558,1.6561,54.30,15.20
2007.06.28 19:37:02.038,1.6558,1.6561,51.90,15.20
2007.06.28 19:37:02.193,1.6558,1.6561,43.90,15.20
2007.06.28 19:37:02.216,1.6558,1.6561,42.30,15.20
2007.06.28 19:37:02.233,1.6558,1.6561,42.30,20.80
2007.06.28 19:37:02.298,1.6558,1.6561,18.40,20.80
2007.06.28 19:37:02.321,1.6558,1.6561,16.00,20.80
2007.06.28 19:37:02.447,1.6558,1.6561,16.00,15.20
2007.06.28 19:37:02.534,1.6558,1.6561,16.80,15.20
2007.06.28 19:37:02.623,1.6558,1.6561,18.40,15.20
2007.06.28 19:37:02.645,1.6558,1.6561,20.80,15.20
2007.06.28 19:37:02.713,1.6558,1.6561,22.40,15.20
2007.06.28 19:37:02.751,1.6558,1.6561,24.00,15.20
2007.06.28 19:37:02.762,1.6558,1.6561,24.80,15.20
2007.06.28 19:37:02.827,1.6558,1.6561,32.80,15.20
2007.06.28 19:37:02.962,1.6559,1.6561,8.00,4.80
2007.06.28 19:37:04.365,1.6558,1.6561,43.90,15.20
2007.06.28 19:37:04.395,1.6558,1.6561,39.90,15.20
2007.06.28 19:37:04.692,1.6558,1.6561,16.00,15.20
2007.06.28 19:37:05.730,1.6558,1.6561,28.00,15.20
2007.06.28 19:37:05.795,1.65585,1.6561,5.60,15.20
2007.06.28 19:37:05.855,1.6559,1.6561,8.00,4.80
2007.06.28 19:37:06.648,1.65585,1.6561,5.60,9.60
2007.06.28 19:37:06.745,1.65585,1.656,5.60,4.00
2007.06.28 19:37:06.818,1.6558,1.656,12.00,4.00
2007.06.28 19:37:07.255,1.6558,1.656,14.40,4.00
2007.06.28 19:37:08.194,1.6559,1.656,1.60,4.00
2007.06.28 19:37:08.284,1.6559,1.656,2.40,4.00
2007.06.28 19:37:08.320,1.6559,1.656,3.20,4.00
2007.06.28 19:37:08.416,1.6559,1.656,4.00,4.00
2007.06.28 19:37:08.496,1.6559,1.65605,4.00,0.80
2007.06.28 19:37:08.719,1.6559,1.6561,4.00,26.70
2007.06.28 19:37:08.783,1.6559,1.656,4.00,0.50
2007.06.28 19:37:08.866,1.6559,1.656,14.40,0.50
2007.06.28 19:37:09.306,1.6559,1.656,16.80,0.50
2007.06.28 19:37:10.174,1.6559,1.6561,14.00,6.40
2007.06.28 19:37:10.235,1.656,1.6561,1.60,2.40
2007.06.28 19:37:10.574,1.656,1.6561,9.20,2.40
2007.06.28 19:37:10.639,1.656,1.65615,9.20,0.80
2007.06.28 19:37:10.746,1.656,1.65615,7.60,0.80
2007.06.28 19:37:10.821,1.6559,1.65615,55.90,0.80
2007.06.28 19:37:11.163,1.6559,1.6562,53.50,50.70
2007.06.28 19:37:11.188,1.6559,1.6562,47.90,51.50
2007.06.28 19:37:11.240,1.6559,1.6562,16.00,60.30
2007.06.28 19:37:11.262,1.6559,1.6561,10.40,4.00
2007.06.28 19:37:11.345,1.6559,1.6561,2.40,4.00
2007.06.28 19:37:21.121,1.6559,1.6561,2.40,6.40
2007.06.28 19:37:21.239,1.6559,1.6561,2.40,38.30
2007.06.28 19:37:21.248,1.6559,1.6561,2.40,42.30
2007.06.28 19:37:21.346,1.6559,1.6561,2.40,16.00
2007.06.28 19:37:26.267,1.6559,1.6561,2.40,16.80
2007.06.28 19:37:26.299,1.6559,1.6561,2.40,23.20
2007.06.28 19:37:26.400,1.6559,1.6561,2.40,24.00
2007.06.28 19:37:26.476,1.6558,1.6561,42.30,58.30
2007.06.28 19:37:26.543,1.6558,1.6561,41.50,58.30
2007.06.28 19:37:26.565,1.6558,1.6561,40.70,58.30
2007.06.28 19:37:26.681,1.6558,1.656,36.70,4.00
2007.06.28 19:37:26.698,1.6558,1.656,34.30,4.00
2007.06.28 19:37:26.875,1.6558,1.656,10.40,4.00
2007.06.28 19:37:27.184,1.6558,1.656,8.00,4.00
2007.06.28 19:37:27.787,1.6557,1.656,59.90,12.00
2007.06.28 19:37:30.618,1.6558,1.656,5.60,12.00
2007.06.28 19:37:30.756,1.6558,1.656,13.60,4.00
2007.06.28 19:37:30.960,1.6558,1.656,16.00,4.00
2007.06.28 19:37:31.230,1.6558,1.656,19.20,4.00
2007.06.28 19:37:31.270,1.6558,1.656,31.20,4.00
2007.06.28 19:37:31.405,1.6558,1.656,32.00,4.00
2007.06.28 19:37:31.431,1.6558,1.6561,32.00,50.70
2007.06.28 19:37:31.517,1.6558,1.6561,47.90,50.70
2007.06.28 19:37:32.245,1.6558,1.6561,50.30,50.70
2007.06.28 19:37:33.175,1.6558,1.6561,48.70,50.70
2007.06.28 19:37:33.226,1.6558,1.6561,47.90,50.70
2007.06.28 19:37:33.228,1.6558,1.6561,46.30,50.70
2007.06.28 19:37:33.420,1.65575,1.6561,51.10,50.70
2007.06.28 19:37:33.572,1.6558,1.6561,3.90,56.30
2007.06.28 19:37:33.692,1.6558,1.6561,10.40,56.30
2007.06.28 19:37:33.724,1.65575,1.6561,42.30,56.30
2007.06.28 19:37:33.745,1.65575,1.6561,16.00,56.30
2007.06.28 19:37:33.782,1.6558,1.656,5.30,4.00
2007.06.28 19:37:34.280,1.6558,1.656,3.50,4.00
2007.06.28 19:37:34.720,1.65595,1.6561,0.80,53.90
2007.06.28 19:37:34.736,1.65595,1.6561,0.80,14.00
2007.06.28 19:37:34.817,1.6559,1.6561,16.00,6.00
2007.06.28 19:37:36.710,1.65585,1.6561,24.00,6.00
2007.06.28 19:37:36.764,1.65585,1.6561,44.70,6.00
2007.06.28 19:37:36.813,1.6559,1.6561,4.70,6.00
2007.06.28 19:37:37.121,1.6559,1.6561,13.60,6.00
2007.06.28 19:37:37.167,1.65585,1.6561,38.30,6.80
2007.06.28 19:37:37.225,1.65585,1.6561,40.70,7.60
2007.06.28 19:37:37.279,1.65585,1.6561,40.70,8.40
2007.06.28 19:37:37.639,1.6559,1.6561,0.90,8.40
2007.06.28 19:37:37.709,1.6559,1.6561,5.60,8.40
2007.06.28 19:37:37.737,1.65585,1.656,16.80,4.00
2007.06.28 19:37:37.792,1.65585,1.656,8.80,12.00
2007.06.28 19:37:38.209,1.6559,1.656,0.90,12.00
2007.06.28 19:37:38.454,1.6557,1.656,40.00,12.00
2007.06.28 19:37:43.899,1.6557,1.656,61.50,4.00
2007.06.28 19:37:47.119,1.6558,1.656,1.60,5.60
2007.06.28 19:37:47.266,1.65565,1.656,26.40,13.60
2007.06.28 19:37:47.312,1.65565,1.6559,26.40,4.00
2007.06.28 19:37:47.343,1.65565,1.6559,24.00,4.00
2007.06.28 19:37:47.493,1.65565,1.6559,34.40,22.30
2007.06.28 19:37:48.623,1.65575,1.6559,2.00,22.30
2007.06.28 19:37:48.800,1.65575,1.656,2.00,17.20
2007.06.28 19:37:48.912,1.6558,1.656,2.10,4.40
2007.06.28 19:37:49.329,1.6557,1.656,54.30,6.80
2007.06.28 19:37:49.823,1.65575,1.656,3.10,14.80
2007.06.28 19:37:49.829,1.6557,1.656,1.50,20.40
2007.06.28 19:37:55.694,1.65565,1.656,16.00,20.40
2007.06.28 19:37:55.741,1.6557,1.6559,5.00,4.00
2007.06.28 19:37:55.937,1.6557,1.6559,1.20,4.00
2007.06.28 19:37:57.569,1.65565,1.6559,1.20,4.00
2007.06.28 19:37:57.663,1.6556,1.6559,58.30,6.40
2007.06.28 19:37:57.689,1.65565,1.6559,3.20,8.00
2007.06.28 19:37:57.742,1.65555,1.6559,59.10,13.60
2007.06.28 19:37:57.798,1.6556,1.6559,11.00,45.50
2007.06.28 19:37:57.902,1.6556,1.6559,19.20,53.50
2007.06.28 19:37:58.291,1.6556,1.6559,14.50,55.90
2007.06.28 19:38:00.276,1.65555,1.6559,48.70,50.30
2007.06.28 19:38:00.726,1.65555,1.6559,51.10,50.30
2007.06.28 19:38:00.782,1.6556,1.6559,4.60,55.90
2007.06.28 19:38:03.172,1.6556,1.6559,15.20,56.70
2007.06.28 19:38:03.202,1.6556,1.6558,12.70,1.60
2007.06.28 19:38:03.276,1.6556,1.6558,3.90,1.60
2007.06.28 19:38:03.347,1.65555,1.6558,16.80,1.60
2007.06.28 19:38:03.405,1.6556,1.6558,3.40,5.60
2007.06.28 19:38:03.493,1.6556,1.6558,3.00,21.60
2007.06.28 19:38:03.575,1.6556,1.6558,1.00,37.50
2007.06.28 19:38:04.821,1.6556,1.6558,1.90,40.70
2007.06.28 19:38:04.834,1.6556,1.6558,7.10,41.50
2007.06.28 19:38:04.883,1.65555,1.6558,19.20,42.30
2007.06.28 19:38:05.155,1.65555,1.6558,13.60,42.30
2007.06.28 19:38:05.245,1.6556,1.6558,2.60,42.30
2007.06.28 19:38:08.187,1.65555,1.6558,5.60,41.50
2007.06.28 19:38:08.222,1.65555,1.6558,5.60,40.70
2007.06.28 19:38:08.255,1.65555,1.6558,11.20,39.90
2007.06.28 19:38:08.304,1.65555,1.6558,19.20,39.90
2007.06.28 19:38:08.404,1.6556,1.6558,6.10,31.90
2007.06.28 19:38:08.696,1.65555,1.6558,20.80,31.90
2007.06.28 19:38:08.796,1.65555,1.6558,44.70,2.40
2007.06.28 19:38:09.212,1.65555,1.65585,44.70,0.80
2007.06.28 19:38:09.716,1.65555,1.6559,48.70,59.50
2007.06.28 19:38:09.731,1.65555,1.6559,16.80,25.20
2007.06.28 19:38:09.760,1.65555,1.6559,20.80,25.20
2007.06.28 19:38:09.926,1.6556,1.6559,11.20,25.20
2007.06.28 19:38:10.305,1.6556,1.6559,19.20,19.60
2007.06.28 19:38:10.342,1.6557,1.6559,1.00,19.60
2007.06.28 19:38:10.467,1.6557,1.6559,1.50,40.30
2007.06.28 19:38:10.541,1.6557,1.6559,0.60,46.70
2007.06.28 19:38:10.848,1.65565,1.6559,11.20,45.10
2007.06.28 19:38:18.654,1.6557,1.6559,3.40,45.10
2007.06.28 19:38:18.793,1.6557,1.6559,1.30,45.10
2007.06.28 19:38:20.275,1.65565,1.6559,20.80,44.30
2007.06.28 19:38:20.314,1.6557,1.6559,3.20,43.50
2007.06.28 19:38:20.362,1.65565,1.6559,20.80,42.70
2007.06.28 19:38:21.919,1.6557,1.6559,7.10,34.70
2007.06.28 19:38:22.307,1.6557,1.6559,0.50,34.70
2007.06.28 19:38:23.675,1.6557,1.6559,14.40,35.50
2007.06.28 19:38:23.689,1.6557,1.6559,14.40,36.30
2007.06.28 19:38:23.712,1.6557,1.6559,14.40,37.10
2007.06.28 19:38:25.257,1.6557,1.6559,14.40,36.30
2007.06.28 19:38:25.325,1.6557,1.6559,14.40,35.50
2007.06.28 19:38:25.421,1.6557,1.6559,14.40,34.70
2007.06.28 19:38:39.792,1.6557,1.6559,12.80,34.70
2007.06.28 19:38:39.868,1.6557,1.6559,4.80,34.70
2007.06.28 19:38:40.229,1.6557,1.6559,6.40,34.70
2007.06.28 19:38:40.302,1.6557,1.6559,14.40,34.70
2007.06.28 19:38:40.730,1.6557,1.6559,12.80,34.70
2007.06.28 19:38:40.800,1.6557,1.6559,4.80,34.70
2007.06.28 19:38:43.754,1.6557,1.6559,2.80,34.70
2007.06.28 19:38:45.164,1.65565,1.6559,12.80,34.70
2007.06.28 19:38:45.273,1.65565,1.6559,20.80,34.70
2007.06.28 19:38:58.657,1.65565,1.6558,18.40,5.60
2007.06.28 19:38:58.664,1.65565,1.6558,8.00,5.60
2007.06.28 19:39:02.813,1.65565,1.6558,0.80,5.60
2007.06.28 19:39:03.422,1.65555,1.6558,21.60,5.60
2007.06.28 19:39:04.125,1.65555,1.6558,20.00,5.60
2007.06.28 19:39:04.282,1.65555,1.6558,25.60,5.60
2007.06.28 19:39:09.735,1.65555,1.6558,27.20,5.60
2007.06.28 19:39:09.935,1.65555,1.6558,27.20,5.60
2007.06.28 19:39:10.242,1.6556,1.6558,23.20,5.60
2007.06.28 19:39:14.243,1.6557,1.6558,1.60,5.60
2007.06.28 19:39:33.741,1.6557,1.6558,1.60,4.00
2007.06.28 19:39:34.363,1.6557,1.6558,1.60,5.60
2007.06.28 19:39:34.675,1.6557,1.6558,1.60,4.00
2007.06.28 19:39:35.725,1.6557,1.6558,1.60,5.60
2007.06.28 19:39:38.343,1.6557,1.6558,0.70,5.60
2007.06.28 19:39:40.669,1.6556,1.6558,23.20,5.60
2007.06.28 19:39:42.197,1.6556,1.6558,23.20,6.40
2007.06.28 19:39:42.290,1.6556,1.6558,17.60,7.20
2007.06.28 19:39:42.302,1.6556,1.6558,16.00,6.40
2007.06.28 19:39:42.472,1.6556,1.6558,16.00,7.20
2007.06.28 19:39:42.492,1.65555,1.6558,25.60,8.00
2007.06.28 19:39:42.808,1.6556,1.6558,15.80,18.40
2007.06.28 19:39:43.863,1.6556,1.6558,13.80,8.00
2007.06.28 19:39:44.324,1.65555,1.6558,40.70,8.00
2007.06.28 19:39:44.349,1.6556,1.6558,4.50,8.40
2007.06.28 19:39:45.311,1.65555,1.6558,40.70,8.00
2007.06.28 19:39:46.430,1.6556,1.6558,2.90,8.00
2007.06.28 19:39:50.776,1.6556,1.6558,2.70,16.00
2007.06.28 19:39:51.178,1.65555,1.6558,8.00,16.00
2007.06.28 19:39:51.554,1.65555,1.6558,5.60,16.00
2007.06.28 19:39:54.150,1.65555,1.6558,3.20,18.40
2007.06.28 19:39:54.245,1.6556,1.6557,1.50,2.40
2007.06.28 19:39:54.278,1.6555,1.6557,33.60,3.20
2007.06.28 19:39:54.377,1.6555,1.6556,28.00,2.40
2007.06.28 19:39:54.868,1.65545,1.6556,21.60,2.40
2007.06.28 19:39:54.905,1.65545,1.6556,27.20,2.40
2007.06.28 19:39:55.186,1.65545,1.6556,26.40,2.40
2007.06.28 19:39:55.471,1.6555,1.6556,7.40,2.40
2007.06.28 19:39:56.215,1.6555,1.6556,4.60,2.40
2007.06.28 19:39:56.446,1.65545,1.6556,34.40,2.40
2007.06.28 19:39:56.632,1.6555,1.6556,4.40,2.40
2007.06.28 19:39:57.541,1.65555,1.6556,0.80,2.40
2007.06.28 19:39:59.763,1.6555,1.6557,24.00,5.60
2007.06.28 19:40:08.205,1.6555,1.6557,23.20,5.60
2007.06.28 19:40:08.256,1.6555,1.6557,17.60,5.60
2007.06.28 19:40:08.294,1.6555,1.6557,16.00,5.60
2007.06.28 19:40:08.524,1.6555,1.6557,18.40,5.60
2007.06.28 19:40:09.122,1.6555,1.6557,17.60,5.60
2007.06.28 19:40:09.215,1.6555,1.6557,17.60,6.40
2007.06.28 19:40:09.233,1.6555,1.6557,17.60,7.20
2007.06.28 19:40:09.253,1.6555,1.6557,20.00,8.00
2007.06.28 19:40:11.753,1.6555,1.6557,21.60,7.20
2007.06.28 19:40:11.913,1.6555,1.6557,27.20,6.40
2007.06.28 19:40:11.945,1.6555,1.6557,27.20,5.60
2007.06.28 19:40:12.073,1.6555,1.6557,35.20,5.60
2007.06.28 19:40:12.167,1.6556,1.6557,1.60,5.60
2007.06.28 19:40:12.689,1.65555,1.6557,0.80,5.60
2007.06.28 19:40:20.159,1.6555,1.6557,35.90,5.60
2007.06.28 19:40:20.262,1.6555,1.6557,35.90,6.40
2007.06.28 19:40:20.263,1.6555,1.6557,35.90,7.20
2007.06.28 19:40:20.334,1.6555,1.6557,20.00,7.20
2007.06.28 19:40:20.361,1.6555,1.6557,20.00,8.00
2007.06.28 19:40:21.691,1.6555,1.6557,20.00,7.20
2007.06.28 19:40:21.703,1.6555,1.6557,21.60,6.40
2007.06.28 19:40:21.722,1.6555,1.6557,21.60,5.60
2007.06.28 19:40:21.814,1.6555,1.6557,29.60,5.60
2007.06.28 19:40:21.928,1.6555,1.6557,22.40,5.60
2007.06.28 19:40:22.310,1.65555,1.6557,0.80,5.60
2007.06.28 19:40:22.437,1.65555,1.65575,0.80,6.40
2007.06.28 19:40:24.177,1.65555,1.6557,0.80,0.80
2007.06.28 19:40:24.275,1.65555,1.6557,0.80,0.80
2007.06.28 19:40:24.288,1.65555,1.65575,0.80,8.80
2007.06.28 19:40:24.374,1.65555,1.6557,0.80,0.70
2007.06.28 19:40:24.490,1.6555,1.65575,19.20,35.10
2007.06.28 19:40:25.725,1.6555,1.6557,16.80,0.50
2007.06.28 19:40:25.823,1.6555,1.65575,16.80,37.50
2007.06.28 19:40:26.148,1.6555,1.6557,19.20,0.60
2007.06.28 19:40:26.162,1.6555,1.6557,19.20,0.50
2007.06.28 19:40:26.249,1.6555,1.6556,19.20,0.80
2007.06.28 19:40:26.291,1.6555,1.6556,18.40,0.70
2007.06.28 19:40:26.521,1.6555,1.6557,5.60,17.60
2007.06.28 19:40:26.657,1.6555,1.6557,5.60,17.60
2007.06.28 19:40:27.324,1.6555,1.6556,4.80,0.50
2007.06.28 19:40:27.586,1.6555,1.6557,2.40,17.60
2007.06.28 19:40:28.094,1.6554,1.6557,28.80,17.60
2007.06.28 19:40:28.307,1.6554,1.6556,20.80,0.60
2007.06.28 19:40:28.592,1.65545,1.65565,0.80,6.40
2007.06.28 19:40:32.588,1.6555,1.65565,2.40,6.40
2007.06.28 19:40:37.668,1.65545,1.65565,0.80,6.40
2007.06.28 19:40:56.260,1.6555,1.6556,1.60,5.60
2007.06.28 19:40:58.181,1.6555,1.6557,4.00,17.60
2007.06.28 19:40:58.202,1.6555,1.6557,4.00,16.00
2007.06.28 19:40:58.257,1.6555,1.6557,4.00,10.40
2007.06.28 19:40:58.330,1.6555,1.6557,38.30,2.40
2007.06.28 19:40:59.197,1.6555,1.6558,38.30,57.50
2007.06.28 19:41:02.248,1.6555,1.6558,38.30,47.90
2007.06.28 19:41:02.443,1.6555,1.6558,43.90,38.30
2007.06.28 19:41:02.801,1.6555,1.6558,51.90,14.40
2007.06.28 19:41:03.197,1.6555,1.6558,51.90,12.00
2007.06.28 19:41:03.318,1.6555,1.6558,51.90,4.00
2007.06.28 19:41:03.459,1.65555,1.6558,5.60,4.00
2007.06.28 19:41:03.680,1.65555,1.6558,5.60,14.40
2007.06.28 19:41:03.702,1.6555,1.6558,51.90,14.40
2007.06.28 19:41:03.796,1.6555,1.6558,51.90,16.00
2007.06.28 19:41:03.854,1.6555,1.6558,43.90,39.90
2007.06.28 19:41:03.924,1.6555,1.6558,43.90,47.90
2007.06.28 19:41:03.989,1.6555,1.6558,38.30,53.50
2007.06.28 19:41:04.304,1.6555,1.6558,38.30,55.90
2007.06.28 19:41:05.879,1.6555,1.6558,38.30,59.90
2007.06.28 19:41:13.094,1.6555,1.6558,38.30,55.90
2007.06.28 19:41:52.537,1.6555,1.6558,38.30,56.70
2007.06.28 19:41:52.606,1.6555,1.6558,38.30,57.50
2007.06.28 19:41:52.773,1.6555,1.6558,38.30,58.30
2007.06.28 19:42:00.207,1.6555,1.6558,38.30,58.70
2007.06.28 19:42:04.240,1.6555,1.65585,38.30,63.50
2007.06.28 19:42:25.182,1.6555,1.6558,39.10,58.70
2007.06.28 19:42:29.488,1.65545,1.6558,49.50,58.70
2007.06.28 19:43:20.190,1.6555,1.6558,39.10,59.50
2007.06.28 19:43:20.205,1.6555,1.6558,39.10,60.30
2007.06.28 19:43:27.226,1.6555,1.6558,39.10,28.40
2007.06.28 19:43:27.308,1.6555,1.6558,39.10,28.00
2007.06.28 19:43:31.901,1.6555,1.6558,39.10,59.90
2007.06.28 19:43:31.941,1.6555,1.6558,39.10,60.30
2007.06.28 19:43:32.771,1.6555,1.6558,12.80,28.40
2007.06.28 19:43:32.841,1.6555,1.6558,39.10,28.40
2007.06.28 19:43:38.808,1.6555,1.65585,39.10,33.20
2007.06.28 19:43:40.988,1.6555,1.6558,39.10,0.50
2007.06.28 19:43:41.018,1.6555,1.65585,39.10,34.80
2007.06.28 19:43:45.259,1.6555,1.6558,39.10,0.90
2007.06.28 19:43:45.271,1.6555,1.65575,37.50,8.80
2007.06.28 19:43:45.317,1.6555,1.6557,3.20,0.90
2007.06.28 19:43:45.483,1.6555,1.6557,3.20,16.00
2007.06.28 19:43:45.686,1.6555,1.6556,3.20,0.70
2007.06.28 19:43:45.841,1.6555,1.6556,3.20,0.80
2007.06.28 19:43:56.674,1.6555,1.6557,4.80,16.40
2007.06.28 19:43:56.888,1.6555,1.6557,15.20,43.50
2007.06.28 19:43:57.187,1.6555,1.6556,15.20,0.50
2007.06.28 19:43:57.305,1.6555,1.65585,39.10,33.60
2007.06.28 19:43:57.698,1.6555,1.65585,39.10,28.00
2007.06.28 19:44:06.147,1.6555,1.6559,36.70,44.80
2007.06.28 19:44:06.168,1.6555,1.65575,36.70,6.10
2007.06.28 19:44:06.221,1.6555,1.6557,4.80,13.30
2007.06.28 19:44:06.243,1.6555,1.6557,3.20,17.30
2007.06.28 19:44:08.869,1.6555,1.6556,1.60,0.50
2007.06.28 19:44:10.479,1.6554,1.6556,20.80,0.50
2007.06.28 19:44:24.136,1.6555,1.6556,0.80,2.00
2007.06.28 19:44:25.530,1.6554,1.6556,15.20,6.00
2007.06.28 19:44:26.278,1.65535,1.6556,33.60,6.00
2007.06.28 19:44:26.374,1.6554,1.6556,3.60,32.30
2007.06.28 19:44:29.440,1.65535,1.6556,33.60,6.00
2007.06.28 19:44:30.412,1.6554,1.6556,1.30,32.30
2007.06.28 19:44:37.625,1.6554,1.6556,15.20,32.30
2007.06.28 19:44:37.789,1.6554,1.6556,15.20,14.00
2007.06.28 19:44:38.843,1.6554,1.6556,15.20,34.70
2007.06.28 19:44:43.735,1.6554,1.6556,15.20,32.30
2007.06.28 19:44:45.240,1.6554,1.6556,15.20,31.90
2007.06.28 19:44:45.425,1.6554,1.6556,14.80,31.90
2007.06.28 19:44:50.135,1.65535,1.6556,21.20,31.90
2007.06.28 19:44:51.943,1.6554,1.6556,0.80,34.30
2007.06.28 19:44:51.992,1.6554,1.6556,5.20,36.70
2007.06.28 19:44:52.019,1.6554,1.6556,2.60,37.50
2007.06.28 19:44:52.115,1.65535,1.6556,21.20,35.90
2007.06.28 19:44:52.141,1.6554,1.6556,1.30,35.10
2007.06.28 19:44:52.572,1.65535,1.6556,21.20,34.30
2007.06.28 19:44:53.327,1.6554,1.6556,2.10,16.00
2007.06.28 19:44:53.470,1.6554,1.6556,4.00,16.80
2007.06.28 19:44:53.778,1.6554,1.6556,2.00,17.60
2007.06.28 19:44:54.241,1.65535,1.6556,15.60,16.80
2007.06.28 19:44:54.375,1.65535,1.6556,15.60,16.00
2007.06.28 19:44:54.643,1.65535,1.6556,5.60,42.30
2007.06.28 19:44:54.691,1.6554,1.6556,0.80,44.70
2007.06.28 19:44:54.738,1.6553,1.6556,56.70,52.70
2007.06.28 19:44:54.820,1.6554,1.6556,0.80,58.30
2007.06.28 19:44:55.756,1.6553,1.6556,41.50,57.50
2007.06.28 19:44:55.845,1.6553,1.6556,47.10,56.70
2007.06.28 19:44:55.959,1.65525,1.6556,49.50,56.70
2007.06.28 19:44:56.018,1.65525,1.6556,49.50,55.90
2007.06.28 19:44:56.138,1.6553,1.6556,1.40,21.60
2007.06.28 19:44:56.343,1.6554,1.6556,2.50,39.90
2007.06.28 19:44:56.355,1.65535,1.6556,16.00,34.30
2007.06.28 19:44:56.401,1.65535,1.6556,17.60,31.90
2007.06.28 19:44:56.511,1.6554,1.6556,5.80,31.90
2007.06.28 19:44:58.856,1.6554,1.6556,6.30,32.70
2007.06.28 19:44:58.948,1.65535,1.6556,21.60,32.70
2007.06.28 19:44:59.163,1.65535,1.6556,21.60,31.90
2007.06.28 19:45:04.103,1.6554,1.6556,2.50,31.90
2007.06.28 19:45:04.220,1.6554,1.6556,9.90,16.00
2007.06.28 19:45:04.235,1.6554,1.6556,38.30,16.00
2007.06.28 19:45:04.322,1.6554,1.6556,23.20,5.60
2007.06.28 19:45:04.524,1.65545,1.6556,1.60,5.60
2007.06.28 19:45:10.218,1.6554,1.6556,16.80,8.00
2007.06.28 19:45:10.330,1.6554,1.6556,8.80,16.00
2007.06.28 19:45:10.407,1.6555,1.6556,0.80,21.60
2007.06.28 19:45:10.515,1.6553,1.6556,9.60,21.60
2007.06.28 19:45:11.144,1.6554,1.6556,2.40,20.00
2007.06.28 19:45:11.188,1.6554,1.6556,2.40,14.40
2007.06.28 19:45:11.268,1.65535,1.6556,8.80,14.40
2007.06.28 19:45:11.376,1.65535,1.6556,9.60,14.40
2007.06.28 19:45:11.434,1.65535,1.6556,10.40,14.40
2007.06.28 19:45:11.481,1.65535,1.6556,28.80,6.40
2007.06.28 19:45:11.655,1.65535,1.6556,28.80,4.00
2007.06.28 19:45:12.259,1.6554,1.6556,3.50,4.00
2007.06.28 19:45:26.650,1.6554,1.6556,24.80,4.00
2007.06.28 19:45:26.715,1.6554,1.6556,24.00,5.60
2007.06.28 19:45:26.819,1.6554,1.6556,23.20,5.60
2007.06.28 19:45:26.876,1.6554,1.6556,15.20,31.90
2007.06.28 19:45:29.661,1.6554,1.6556,11.20,34.30
2007.06.28 19:45:29.805,1.6554,1.6556,3.20,42.30
2007.06.28 19:45:29.889,1.6554,1.6556,0.80,16.00
2007.06.28 19:45:33.270,1.6554,1.6556,0.80,14.40
2007.06.28 19:45:34.213,1.6554,1.6556,2.40,14.40
2007.06.28 19:45:34.224,1.6554,1.6556,2.40,16.00
2007.06.28 19:45:34.258,1.6554,1.6556,2.40,21.60
2007.06.28 19:45:34.307,1.6554,1.6555,2.40,4.00
2007.06.28 19:45:34.717,1.6554,1.6555,0.80,4.00
2007.06.28 19:45:34.829,1.6554,1.6555,0.80,22.30
2007.06.28 19:45:35.462,1.6553,1.6555,27.20,22.30
2007.06.28 19:45:35.553,1.6553,1.6555,24.80,22.30
2007.06.28 19:45:35.635,1.6553,1.6555,24.80,19.90
2007.06.28 19:45:35.758,1.6553,1.6555,24.80,15.90
2007.06.28 19:45:35.790,1.6554,1.6556,8.00,16.00
2007.06.28 19:45:35.803,1.6554,1.6556,13.60,10.40
2007.06.28 19:45:35.850,1.6554,1.6556,13.60,4.00
2007.06.28 19:45:36.162,1.6554,1.6556,13.60,2.40
2007.06.28 19:45:36.405,1.6554,1.6557,13.60,20.80
2007.06.28 19:45:36.582,1.6554,1.6557,13.60,0.90
2007.06.28 19:45:36.674,1.65545,1.65575,5.60,12.00
2007.06.28 19:45:37.218,1.65545,1.65575,5.60,8.00
2007.06.28 19:45:37.834,1.6555,1.6557,8.00,2.40
2007.06.28 19:45:37.859,1.6555,1.6557,13.60,2.40
2007.06.28 19:45:38.519,1.6555,1.6558,13.60,17.60
2007.06.28 19:45:41.126,1.6555,1.6558,13.60,20.00
2007.06.28 19:45:41.209,1.6555,1.6557,13.60,4.00
2007.06.28 19:45:41.363,1.6555,1.6557,5.60,4.00
2007.06.28 19:45:41.527,1.65545,1.6557,5.60,4.00
2007.06.28 19:45:43.742,1.6554,1.6557,51.90,4.00
2007.06.28 19:45:43.940,1.6554,1.6557,51.90,12.00
2007.06.28 19:45:45.321,1.65545,1.6557,5.60,12.00
2007.06.28 19:45:45.375,1.65545,1.6557,5.60,4.00
2007.06.28 19:45:48.867,1.65545,1.6557,5.60,12.00
2007.06.28 19:45:48.964,1.6554,1.6557,51.90,12.00
2007.06.28 19:45:52.125,1.6554,1.6557,20.80,12.00
2007.06.28 19:45:52.173,1.6554,1.6557,24.80,12.00
2007.06.28 19:45:52.252,1.6554,1.6557,48.70,12.00
2007.06.28 19:45:52.276,1.6555,1.6557,1.60,8.00
2007.06.28 19:45:52.336,1.6555,1.65575,35.90,5.60
2007.06.28 19:45:52.388,1.6555,1.65575,38.30,5.60
2007.06.28 19:45:52.420,1.6555,1.6558,38.30,59.90
2007.06.28 19:46:01.158,1.6555,1.6558,38.30,58.30
2007.06.28 19:46:01.305,1.6555,1.6558,38.30,56.70
2007.06.28 19:46:02.815,1.6555,1.6558,38.30,55.90
2007.06.28 19:46:02.892,1.6555,1.6558,43.90,55.90
2007.06.28 19:46:03.040,1.6555,1.6558,38.30,55.90
2007.06.28 19:46:03.216,1.6555,1.6558,38.30,56.70
2007.06.28 19:46:03.270,1.6555,1.6558,38.30,57.50
2007.06.28 19:46:03.306,1.6555,1.6558,38.30,58.30
2007.06.28 19:46:07.630,1.65545,1.6558,48.70,58.30
2007.06.28 19:46:11.780,1.6555,1.6558,38.30,55.90
2007.06.28 19:46:12.160,1.6555,1.6558,38.30,56.70
2007.06.28 19:46:12.264,1.6555,1.6558,38.30,57.50
2007.06.28 19:46:12.447,1.6555,1.6558,38.30,58.30
2007.06.28 19:46:16.649,1.6555,1.6558,38.30,57.50
2007.06.28 19:46:16.677,1.6555,1.6558,38.30,56.70
2007.06.28 19:46:16.879,1.6555,1.6558,38.30,55.90
2007.06.28 19:46:20.204,1.6555,1.6558,38.30,56.70
2007.06.28 19:46:20.258,1.6555,1.6558,38.30,57.50
2007.06.28 19:46:20.293,1.6555,1.6558,38.30,58.30
2007.06.28 19:46:24.712,1.6555,1.6557,36.70,1.60
2007.06.28 19:46:24.913,1.6555,1.6557,28.70,1.60
2007.06.28 19:46:25.119,1.6555,1.6557,2.40,9.60
2007.06.28 19:46:25.212,1.6555,1.6557,2.40,10.40
2007.06.28 19:46:25.339,1.6555,1.6557,2.40,11.20
2007.06.28 19:46:25.358,1.6555,1.6557,2.40,12.00
2007.06.28 19:46:25.423,1.6555,1.6557,2.40,16.00
2007.06.28 19:46:25.535,1.6555,1.6557,20.70,16.00
2007.06.28 19:46:25.621,1.6555,1.6557,18.30,16.00
2007.06.28 19:46:25.681,1.6555,1.6557,2.40,16.00
2007.06.28 19:46:26.340,1.6555,1.6557,2.40,18.40
2007.06.28 19:46:27.636,1.6555,1.6557,10.40,17.60
2007.06.28 19:46:27.689,1.6555,1.6557,12.00,17.60
2007.06.28 19:46:27.786,1.6555,1.6557,12.00,16.00
2007.06.28 19:46:28.187,1.6555,1.6557,14.40,12.00
2007.06.28 19:46:28.194,1.6555,1.6557,15.20,12.00
2007.06.28 19:46:28.303,1.6555,1.6557,15.20,8.00
2007.06.28 19:46:28.310,1.6555,1.6557,31.90,8.00
2007.06.28 19:46:28.381,1.6555,1.65575,31.90,6.40
2007.06.28 19:46:28.398,1.6555,1.65575,32.70,6.40
2007.06.28 19:46:28.454,1.6555,1.65575,32.70,0.80
2007.06.28 19:46:28.593,1.6555,1.6558,32.70,55.90
2007.06.28 19:46:28.666,1.6555,1.6558,40.70,55.90
2007.06.28 19:46:30.161,1.6555,1.6558,40.70,53.50
2007.06.28 19:46:30.433,1.6555,1.6558,40.70,55.90
2007.06.28 19:46:36.148,1.6556,1.6558,1.60,54.30
2007.06.28 19:46:36.274,1.6556,1.6558,1.60,17.60
2007.06.28 19:46:36.377,1.6556,1.6558,1.60,12.00
2007.06.28 19:46:36.450,1.6556,1.6558,9.60,4.00
2007.06.28 19:46:36.469,1.6556,1.6559,9.60,47.90
2007.06.28 19:46:36.664,1.6556,1.6559,9.60,24.00
2007.06.28 19:46:36.668,1.6556,1.6559,9.60,21.60
2007.06.28 19:46:36.759,1.6556,1.6559,33.50,55.90
2007.06.28 19:46:38.718,1.6556,1.6559,31.90,55.90
2007.06.28 19:46:38.804,1.6556,1.6559,23.90,55.90
2007.06.28 19:46:39.197,1.6556,1.6559,31.90,55.90
2007.06.28 19:46:39.226,1.6556,1.6559,33.50,55.90
2007.06.28 19:46:41.708,1.6556,1.6559,9.60,21.60
2007.06.28 19:46:42.332,1.6556,1.6559,12.00,21.60
2007.06.28 19:46:45.136,1.6556,1.656,12.00,67.10
2007.06.28 19:46:59.124,1.65565,1.6559,0.80,0.90
2007.06.28 19:46:59.231,1.6557,1.6559,1.60,0.60
2007.06.28 19:46:59.326,1.6557,1.6559,4.00,0.90
2007.06.28 19:46:59.661,1.6557,1.656,4.00,65.50
2007.06.28 19:46:59.761,1.6557,1.656,14.40,63.90
2007.06.28 19:46:59.785,1.6557,1.65595,14.40,35.10
2007.06.28 19:47:00.278,1.6557,1.65595,14.40,35.50
2007.06.28 19:47:00.369,1.6557,1.6559,14.40,0.50
2007.06.28 19:47:05.626,1.6557,1.6559,12.00,0.50
2007.06.28 19:47:05.642,1.6557,1.6559,12.00,0.50
2007.06.28 19:47:05.700,1.6557,1.65595,1.60,30.00
2007.06.28 19:47:05.721,1.65565,1.6558,5.60,9.60
2007.06.28 19:47:05.905,1.6556,1.6558,13.60,15.20
2007.06.28 19:47:05.925,1.6556,1.6557,5.60,0.80
2007.06.28 19:47:06.123,1.6556,1.6558,4.00,25.60
2007.06.28 19:47:06.459,1.6556,1.65575,1.60,4.80
2007.06.28 19:47:09.134,1.6556,1.65585,4.00,20.00
2007.06.28 19:47:09.163,1.6556,1.6559,4.00,61.10
2007.06.28 19:47:09.359,1.6556,1.65595,38.30,64.30
2007.06.28 19:47:09.428,1.6556,1.65595,38.30,60.30
2007.06.28 19:47:09.481,1.6556,1.65595,38.30,57.90
2007.06.28 19:47:11.385,1.6556,1.656,38.30,70.30
2007.06.28 19:47:11.467,1.6556,1.656,38.30,71.90
2007.06.28 19:47:11.612,1.6556,1.6559,38.30,0.90
2007.06.28 19:47:11.896,1.6556,1.6559,38.30,0.50
2007.06.28 19:47:13.196,1.6556,1.6559,0.70,0.50
2007.06.28 19:47:14.303,1.6556,1.6559,38.30,56.30
2007.06.28 19:47:16.658,1.65565,1.6559,0.80,56.30
2007.06.28 19:47:16.711,1.65565,1.6559,0.80,22.00
2007.06.28 19:47:16.723,1.65565,1.6559,6.40,16.40
2007.06.28 19:47:16.772,1.6557,1.6559,1.60,16.40
2007.06.28 19:47:16.796,1.6557,1.6559,12.00,34.70
2007.06.28 19:47:19.635,1.6557,1.65585,12.00,0.80
2007.06.28 19:47:19.739,1.6557,1.6558,1.60,5.60
2007.06.28 19:47:20.735,1.6556,1.6558,16.80,8.00
2007.06.28 19:47:20.792,1.6556,1.6558,11.20,8.00
2007.06.28 19:47:20.858,1.6556,1.6558,13.60,34.30
2007.06.28 19:47:21.168,1.6556,1.6558,12.00,34.30
2007.06.28 19:47:21.801,1.6556,1.6558,12.00,34.70
2007.06.28 19:47:23.274,1.6556,1.6558,12.00,32.30
2007.06.28 19:47:23.726,1.6556,1.6558,14.40,26.70
2007.06.28 19:47:23.752,1.6556,1.6558,14.40,18.70
2007.06.28 19:47:23.933,1.6556,1.6558,30.30,2.80
2007.06.28 19:47:24.149,1.6556,1.6558,12.00,0.50
2007.06.28 19:47:26.151,1.6556,1.6558,9.60,0.50
2007.06.28 19:47:26.257,1.6556,1.6558,9.60,8.40
2007.06.28 19:47:26.276,1.6556,1.6558,12.00,34.70
2007.06.28 19:47:46.732,1.6556,1.6558,10.40,34.70
2007.06.28 19:47:46.747,1.6556,1.6558,2.40,42.70
2007.06.28 19:47:46.866,1.65555,1.6558,5.60,16.40
2007.06.28 19:47:46.902,1.6555,1.6558,20.80,16.40
2007.06.28 19:47:47.174,1.6555,1.6558,46.30,50.70
2007.06.28 19:47:47.661,1.6555,1.6558,47.90,50.70
2007.06.28 19:47:47.725,1.6555,1.6558,48.70,50.70
2007.06.28 19:47:47.757,1.6555,1.6558,49.50,50.70
2007.06.28 19:47:47.816,1.6555,1.6558,51.10,50.70
2007.06.28 19:47:47.898,1.6555,1.6558,51.90,50.70
2007.06.28 19:47:48.586,1.6555,1.6558,50.30,50.70
2007.06.28 19:47:48.688,1.6555,1.6558,48.70,50.70
2007.06.28 19:47:48.747,1.6555,1.6558,47.90,50.70
2007.06.28 19:47:48.755,1.6555,1.6558,47.10,56.30
2007.06.28 19:47:48.780,1.6555,1.6558,46.30,56.30
2007.06.28 19:47:50.098,1.6555,1.6558,43.90,56.30
2007.06.28 19:47:50.216,1.6555,1.6557,42.30,4.00
2007.06.28 19:47:50.263,1.6555,1.6557,13.60,4.00
2007.06.28 19:47:50.287,1.6555,1.6557,8.00,4.00
2007.06.28 19:47:51.319,1.6555,1.6557,13.60,4.00
2007.06.28 19:47:51.400,1.6555,1.6558,13.60,14.80
2007.06.28 19:47:51.679,1.6555,1.6558,21.60,14.80
2007.06.28 19:47:51.700,1.6555,1.6558,24.00,10.80
2007.06.28 19:47:51.806,1.6555,1.6558,51.10,10.80
2007.06.28 19:47:51.822,1.6556,1.6558,5.60,10.80
2007.06.28 19:47:53.142,1.6556,1.6557,5.60,4.00
2007.06.28 19:47:53.372,1.6555,1.6557,16.80,4.00
2007.06.28 19:47:53.450,1.6555,1.6557,14.40,4.00
2007.06.28 19:48:22.669,1.6555,1.6557,14.40,5.60
2007.06.28 19:48:22.693,1.6555,1.6557,13.60,5.60
2007.06.28 19:48:22.779,1.6555,1.6557,12.00,5.60
2007.06.28 19:48:22.973,1.6555,1.6557,14.40,31.90
2007.06.28 19:48:23.195,1.6555,1.6557,10.40,34.30
2007.06.28 19:48:23.220,1.6555,1.6557,8.00,34.30
2007.06.28 19:48:23.256,1.6555,1.6557,8.00,34.70
2007.06.28 19:48:23.339,1.6554,1.6557,46.30,42.70
2007.06.28 19:48:23.424,1.6554,1.6557,46.30,50.70
2007.06.28 19:48:33.719,1.6554,1.6557,46.30,56.30
2007.06.28 19:48:34.705,1.6554,1.6557,28.00,22.00
2007.06.28 19:48:34.738,1.65545,1.6557,5.60,16.40
2007.06.28 19:48:34.807,1.6555,1.6557,10.40,34.70
2007.06.28 19:48:34.864,1.6555,1.6557,12.00,32.30
2007.06.28 19:48:35.289,1.6555,1.6557,14.40,32.30
2007.06.28 19:48:42.736,1.6555,1.6557,14.40,24.30
2007.06.28 19:48:42.762,1.6555,1.6557,14.40,18.70
2007.06.28 19:48:42.842,1.6555,1.6557,38.30,0.50
2007.06.28 19:48:47.227,1.6555,1.6557,22.40,0.50
2007.06.28 19:48:47.320,1.6555,1.6557,22.40,6.00
2007.06.28 19:48:47.464,1.6555,1.6557,14.40,32.30
2007.06.28 19:48:56.797,1.6555,1.6557,14.40,0.50
2007.06.28 19:49:15.684,1.6555,1.6557,14.40,26.70
2007.06.28 19:49:15.791,1.6555,1.6557,30.30,2.80
2007.06.28 19:49:15.901,1.6555,1.6557,38.30,0.50
2007.06.28 19:49:36.645,1.6555,1.6557,38.30,2.00
2007.06.28 19:49:36.754,1.6555,1.6557,22.40,2.00
2007.06.28 19:49:36.849,1.6555,1.6557,14.40,28.30
2007.06.28 19:49:36.931,1.6555,1.6557,14.40,32.30
2007.06.28 19:49:37.236,1.6555,1.6556,12.80,1.60
2007.06.28 19:49:37.245,1.6555,1.6556,2.40,1.60
2007.06.28 19:49:37.449,1.6555,1.6556,2.40,5.60
2007.06.28 19:49:37.581,1.6555,1.6556,2.40,6.00
2007.06.28 19:49:37.656,1.65545,1.6556,0.80,6.00
2007.06.28 19:49:37.758,1.6554,1.6556,25.60,6.00
2007.06.28 19:49:37.858,1.6554,1.6556,20.00,6.00
2007.06.28 19:49:37.915,1.6554,1.6556,10.40,6.00
2007.06.28 19:49:38.162,1.6554,1.6556,10.40,6.80
2007.06.28 19:49:38.222,1.6554,1.6556,10.40,7.60
2007.06.28 19:49:38.367,1.6554,1.6556,6.40,8.40
2007.06.28 19:49:38.653,1.6554,1.6555,6.40,2.40
2007.06.28 19:49:38.690,1.65545,1.6555,0.80,2.40
2007.06.28 19:49:38.905,1.65545,1.6556,0.80,16.40
2007.06.28 19:49:38.927,1.65545,1.6556,0.80,6.00
2007.06.28 19:49:45.498,1.65545,1.6556,0.80,5.60
2007.06.28 19:49:48.226,1.6554,1.6556,15.60,5.60
2007.06.28 19:49:48.238,1.6554,1.6556,13.20,5.60
2007.06.28 19:49:48.334,1.6553,1.6556,49.90,51.10
2007.06.28 19:49:48.408,1.6553,1.6556,45.90,51.10
2007.06.28 19:49:48.436,1.6553,1.6556,43.50,51.10
2007.06.28 19:49:51.649,1.6553,1.6556,43.50,53.50
2007.06.28 19:49:51.674,1.6553,1.6556,43.50,55.90
2007.06.28 19:49:51.756,1.6553,1.6556,45.90,55.90
2007.06.28 19:49:51.878,1.6553,1.6556,40.70,55.90
2007.06.28 19:49:53.158,1.6553,1.6556,40.70,56.70
2007.06.28 19:49:53.186,1.6553,1.6555,40.70,1.60
2007.06.28 19:49:53.289,1.6553,1.6555,12.00,1.60
2007.06.28 19:49:53.384,1.6553,1.6555,12.00,5.60
2007.06.28 19:49:53.396,1.6553,1.6555,16.80,37.50
2007.06.28 19:49:55.646,1.6553,1.6555,16.80,40.70
2007.06.28 19:49:55.689,1.6553,1.6555,15.20,41.50
2007.06.28 19:49:55.696,1.6553,1.6555,15.20,42.30
2007.06.28 19:49:55.776,1.6553,1.6555,7.20,42.30
2007.06.28 19:49:55.845,1.6553,1.6555,4.80,42.30
2007.06.28 19:49:57.623,1.6553,1.6555,4.80,43.10
2007.06.28 19:49:57.699,1.6553,1.6555,4.80,43.90
2007.06.28 19:49:58.091,1.6553,1.6555,6.40,43.90
2007.06.28 19:49:58.219,1.6553,1.6555,6.40,42.30
2007.06.28 19:49:58.238,1.6553,1.6555,8.00,40.70
2007.06.28 19:49:58.284,1.6553,1.6555,8.00,39.90
2007.06.28 19:49:58.341,1.6553,1.6555,16.00,39.90
2007.06.28 19:49:58.458,1.6553,1.6555,34.30,24.00
2007.06.28 19:49:58.544,1.6553,1.6555,39.50,24.00
2007.06.28 19:49:58.670,1.6554,1.6555,2.40,5.60
2007.06.28 19:49:58.765,1.6554,1.6555,2.40,4.00
2007.06.28 19:49:58.858,1.6554,1.65555,2.40,0.80
2007.06.28 19:49:59.702,1.65535,1.6555,0.80,1.60
2007.06.28 19:50:00.086,1.6553,1.6555,10.40,1.60
2007.06.28 19:50:00.185,1.6553,1.6555,10.40,4.80
2007.06.28 19:50:00.294,1.6553,1.6555,10.40,5.60
2007.06.28 19:50:00.502,1.6553,1.6555,10.40,9.60
2007.06.28 19:50:00.712,1.6553,1.6555,36.70,20.00
2007.06.28 19:50:00.813,1.6553,1.6555,32.70,20.00
2007.06.28 19:50:02.397,1.6553,1.6556,32.70,69.50
2007.06.28 19:50:03.206,1.6553,1.65555,32.70,22.40
2007.06.28 19:50:03.714,1.6553,1.6555,30.30,0.80
2007.06.28 19:50:03.906,1.6553,1.6554,30.30,0.70
2007.06.28 19:50:05.323,1.6552,1.6554,16.00,0.70
2007.06.28 19:50:08.647,1.6552,1.6555,16.00,44.80
2007.06.28 19:50:08.665,1.6552,1.6554,17.60,0.70
2007.06.28 19:50:08.768,1.6552,1.6554,17.60,0.80
2007.06.28 19:50:08.790,1.6552,1.65545,23.20,6.40
2007.06.28 19:50:09.178,1.6553,1.6554,2.40,0.70
2007.06.28 19:50:09.287,1.6553,1.65545,2.40,0.80
2007.06.28 19:50:10.310,1.6553,1.65555,2.40,25.60
2007.06.28 19:50:13.171,1.6553,1.65555,2.40,24.00
2007.06.28 19:50:13.248,1.6553,1.6555,2.40,0.90
2007.06.28 19:50:13.883,1.6553,1.65555,4.80,22.40
2007.06.28 19:50:13.976,1.6553,1.6555,4.80,16.00
2007.06.28 19:50:14.069,1.6553,1.6555,4.80,16.80
2007.06.28 19:50:14.165,1.6553,1.6554,4.80,0.90
2007.06.28 19:50:14.246,1.6553,1.6554,2.40,0.90
2007.06.28 19:50:14.288,1.65525,1.6555,0.80,27.20
2007.06.28 19:50:14.553,1.65525,1.6555,0.80,36.00
2007.06.28 19:50:14.646,1.65525,1.6555,0.80,71.10
2007.06.28 19:50:14.749,1.65525,1.6554,0.80,0.70
2007.06.28 19:50:14.773,1.65525,1.6554,0.80,0.50
2007.06.28 19:50:14.858,1.6552,1.6554,36.70,0.70
2007.06.28 19:50:15.502,1.6552,1.6554,36.70,0.70
2007.06.28 19:50:15.674,1.6552,1.65545,36.70,19.20
2007.06.28 19:50:15.680,1.6552,1.6554,36.70,0.90
2007.06.28 19:50:15.717,1.6552,1.6554,36.70,0.70
2007.06.28 19:50:15.799,1.6552,1.6554,16.00,0.50
2007.06.28 19:50:15.872,1.6552,1.6554,16.00,0.90
2007.06.28 19:50:15.949,1.6552,1.65545,21.60,6.40
2007.06.28 19:50:15.977,1.65525,1.65545,0.80,6.40
2007.06.28 19:50:16.190,1.6553,1.65545,2.40,0.80
2007.06.28 19:50:16.295,1.6553,1.65555,2.40,20.80
2007.06.28 19:50:16.389,1.6553,1.6555,2.40,0.50
2007.06.28 19:50:16.853,1.6553,1.65555,4.80,25.60
2007.06.28 19:50:18.129,1.6553,1.6555,4.80,0.60
2007.06.28 19:50:18.454,1.6553,1.6555,4.80,18.40
2007.06.28 19:50:18.563,1.6553,1.65555,4.80,19.20
2007.06.28 19:50:18.786,1.6553,1.65555,7.20,16.80
2007.06.28 19:50:18.826,1.6553,1.6555,12.80,8.00
2007.06.28 19:50:18.862,1.6553,1.6555,14.40,9.60
2007.06.28 19:50:18.910,1.6553,1.6554,14.40,0.50
2007.06.28 19:50:19.018,1.6553,1.6554,16.80,0.60
2007.06.28 19:50:19.169,1.6553,1.65555,16.80,39.10
2007.06.28 19:50:19.196,1.6553,1.65555,24.80,39.10
2007.06.28 19:50:19.327,1.6553,1.6555,30.40,0.70
2007.06.28 19:50:19.383,1.6553,1.65555,12.00,14.40
2007.06.28 19:50:19.778,1.6553,1.65555,14.40,6.40
2007.06.28 19:50:20.089,1.6553,1.65555,18.40,6.40
2007.06.28 19:50:21.169,1.6553,1.65555,18.40,7.20
2007.06.28 19:50:21.180,1.6553,1.6555,18.40,0.80
2007.06.28 19:50:21.387,1.6553,1.6555,18.40,0.70
2007.06.28 19:50:21.650,1.6553,1.6556,14.40,28.80
2007.06.28 19:50:21.693,1.6553,1.6556,12.80,30.40
2007.06.28 19:50:21.697,1.6553,1.6556,18.40,40.00
2007.06.28 19:50:22.671,1.6553,1.6556,12.80,40.00
2007.06.28 19:50:25.872,1.6553,1.6555,7.20,0.80
2007.06.28 19:50:26.184,1.6553,1.65555,4.80,47.90
2007.06.28 19:50:28.184,1.6553,1.65555,2.40,51.10
2007.06.28 19:50:28.205,1.6552,1.65555,25.60,25.60
2007.06.28 19:50:28.287,1.6552,1.6554,25.60,0.80
2007.06.28 19:50:28.296,1.6552,1.6553,25.60,0.80
2007.06.28 19:50:28.688,1.6553,1.6555,2.40,0.50
2007.06.28 19:50:28.713,1.6553,1.65555,4.80,48.70
2007.06.28 19:50:29.306,1.6553,1.6555,4.80,0.60
2007.06.28 19:50:29.323,1.6553,1.6555,4.80,0.70
2007.06.28 19:50:32.173,1.6553,1.6555,4.80,43.10
2007.06.28 19:50:32.192,1.6553,1.6555,4.80,42.30
2007.06.28 19:50:33.670,1.6553,1.6555,2.40,42.30
2007.06.28 19:50:33.773,1.6553,1.6554,2.40,1.60
2007.06.28 19:50:33.865,1.65525,1.6554,0.80,1.60
2007.06.28 19:50:34.156,1.6552,1.6554,14.40,1.60
2007.06.28 19:50:34.475,1.6552,1.6554,14.40,5.60
2007.06.28 19:50:34.571,1.6552,1.6554,14.40,6.40
2007.06.28 19:50:34.664,1.6552,1.6554,14.40,7.20
2007.06.28 19:50:34.676,1.6552,1.6554,14.40,8.00
2007.06.28 19:50:35.172,1.6552,1.6554,10.40,8.00
2007.06.28 19:50:35.187,1.6552,1.6554,16.00,8.00
2007.06.28 19:50:38.167,1.6552,1.6554,13.60,10.40
2007.06.28 19:50:38.255,1.6552,1.6553,13.60,0.80
2007.06.28 19:50:38.347,1.6552,1.6553,13.60,1.60
2007.06.28 19:50:38.366,1.6552,1.6553,13.60,2.40
2007.06.28 19:50:38.569,1.6552,1.6553,13.60,1.60
2007.06.28 19:50:38.678,1.6552,1.6553,13.60,0.80
2007.06.28 19:50:38.793,1.6552,1.6554,12.00,9.60
2007.06.28 19:50:39.153,1.6552,1.6554,14.40,8.00
2007.06.28 19:50:39.165,1.6552,1.6554,35.10,18.40
2007.06.28 19:50:39.374,1.6552,1.6554,14.40,8.00
2007.06.28 19:50:42.119,1.6552,1.6554,12.00,10.40
2007.06.28 19:50:42.246,1.6552,1.6553,12.00,0.80
2007.06.28 19:50:42.311,1.6552,1.6553,12.00,1.60
2007.06.28 19:50:42.333,1.6552,1.6553,32.70,1.60
2007.06.28 19:50:42.349,1.6552,1.6553,32.70,2.40
2007.06.28 19:50:42.418,1.6552,1.6553,32.70,6.40
2007.06.28 19:50:42.458,1.6552,1.6553,16.80,6.40
2007.06.28 19:50:42.554,1.6552,1.6553,16.80,5.60
2007.06.28 19:50:42.588,1.6552,1.6553,16.80,4.80
2007.06.28 19:50:42.636,1.6552,1.6553,19.20,4.00
2007.06.28 19:50:42.659,1.6552,1.6553,8.80,4.00
2007.06.28 19:50:42.741,1.6552,1.6554,8.80,5.60
2007.06.28 19:51:06.184,1.6552,1.6554,7.20,5.60
2007.06.28 19:51:10.600,1.6552,1.6554,8.00,5.60
2007.06.28 19:51:10.669,1.6552,1.6554,8.80,5.60
2007.06.28 19:51:10.706,1.6552,1.6554,9.60,5.60
2007.06.28 19:51:10.721,1.6553,1.6555,2.40,28.00
2007.06.28 19:51:10.787,1.6553,1.6555,2.40,27.20
2007.06.28 19:51:10.811,1.6553,1.6555,4.00,27.20
2007.06.28 19:51:10.902,1.6553,1.6555,4.00,19.20
2007.06.28 19:51:10.993,1.6553,1.6555,32.70,21.60
2007.06.28 19:51:11.027,1.6553,1.6555,38.30,16.00
2007.06.28 19:51:11.062,1.6553,1.6555,17.60,5.60
2007.06.28 19:51:11.190,1.6553,1.6555,19.20,5.60
2007.06.28 19:51:12.199,1.6553,1.6555,21.60,5.60
2007.06.28 19:51:12.219,1.6554,1.65555,2.40,0.80
2007.06.28 19:51:12.292,1.6554,1.65555,4.80,0.80
2007.06.28 19:51:12.419,1.6554,1.6556,4.80,37.50
2007.06.28 19:51:17.219,1.6554,1.6556,2.40,38.30
2007.06.28 19:51:17.284,1.6554,1.6556,2.40,41.50
2007.06.28 19:51:17.358,1.6553,1.6556,12.80,21.60
2007.06.28 19:51:17.422,1.6553,1.6555,12.80,4.00
2007.06.28 19:51:17.631,1.6553,1.6555,12.80,5.60
2007.06.28 19:51:18.119,1.6553,1.6555,8.80,5.60
2007.06.28 19:51:18.434,1.6553,1.6555,6.40,5.60
2007.06.28 19:51:21.714,1.6553,1.6555,8.00,5.60
2007.06.28 19:51:23.631,1.6553,1.6555,6.40,5.60
2007.06.28 19:51:23.728,1.6553,1.6555,10.40,5.60
2007.06.28 19:51:27.083,1.6553,1.6555,6.40,5.60
2007.06.28 19:51:27.227,1.6553,1.6555,8.00,5.60
2007.06.28 19:51:27.580,1.6553,1.6555,12.00,5.60
2007.06.28 19:51:30.365,1.6553,1.6554,12.00,2.40
2007.06.28 19:51:30.661,1.6553,1.6554,9.60,2.40
2007.06.28 19:51:30.756,1.6553,1.6554,8.00,8.00
2007.06.28 19:51:30.982,1.6553,1.6554,4.00,5.60
2007.06.28 19:51:31.068,1.6553,1.6554,1.60,5.60
2007.06.28 19:51:31.272,1.6553,1.6554,3.20,5.60
2007.06.28 19:51:31.366,1.6553,1.6554,1.60,5.60
2007.06.28 19:51:34.124,1.6553,1.6554,4.00,5.60
2007.06.28 19:51:34.231,1.6553,1.65545,4.00,0.80
2007.06.28 19:51:34.374,1.6553,1.65545,38.30,0.80
2007.06.28 19:51:35.100,1.6553,1.6556,38.30,58.30
2007.06.28 19:51:37.245,1.6553,1.6555,36.70,2.40
2007.06.28 19:51:37.301,1.6553,1.6555,28.70,3.20
2007.06.28 19:51:37.374,1.6553,1.6555,28.70,4.00
2007.06.28 19:51:37.435,1.6553,1.6555,28.70,8.00
2007.06.28 19:51:37.480,1.6553,1.6555,4.80,34.30
2007.06.28 19:51:37.649,1.6553,1.6555,4.80,35.90
2007.06.28 19:51:37.654,1.6553,1.6555,4.80,36.70
2007.06.28 19:51:37.957,1.6553,1.6555,4.80,37.50
2007.06.28 19:51:38.338,1.6553,1.6555,1.30,37.50
2007.06.28 19:51:42.201,1.65525,1.6555,11.20,36.70
2007.06.28 19:51:42.226,1.65525,1.6555,11.20,35.10
2007.06.28 19:51:42.309,1.65525,1.6555,11.20,34.30
2007.06.28 19:51:48.995,1.6553,1.6555,2.30,33.50
2007.06.28 19:51:49.026,1.65525,1.6555,11.20,32.70
2007.06.28 19:51:49.075,1.65525,1.6555,11.20,31.90
2007.06.28 19:51:50.184,1.6553,1.6555,1.70,29.50
2007.06.28 19:51:50.665,1.6553,1.6555,2.50,30.30
2007.06.28 19:51:50.721,1.65525,1.6555,11.20,31.10
2007.06.28 19:51:50.806,1.65525,1.6555,11.20,31.90
2007.06.28 19:51:50.817,1.65525,1.6555,11.20,34.30
2007.06.28 19:51:54.984,1.65525,1.6555,11.20,33.50
2007.06.28 19:51:55.002,1.65525,1.6555,11.20,32.70
2007.06.28 19:51:55.130,1.65525,1.6555,11.20,31.90
2007.06.28 19:51:55.475,1.6553,1.6555,1.30,29.50
2007.06.28 19:51:59.163,1.65525,1.6555,11.20,30.30
2007.06.28 19:51:59.189,1.65525,1.6555,11.20,31.10
2007.06.28 19:51:59.245,1.6553,1.6555,1.90,33.50
2007.06.28 19:51:59.364,1.65525,1.6555,11.20,34.30
2007.06.28 19:52:05.324,1.65525,1.6555,11.20,35.90
2007.06.28 19:52:05.378,1.65525,1.6555,11.20,37.50
2007.06.28 19:52:11.171,1.6553,1.6555,10.40,37.50
2007.06.28 19:52:11.198,1.6553,1.6555,14.40,37.50
2007.06.28 19:52:11.258,1.65535,1.6555,0.80,37.50
2007.06.28 19:52:11.319,1.65535,1.6555,0.80,11.20
2007.06.28 19:52:31.160,1.65535,1.6555,0.80,10.40
2007.06.28 19:52:31.267,1.65535,1.6555,0.80,8.80
2007.06.28 19:52:31.332,1.65535,1.6555,0.80,5.60
2007.06.28 19:52:31.677,1.6554,1.6555,2.40,1.60
2007.06.28 19:52:31.771,1.6554,1.65555,2.40,0.80
2007.06.28 19:52:31.858,1.6554,1.65555,4.80,0.80
2007.06.28 19:52:32.788,1.6554,1.6556,4.80,15.20
2007.06.28 19:52:42.657,1.6554,1.6556,4.80,16.00
2007.06.28 19:52:46.206,1.6554,1.6556,6.40,16.00
2007.06.28 19:52:46.343,1.6554,1.6556,14.40,16.00
2007.06.28 19:52:46.413,1.6554,1.6556,14.40,34.30
2007.06.28 19:52:46.602,1.6554,1.6556,12.00,34.30
2007.06.28 19:52:46.712,1.6554,1.6556,12.00,36.70
2007.06.28 19:52:48.643,1.6554,1.6555,12.80,1.60
2007.06.28 19:52:48.869,1.6554,1.6555,2.40,1.60
2007.06.28 19:52:49.214,1.6554,1.6555,2.40,4.00
2007.06.28 19:52:49.257,1.6554,1.6555,2.40,4.80
2007.06.28 19:52:49.341,1.65535,1.6555,0.80,4.80
2007.06.28 19:52:49.440,1.65535,1.6555,0.80,11.20
2007.06.28 19:52:49.448,1.65535,1.6555,0.80,10.40
2007.06.28 19:52:49.553,1.65535,1.6555,0.80,9.60
2007.06.28 19:52:52.771,1.65535,1.6556,0.80,33.60
2007.06.28 19:52:52.919,1.65535,1.6555,0.80,10.40
2007.06.28 19:52:52.995,1.65535,1.6555,0.80,11.20
2007.06.28 19:52:53.218,1.65535,1.6555,0.80,12.00
2007.06.28 19:52:53.303,1.65535,1.6555,0.80,12.80
2007.06.28 19:53:04.552,1.65535,1.6555,0.80,12.00
2007.06.28 19:53:04.642,1.65535,1.6555,0.80,10.40
2007.06.28 19:53:04.661,1.6554,1.6555,2.40,10.40
2007.06.28 19:53:04.738,1.6554,1.6555,2.40,9.60
2007.06.28 19:53:04.763,1.6554,1.6555,2.40,2.40
2007.06.28 19:53:04.956,1.6554,1.6555,12.80,1.60
2007.06.28 19:53:05.026,1.6554,1.6555,12.80,0.80
2007.06.28 19:53:05.071,1.6554,1.6556,12.80,35.90
2007.06.28 19:53:05.138,1.6554,1.6556,16.00,35.10
2007.06.28 19:53:05.184,1.65545,1.6556,0.80,35.90
2007.06.28 19:53:05.280,1.65545,1.6556,0.80,35.10
2007.06.28 19:53:05.371,1.65545,1.6556,0.80,7.20
2007.06.28 19:53:05.384,1.65545,1.6556,0.80,5.60
2007.06.28 19:53:15.734,1.6555,1.6556,1.60,4.00
2007.06.28 19:53:16.090,1.6555,1.6556,12.00,4.00
2007.06.28 19:53:16.449,1.6555,1.6557,12.00,44.70
2007.06.28 19:53:16.591,1.6555,1.6557,12.00,36.70
2007.06.28 19:53:19.213,1.6555,1.6557,14.40,28.70
2007.06.28 19:53:19.245,1.6555,1.6557,30.30,2.40
2007.06.28 19:53:19.341,1.6555,1.65575,30.30,5.60
2007.06.28 19:53:19.386,1.6555,1.6558,30.30,63.90
2007.06.28 19:53:19.464,1.6555,1.6558,38.30,59.90
2007.06.28 19:53:20.292,1.6555,1.6558,30.30,59.90
2007.06.28 19:53:20.404,1.6555,1.6558,28.70,59.90
2007.06.28 19:53:20.425,1.6555,1.65575,28.70,5.60
2007.06.28 19:53:20.630,1.6555,1.65575,20.70,5.60
2007.06.28 19:53:21.222,1.6555,1.6557,20.70,8.00
2007.06.28 19:53:21.236,1.6555,1.6557,20.70,11.20
2007.06.28 19:53:21.353,1.6555,1.6557,20.70,12.80
2007.06.28 19:53:21.528,1.6555,1.6557,2.40,12.80
2007.06.28 19:53:21.541,1.6555,1.6556,2.40,4.00
2007.06.28 19:53:21.636,1.65545,1.6556,4.80,5.60
2007.06.28 19:53:21.839,1.65545,1.6556,0.80,5.60
2007.06.28 19:53:22.673,1.65545,1.6556,0.80,4.00
2007.06.28 19:53:23.011,1.6555,1.6556,2.40,4.00
2007.06.28 19:53:23.482,1.6555,1.6557,2.40,42.30
2007.06.28 19:53:23.494,1.6555,1.6557,2.40,34.30
2007.06.28 19:53:26.152,1.6555,1.6556,2.40,1.60
2007.06.28 19:53:26.180,1.65545,1.6556,6.40,1.60
2007.06.28 19:53:26.198,1.65545,1.6556,0.80,1.60
2007.06.28 19:53:26.587,1.65545,1.6556,0.80,5.60
2007.06.28 19:53:29.665,1.6555,1.6556,1.60,4.00
2007.06.28 19:53:29.864,1.6555,1.6556,12.00,4.00
2007.06.28 19:53:30.494,1.6555,1.6557,12.00,42.30
2007.06.28 19:53:30.655,1.6555,1.6557,12.00,34.30
2007.06.28 19:53:46.481,1.6555,1.6557,12.00,16.00
2007.06.28 19:53:46.507,1.6555,1.6556,12.00,4.00
2007.06.28 19:53:46.728,1.6555,1.6556,10.40,5.60
2007.06.28 19:53:46.796,1.65545,1.6556,0.80,5.60
2007.06.28 19:53:47.657,1.6555,1.6556,1.60,4.00
2007.06.28 19:53:47.831,1.6555,1.6556,12.00,4.00
2007.06.28 19:53:48.452,1.6555,1.6557,12.00,42.30
2007.06.28 19:53:48.538,1.6555,1.6557,12.00,34.30
2007.06.28 19:53:51.696,1.65545,1.6556,0.80,1.60
2007.06.28 19:53:52.481,1.65545,1.6556,0.80,5.60
2007.06.28 19:53:54.269,1.6555,1.6556,1.60,5.60
2007.06.28 19:53:55.677,1.65545,1.6556,0.80,5.60
2007.06.28 19:53:57.814,1.6555,1.6556,1.60,5.60
2007.06.28 19:53:58.071,1.6555,1.6556,1.60,0.70
2007.06.28 19:54:13.196,1.65545,1.65565,0.80,6.40
2007.06.28 19:54:13.703,1.65545,1.65565,0.80,7.20
2007.06.28 19:54:13.723,1.65545,1.65565,0.80,8.00
2007.06.28 19:54:13.781,1.65545,1.65565,0.80,8.80
2007.06.28 19:54:14.419,1.65545,1.65565,0.80,9.60
2007.06.28 19:54:14.458,1.65545,1.65565,0.80,10.40
2007.06.28 19:54:14.747,1.6555,1.65565,1.60,10.40
2007.06.28 19:54:14.850,1.6555,1.6556,1.60,0.50
2007.06.28 19:54:15.034,1.6555,1.65565,1.60,8.80
2007.06.28 19:54:17.743,1.65545,1.6556,0.80,0.70
2007.06.28 19:54:17.925,1.65545,1.65565,0.80,8.00
2007.06.28 19:54:17.990,1.65545,1.6556,0.80,0.70
2007.06.28 19:54:18.050,1.65545,1.65565,0.80,6.40
2007.06.28 19:54:30.119,1.6555,1.6556,0.80,5.60
2007.06.28 19:54:30.295,1.65545,1.6556,1.60,5.60
2007.06.28 19:54:47.646,1.6555,1.6556,0.80,6.40
2007.06.28 19:54:47.651,1.6555,1.6556,0.80,7.20
2007.06.28 19:54:47.696,1.6555,1.6556,0.80,8.00
2007.06.28 19:55:04.659,1.6555,1.6556,2.40,8.00
2007.06.28 19:55:04.750,1.6555,1.6556,2.40,7.20
2007.06.28 19:55:04.847,1.6555,1.6556,2.40,6.40
2007.06.28 19:55:04.861,1.6555,1.6556,2.40,5.60
2007.06.28 19:55:08.752,1.6555,1.6556,0.80,5.60
2007.06.28 19:55:12.186,1.6555,1.6556,2.40,5.60
2007.06.28 19:55:16.701,1.6555,1.6556,2.40,4.00
2007.06.28 19:55:16.908,1.6555,1.6556,3.20,4.00
2007.06.28 19:55:17.113,1.6555,1.6556,2.40,4.00
2007.06.28 19:55:17.350,1.6555,1.6556,3.20,4.00
2007.06.28 19:55:17.370,1.6555,1.6556,4.00,4.00
2007.06.28 19:55:17.523,1.6555,1.6556,3.20,4.00
2007.06.28 19:55:17.620,1.6555,1.6556,4.00,4.00
2007.06.28 19:55:17.755,1.6555,1.6556,4.80,4.00
2007.06.28 19:55:18.037,1.6555,1.6556,15.20,4.00
2007.06.28 19:55:18.708,1.6555,1.65565,15.20,0.80
2007.06.28 19:55:18.835,1.6555,1.6557,14.40,15.20
2007.06.28 19:55:18.845,1.6555,1.6557,13.60,15.20
2007.06.28 19:55:19.218,1.6555,1.6557,12.80,15.20
2007.06.28 19:55:19.234,1.6555,1.6557,12.80,16.80
2007.06.28 19:55:19.309,1.6555,1.6557,12.80,27.10
2007.06.28 19:55:19.625,1.6555,1.6557,12.80,34.30
2007.06.28 19:55:21.173,1.6555,1.6557,12.80,24.70
2007.06.28 19:55:21.382,1.6555,1.6557,20.80,24.70
2007.06.28 19:55:22.395,1.65545,1.6557,27.20,24.70
2007.06.28 19:55:23.338,1.6555,1.6557,0.70,24.70
2007.06.28 19:55:24.374,1.65545,1.6557,27.20,24.70
2007.06.28 19:55:24.509,1.65545,1.6557,28.80,24.70
2007.06.28 19:55:24.666,1.6555,1.6557,23.20,24.70
2007.06.28 19:55:24.676,1.6555,1.6557,23.20,24.70
2007.06.28 19:55:24.812,1.6555,1.6557,23.20,24.70
2007.06.28 19:55:25.124,1.6556,1.6557,0.70,6.40
2007.06.28 19:55:25.229,1.6555,1.6557,22.40,4.00
2007.06.28 19:55:25.636,1.65555,1.6557,4.80,6.40
2007.06.28 19:55:25.692,1.65555,1.6557,4.00,6.40
2007.06.28 19:55:25.743,1.6556,1.6557,1.30,6.40
2007.06.28 19:55:25.760,1.6556,1.6557,1.20,6.40
2007.06.28 19:55:25.850,1.6555,1.6557,28.00,6.40
2007.06.28 19:55:26.160,1.6555,1.6557,26.40,8.00
2007.06.28 19:55:26.670,1.6555,1.6557,13.60,34.30
2007.06.28 19:55:28.094,1.65545,1.6557,19.20,34.30
2007.06.28 19:55:31.718,1.65545,1.6556,17.60,1.60
2007.06.28 19:55:31.973,1.6555,1.6556,0.80,1.60
2007.06.28 19:55:32.436,1.6555,1.6556,0.80,5.60
2007.06.28 19:55:32.734,1.65545,1.6556,3.20,4.00
2007.06.28 19:55:33.206,1.6555,1.6556,5.30,4.00
2007.06.28 19:55:33.354,1.65545,1.6557,19.20,42.30
2007.06.28 19:55:33.459,1.65545,1.6557,19.20,34.30
2007.06.28 19:55:38.848,1.65545,1.6557,19.20,35.10
2007.06.28 19:55:38.919,1.65545,1.6557,19.20,35.90
2007.06.28 19:55:39.018,1.65545,1.6557,19.20,36.70
2007.06.28 19:55:40.195,1.6555,1.6556,3.00,1.60
2007.06.28 19:55:40.357,1.6555,1.6556,0.80,1.60
2007.06.28 19:55:41.407,1.65545,1.6556,1.60,5.60
2007.06.28 19:55:41.659,1.65545,1.6556,1.60,6.40
2007.06.28 19:55:41.825,1.65545,1.6556,1.60,7.20
2007.06.28 19:55:41.838,1.6555,1.6556,0.80,8.00
2007.06.28 19:55:44.067,1.6555,1.6556,0.80,7.20
2007.06.28 19:55:44.135,1.65545,1.6556,1.60,6.40
2007.06.28 19:55:44.234,1.6555,1.6556,0.80,5.60
2007.06.28 19:56:04.747,1.6555,1.6556,2.40,4.00
2007.06.28 19:56:04.881,1.6555,1.6556,12.80,4.00
2007.06.28 19:56:05.457,1.6555,1.6557,12.80,42.30
2007.06.28 19:56:05.513,1.6555,1.6557,12.80,34.30
2007.06.28 19:56:15.200,1.6555,1.6557,12.80,26.30
2007.06.28 19:56:15.216,1.6555,1.6557,12.80,24.70
2007.06.28 19:56:22.596,1.6555,1.65575,12.80,31.10
2007.06.28 19:56:23.288,1.6555,1.65575,11.20,31.10
2007.06.28 19:56:27.206,1.6555,1.6557,13.60,0.80
2007.06.28 19:56:27.308,1.6555,1.65575,12.80,25.50
2007.06.28 19:56:28.221,1.6555,1.65575,20.80,7.20
2007.06.28 19:56:29.168,1.6555,1.65575,20.80,8.80
2007.06.28 19:56:29.257,1.6555,1.65575,21.60,8.80
2007.06.28 19:56:29.326,1.6555,1.65575,22.40,8.80
2007.06.28 19:56:29.359,1.6555,1.65575,23.20,14.40
2007.06.28 19:56:29.621,1.6555,1.6557,15.20,0.70
2007.06.28 19:56:29.681,1.6555,1.65575,15.20,39.10
2007.06.28 19:56:29.873,1.6555,1.65575,15.20,31.10
2007.06.28 19:56:43.989,1.6555,1.6557,14.40,0.70
2007.06.28 19:56:44.003,1.6555,1.65575,13.60,31.10
2007.06.28 19:56:44.163,1.6555,1.65575,12.80,31.10
2007.06.28 19:56:49.396,1.6555,1.6557,10.40,0.80
2007.06.28 19:56:52.223,1.6555,1.6557,10.40,8.00
2007.06.28 19:56:52.460,1.6555,1.6557,12.80,34.30
2007.06.28 19:57:07.219,1.6555,1.6557,11.20,34.30
2007.06.28 19:57:07.257,1.6555,1.6557,3.20,42.30
2007.06.28 19:57:08.087,1.6555,1.6557,3.20,40.70
2007.06.28 19:57:08.355,1.6555,1.6557,0.80,12.00
2007.06.28 19:57:08.769,1.6555,1.6557,2.40,8.00
2007.06.28 19:57:08.938,1.6556,1.6557,5.60,8.00
2007.06.28 19:57:09.234,1.6556,1.65575,13.60,0.80
2007.06.28 19:57:09.384,1.6556,1.6558,13.60,2.40
2007.06.28 19:57:09.558,1.6557,1.6558,0.80,2.40
2007.06.28 19:57:11.676,1.6556,1.6557,16.00,4.00
2007.06.28 19:57:11.723,1.6556,1.6557,5.60,4.00
2007.06.28 19:57:11.749,1.6555,1.6557,11.70,4.00
2007.06.28 19:57:11.855,1.6555,1.6557,9.60,4.00
2007.06.28 19:57:11.937,1.6555,1.6557,20.00,4.00
2007.06.28 19:57:12.299,1.6555,1.6557,20.00,6.40
2007.06.28 19:57:20.488,1.6555,1.6557,12.00,24.70
2007.06.28 19:57:22.292,1.65545,1.6557,17.60,24.70
2007.06.28 19:57:28.838,1.6555,1.6557,2.60,26.30
2007.06.28 19:57:28.895,1.6555,1.6557,5.70,34.30
2007.06.28 19:57:35.660,1.65545,1.6557,22.40,34.30
2007.06.28 19:57:35.682,1.65555,1.6557,2.40,5.60
2007.06.28 19:57:42.097,1.6556,1.6557,0.90,6.40
2007.06.28 19:57:42.546,1.6556,1.6557,0.90,0.50
2007.06.28 19:57:45.173,1.65555,1.65575,2.40,12.00
2007.06.28 19:58:06.234,1.6555,1.65575,11.20,14.40
2007.06.28 19:58:06.240,1.6555,1.6557,12.00,0.70
2007.06.28 19:58:08.172,1.6555,1.65575,2.40,40.70
2007.06.28 19:58:08.278,1.6555,1.6557,2.40,0.50
2007.06.28 19:58:08.396,1.65545,1.65575,5.60,26.40
2007.06.28 19:58:08.480,1.6554,1.6557,21.60,0.90
2007.06.28 19:58:09.081,1.6554,1.65575,20.00,26.40
2007.06.28 19:58:09.225,1.6554,1.65575,43.90,60.70
2007.06.28 19:58:13.256,1.6554,1.6557,43.90,54.30
2007.06.28 19:58:13.296,1.6554,1.6557,43.90,46.30
2007.06.28 19:58:13.376,1.6554,1.6557,43.90,40.70
2007.06.28 19:58:13.664,1.6554,1.6557,43.90,42.30
2007.06.28 19:58:13.826,1.6554,1.6557,43.90,50.30
2007.06.28 19:58:14.608,1.65535,1.6557,48.70,50.30
2007.06.28 19:58:20.209,1.6554,1.6557,43.90,55.90
2007.06.28 19:58:30.631,1.6554,1.6557,43.90,53.50
2007.06.28 19:58:30.685,1.6555,1.6557,5.60,47.90
2007.06.28 19:58:30.714,1.6555,1.6557,5.60,13.60
2007.06.28 19:58:30.919,1.65555,1.6557,0.80,13.60
2007.06.28 19:58:30.923,1.65555,1.6557,0.80,5.60
2007.06.28 19:58:46.666,1.6555,1.6557,15.20,8.00
2007.06.28 19:58:46.760,1.6555,1.6557,9.60,13.60
2007.06.28 19:58:46.989,1.6555,1.6557,1.60,21.60
2007.06.28 19:58:47.167,1.6554,1.6557,54.30,55.90
2007.06.28 19:58:47.261,1.6554,1.6557,50.30,55.90
2007.06.28 19:58:47.480,1.6554,1.6557,47.90,55.90
2007.06.28 19:58:47.496,1.6554,1.6557,43.90,55.90
2007.06.28 19:59:05.650,1.65555,1.6557,0.80,53.50
2007.06.28 19:59:05.747,1.65555,1.6557,0.80,19.20
2007.06.28 19:59:05.841,1.65555,1.6557,0.80,11.20
2007.06.28 19:59:05.859,1.65555,1.6557,0.80,5.60
2007.06.28 19:59:23.640,1.65555,1.6557,0.80,8.80
2007.06.28 19:59:23.739,1.6555,1.6556,9.60,1.60
2007.06.28 19:59:23.760,1.6555,1.6556,1.60,1.60
2007.06.28 19:59:24.162,1.65545,1.6556,5.60,1.60
2007.06.28 19:59:24.230,1.6554,1.6556,32.70,1.60
2007.06.28 19:59:24.257,1.6554,1.6556,32.70,5.60
2007.06.28 19:59:24.282,1.6554,1.6556,32.70,6.40
2007.06.28 19:59:24.358,1.6554,1.6556,32.70,7.20
2007.06.28 19:59:24.379,1.6554,1.6556,8.80,7.20
2007.06.28 19:59:24.462,1.6554,1.6556,6.40,7.20
2007.06.28 19:59:24.503,1.6554,1.6556,6.40,8.00
2007.06.28 19:59:24.519,1.6554,1.6556,4.80,34.30
2007.06.28 19:59:24.653,1.6554,1.6556,7.20,34.30
2007.06.28 19:59:25.782,1.6554,1.6556,7.20,35.10
2007.06.28 19:59:25.874,1.6554,1.6556,7.20,35.90
2007.06.28 19:59:27.729,1.6554,1.6556,7.20,36.70
2007.06.28 19:59:27.732,1.6554,1.6556,7.20,37.50
2007.06.28 19:59:34.024,1.6554,1.65565,7.20,43.90
2007.06.28 19:59:38.304,1.6554,1.6556,7.20,0.90
2007.06.28 19:59:38.374,1.6554,1.65565,7.20,45.50
2007.06.28 19:59:38.679,1.6554,1.6556,4.80,0.70
2007.06.28 19:59:38.764,1.65535,1.65565,5.60,27.20
2007.06.28 19:59:38.778,1.65535,1.6556,5.60,22.40
2007.06.28 19:59:39.229,1.6553,1.6555,20.80,0.80
2007.06.28 19:59:39.372,1.6553,1.6556,12.80,36.00
2007.06.28 19:59:39.454,1.6553,1.6556,12.80,40.00
2007.06.28 19:59:39.494,1.6553,1.6555,8.80,0.50
2007.06.28 19:59:40.579,1.6553,1.6555,8.00,0.50
2007.06.28 19:59:45.643,1.6553,1.6556,6.40,40.00
2007.06.28 19:59:45.761,1.6553,1.6556,12.00,55.90
2007.06.28 19:59:45.882,1.6553,1.65555,6.40,43.10
2007.06.28 19:59:46.158,1.6553,1.65555,4.80,43.10
2007.06.28 19:59:56.123,1.6553,1.6555,0.70,0.90
2007.06.28 19:59:56.170,1.6553,1.6555,0.80,0.80
2007.06.28 19:59:56.392,1.65525,1.65555,8.00,45.50
