2016.01.27 04:00:01.054,1.10453,1.10471,2.25,1.75
2016.01.27 04:00:05.642,1.10456,1.10471,1.00,1.75
2016.01.27 04:00:07.280,1.10454,1.10471,1.50,1.75
2016.01.27 04:00:21.405,1.10454,1.10471,1.75,1.50
2016.01.27 04:00:41.085,1.10454,1.10471,1.50,1.75
2016.01.27 04:00:51.749,1.10456,1.10471,1.00,1.75
2016.01.27 04:00:53.260,1.10455,1.10471,1.12,1.75
2016.01.27 04:01:21.267,1.10455,1.10472,1.50,1.75
2016.01.27 04:01:41.118,1.10453,1.10471,3.00,1.75
2016.01.27 04:02:01.115,1.10453,1.10471,1.50,1.75
2016.01.27 04:02:49.692,1.1045,1.10469,2.25,2.25
2016.01.27 04:03:01.210,1.10451,1.10467,1.12,2.25
2016.01.27 04:03:11.107,1.1045,1.10466,1.37,2.25
2016.01.27 04:03:11.158,1.10449,1.10466,1.12,2.25
2016.01.27 04:03:11.690,1.1045,1.10466,1.00,2.25
2016.01.27 04:03:14.525,1.1045,1.10466,1.50,2.25
2016.01.27 04:03:21.067,1.10451,1.10468,1.50,1.75
2016.01.27 04:03:22.451,1.10453,1.10468,1.00,1.75
2016.01.27 04:03:41.066,1.10453,1.1047,1.12,2.25
2016.01.27 04:04:04.515,1.10452,1.10466,1.50,1.00
2016.01.27 04:04:09.536,1.10451,1.10466,1.12,1.50
2016.01.27 04:04:10.864,1.1045,1.10464,1.37,1.12
2016.01.27 04:04:11.221,1.1045,1.10461,1.00,1.00
2016.01.27 04:04:11.323,1.1045,1.10463,1.00,1.12
2016.01.27 04:04:19.850,1.10449,1.10465,1.12,2.25
2016.01.27 04:04:21.074,1.10449,1.10464,1.37,1.00
2016.01.27 04:04:24.956,1.10448,1.10463,1.37,1.37
2016.01.27 04:04:25.664,1.10448,1.10463,1.00,1.75
2016.01.27 04:04:27.015,1.10446,1.10461,1.50,1.12
2016.01.27 04:04:27.322,1.10446,1.10463,1.00,1.75
2016.01.27 04:04:27.527,1.10446,1.10463,1.50,1.75
2016.01.27 04:04:36.934,1.10446,1.10459,1.50,1.00
2016.01.27 04:04:37.292,1.10446,1.10461,1.50,1.12
2016.01.27 04:04:39.062,1.10446,1.1046,1.50,1.00
2016.01.27 04:04:40.464,1.10446,1.1046,1.12,1.37
2016.01.27 04:04:41.091,1.10446,1.1046,1.12,1.50
2016.01.27 04:04:46.983,1.10444,1.10458,1.50,1.12
2016.01.27 04:04:47.239,1.1044,1.10454,1.12,1.12
2016.01.27 04:04:47.290,1.10438,1.10454,1.50,1.37
2016.01.27 04:04:47.824,1.10438,1.10454,1.12,1.75
2016.01.27 04:04:51.682,1.10439,1.10454,1.00,1.75
2016.01.27 04:04:52.470,1.10438,1.10454,1.12,1.75
2016.01.27 04:04:57.742,1.10439,1.10454,1.00,1.75
2016.01.27 04:04:58.280,1.10438,1.10454,1.12,1.75
2016.01.27 04:05:01.020,1.10438,1.10454,1.00,1.75
2016.01.27 04:05:02.345,1.10437,1.10454,1.12,1.75
2016.01.27 04:05:03.381,1.10438,1.10453,1.00,1.75
2016.01.27 04:05:03.896,1.10437,1.10453,1.12,1.75
2016.01.27 04:05:09.292,1.10438,1.10453,1.00,1.75
2016.01.27 04:05:09.807,1.10437,1.10453,1.12,1.75
2016.01.27 04:05:21.155,1.10436,1.10452,1.50,1.50
2016.01.27 04:05:32.050,1.10436,1.1045,1.75,1.00
2016.01.27 04:05:34.972,1.10435,1.10452,1.75,1.12
2016.01.27 04:07:11.416,1.10435,1.10452,2.25,1.75
2016.01.27 04:07:21.124,1.10435,1.10451,2.25,1.00
2016.01.27 04:08:01.097,1.10436,1.10453,1.00,2.25
2016.01.27 04:08:34.710,1.10437,1.10453,1.00,1.75
2016.01.27 04:08:35.223,1.10438,1.10455,1.00,2.25
2016.01.27 04:08:37.182,1.10436,1.10455,2.62,2.25
2016.01.27 04:08:41.156,1.10436,1.10454,2.25,1.75
2016.01.27 04:08:56.001,1.10439,1.10454,1.00,1.75
2016.01.27 04:08:56.691,1.10438,1.10454,1.00,1.75
2016.01.27 04:08:57.207,1.10436,1.10453,1.50,1.75
2016.01.27 04:09:18.547,1.10438,1.10452,1.00,1.50
2016.01.27 04:09:20.652,1.10436,1.10452,2.25,1.50
2016.01.27 04:09:21.350,1.10436,1.10453,2.25,1.50
2016.01.27 04:09:23.447,1.10435,1.10453,2.25,1.75
2016.01.27 04:10:05.141,1.10434,1.10449,1.75,1.00
2016.01.27 04:10:05.653,1.10434,1.10451,2.25,1.50
2016.01.27 04:10:21.135,1.10435,1.10452,1.12,1.75
2016.01.27 04:10:41.072,1.10434,1.10452,1.75,1.75
2016.01.27 04:11:18.000,1.10437,1.10453,1.12,1.50
2016.01.27 04:11:18.051,1.10437,1.10453,1.50,1.50
2016.01.27 04:11:19.705,1.10435,1.10451,1.75,1.00
2016.01.27 04:11:33.737,1.10436,1.10453,2.25,1.50
2016.01.27 04:11:41.224,1.10435,1.10452,1.75,1.50
2016.01.27 04:11:54.851,1.10435,1.10451,1.12,1.75
2016.01.27 04:11:58.585,1.10431,1.10448,1.75,1.50
2016.01.27 04:11:59.309,1.10434,1.1045,1.00,1.75
2016.01.27 04:11:59.857,1.10433,1.1045,1.12,2.25
2016.01.27 04:12:12.907,1.10432,1.10446,1.50,1.00
2016.01.27 04:12:13.452,1.10432,1.10448,1.50,1.50
2016.01.27 04:12:17.836,1.10432,1.10446,1.50,1.00
2016.01.27 04:12:18.346,1.10432,1.10447,1.50,1.12
2016.01.27 04:12:21.010,1.10432,1.10448,1.75,1.12
2016.01.27 04:12:29.730,1.10432,1.10447,1.75,1.00
2016.01.27 04:12:30.240,1.10432,1.10446,1.75,1.00
2016.01.27 04:12:30.432,1.10432,1.10448,1.75,1.12
2016.01.27 04:12:39.064,1.10432,1.10447,1.75,1.00
2016.01.27 04:12:39.604,1.10433,1.10448,1.50,1.12
2016.01.27 04:12:56.340,1.10433,1.1045,1.75,1.37
2016.01.27 04:12:56.391,1.10433,1.1045,1.75,1.12
2016.01.27 04:13:01.090,1.10434,1.10451,1.75,1.12
2016.01.27 04:14:31.948,1.10435,1.10449,1.75,1.00
2016.01.27 04:14:34.920,1.10435,1.10448,1.75,1.00
2016.01.27 04:14:35.022,1.10435,1.1045,1.75,1.50
2016.01.27 04:14:40.995,1.10436,1.1045,1.00,1.12
2016.01.27 04:14:56.455,1.10433,1.10449,1.75,1.00
2016.01.27 04:15:01.152,1.10433,1.10449,1.75,1.12
2016.01.27 04:15:04.135,1.10433,1.10448,1.75,1.00
2016.01.27 04:15:04.644,1.10433,1.10449,1.75,1.12
2016.01.27 04:15:29.425,1.10434,1.10451,1.75,1.37
2016.01.27 04:15:29.477,1.10434,1.10451,1.75,1.12
2016.01.27 04:15:41.133,1.10434,1.10451,1.75,1.50
2016.01.27 04:15:44.325,1.10436,1.10452,1.37,1.37
2016.01.27 04:15:44.429,1.10439,1.10454,1.12,2.25
2016.01.27 04:15:53.126,1.10439,1.10452,1.12,1.00
2016.01.27 04:15:53.638,1.10437,1.10451,1.75,1.00
2016.01.27 04:16:01.126,1.10437,1.10452,1.12,2.25
2016.01.27 04:16:21.052,1.10437,1.10452,1.50,1.12
2016.01.27 04:16:41.234,1.10437,1.10451,1.12,1.12
2016.01.27 04:17:01.149,1.10437,1.10452,1.50,1.12
2016.01.27 04:18:21.048,1.10437,1.10452,1.50,1.37
2016.01.27 04:19:21.066,1.10436,1.10452,1.50,1.00
2016.01.27 04:19:32.696,1.10436,1.10451,1.75,1.00
2016.01.27 04:19:41.098,1.10435,1.10451,1.75,1.12
2016.01.27 04:19:56.310,1.10439,1.10453,1.00,1.75
2016.01.27 04:19:58.209,1.10438,1.10453,1.00,1.75
2016.01.27 04:20:01.132,1.10438,1.10454,1.12,1.75
2016.01.27 04:20:06.207,1.10439,1.10452,1.00,1.12
2016.01.27 04:20:06.741,1.10437,1.10452,1.50,1.12
2016.01.27 04:20:20.873,1.10437,1.10453,1.00,1.75
2016.01.27 04:20:35.440,1.10439,1.10455,1.00,1.75
2016.01.27 04:20:35.695,1.10439,1.10453,1.50,1.50
2016.01.27 04:20:47.103,1.10442,1.10453,1.00,1.50
2016.01.27 04:20:47.614,1.10441,1.10452,1.00,1.12
2016.01.27 04:20:47.921,1.10439,1.10452,1.00,1.12
2016.01.27 04:20:48.534,1.10438,1.10452,1.87,1.12
2016.01.27 04:20:55.049,1.10439,1.10452,1.00,1.12
2016.01.27 04:20:55.521,1.10441,1.10452,1.00,1.12
2016.01.27 04:20:56.024,1.10442,1.10452,1.00,1.12
2016.01.27 04:20:57.163,1.10439,1.10452,1.00,1.12
2016.01.27 04:21:04.086,1.1044,1.10452,1.00,1.12
2016.01.27 04:21:04.189,1.10443,1.10452,1.00,1.12
2016.01.27 04:21:04.778,1.10442,1.10452,1.00,1.12
2016.01.27 04:21:05.753,1.10439,1.10452,1.50,1.12
2016.01.27 04:21:13.528,1.1044,1.10452,1.00,1.12
2016.01.27 04:21:14.053,1.10441,1.10452,1.00,1.12
2016.01.27 04:21:15.273,1.1044,1.10452,1.50,1.12
2016.01.27 04:21:15.783,1.10441,1.10452,1.00,1.12
2016.01.27 04:21:16.824,1.1044,1.10452,1.50,1.12
2016.01.27 04:21:17.986,1.1044,1.10451,1.00,1.00
2016.01.27 04:21:18.499,1.10439,1.10451,1.00,1.00
2016.01.27 04:21:19.046,1.10439,1.1045,1.00,1.00
2016.01.27 04:21:22.930,1.10438,1.10449,1.12,1.00
2016.01.27 04:21:23.463,1.10439,1.10449,1.00,1.00
2016.01.27 04:21:24.681,1.10439,1.1045,1.00,1.00
2016.01.27 04:21:24.784,1.10441,1.10451,1.00,1.00
2016.01.27 04:21:27.676,1.10441,1.10452,1.00,1.12
2016.01.27 04:21:27.982,1.10439,1.10449,1.00,1.00
2016.01.27 04:21:28.487,1.10437,1.10448,1.50,1.00
2016.01.27 04:21:28.995,1.10437,1.10449,1.50,1.00
2016.01.27 04:21:41.060,1.10437,1.10449,1.87,1.00
2016.01.27 04:21:51.613,1.10436,1.10448,1.50,1.00
2016.01.27 04:21:56.663,1.10436,1.10449,1.50,1.00
2016.01.27 04:22:01.186,1.10436,1.10449,1.12,1.00
2016.01.27 04:22:07.534,1.10433,1.10447,1.75,1.00
2016.01.27 04:22:07.844,1.10433,1.10448,1.50,1.12
2016.01.27 04:22:15.147,1.10434,1.1045,2.62,1.12
2016.01.27 04:22:21.043,1.10434,1.1045,1.50,1.50
2016.01.27 04:23:00.818,1.10434,1.10451,1.87,1.12
2016.01.27 04:23:03.929,1.10434,1.1045,2.62,1.00
2016.01.27 04:23:09.505,1.10434,1.10451,2.62,1.12
2016.01.27 04:23:19.025,1.10434,1.1045,2.62,1.00
2016.01.27 04:23:29.441,1.10434,1.10451,2.62,1.12
2016.01.27 04:23:34.906,1.10434,1.1045,2.62,1.00
2016.01.27 04:23:40.911,1.10434,1.10451,2.62,1.12
2016.01.27 04:23:46.301,1.10435,1.10451,2.25,1.12
2016.01.27 04:23:46.916,1.10435,1.10451,2.25,1.00
2016.01.27 04:23:48.512,1.10436,1.10448,1.75,1.00
2016.01.27 04:23:49.977,1.10435,1.1045,2.25,1.00
2016.01.27 04:23:52.818,1.10436,1.10451,1.75,2.25
2016.01.27 04:24:03.106,1.10436,1.10452,1.75,1.00
2016.01.27 04:24:14.493,1.10436,1.10451,1.75,1.00
2016.01.27 04:24:15.030,1.10436,1.1045,1.75,1.00
2016.01.27 04:24:19.721,1.10436,1.10451,1.75,1.00
2016.01.27 04:24:21.156,1.10436,1.10451,1.75,1.00
2016.01.27 04:24:24.780,1.10436,1.1045,1.75,1.00
2016.01.27 04:24:25.296,1.10435,1.10449,1.75,1.00
2016.01.27 04:24:25.808,1.10435,1.1045,1.75,1.00
2016.01.27 04:24:30.281,1.10435,1.10451,1.75,1.00
2016.01.27 04:24:42.449,1.10435,1.1045,1.75,1.00
2016.01.27 04:24:49.915,1.10435,1.10451,1.75,1.00
2016.01.27 04:24:53.223,1.10435,1.10448,1.75,1.00
2016.01.27 04:25:04.390,1.10435,1.10446,1.75,1.00
2016.01.27 04:25:04.949,1.10435,1.10446,1.50,1.00
2016.01.27 04:25:05.356,1.10435,1.10444,1.50,1.00
2016.01.27 04:25:05.409,1.10435,1.10446,1.50,1.00
2016.01.27 04:25:05.921,1.10435,1.10447,1.50,1.00
2016.01.27 04:25:21.972,1.10435,1.10448,1.50,1.00
2016.01.27 04:25:30.378,1.10435,1.10448,1.00,1.12
2016.01.27 04:25:30.429,1.10434,1.10446,1.00,1.00
2016.01.27 04:25:36.122,1.10434,1.10445,1.00,1.00
2016.01.27 04:25:41.037,1.10434,1.10445,1.37,1.00
2016.01.27 04:26:18.547,1.10434,1.10446,1.37,1.00
2016.01.27 04:26:23.548,1.10434,1.10445,1.37,1.00
2016.01.27 04:26:28.811,1.10434,1.10444,1.37,1.00
2016.01.27 04:26:59.187,1.10434,1.10445,1.37,1.00
2016.01.27 04:28:28.182,1.10434,1.10446,1.37,1.00
2016.01.27 04:28:34.793,1.10434,1.10445,1.37,1.00
2016.01.27 04:30:14.462,1.10433,1.10446,1.75,1.00
2016.01.27 04:30:25.426,1.10433,1.10445,1.75,1.00
2016.01.27 04:30:49.903,1.10433,1.10446,1.75,1.00
2016.01.27 04:30:52.412,1.10434,1.10447,1.37,1.50
2016.01.27 04:30:54.504,1.10434,1.10446,1.37,1.00
2016.01.27 04:30:55.016,1.10434,1.10445,1.37,1.00
2016.01.27 04:30:55.695,1.10434,1.10446,1.37,1.50
2016.01.27 04:30:58.290,1.10434,1.10444,1.37,1.00
2016.01.27 04:30:58.798,1.10434,1.10445,1.37,1.00
2016.01.27 04:31:00.417,1.10434,1.10446,1.37,1.00
2016.01.27 04:31:00.925,1.10434,1.10445,1.37,1.00
2016.01.27 04:31:01.454,1.10434,1.10446,1.37,1.50
2016.01.27 04:31:01.962,1.10434,1.10445,1.37,1.00
2016.01.27 04:31:03.269,1.10434,1.10444,1.37,1.00
2016.01.27 04:31:08.394,1.10434,1.10442,1.37,1.00
2016.01.27 04:31:08.718,1.10432,1.1044,1.87,1.00
2016.01.27 04:31:08.771,1.10433,1.10444,1.12,1.00
2016.01.27 04:31:09.283,1.10433,1.10445,1.12,1.00
2016.01.27 04:31:10.025,1.10434,1.10446,1.00,1.00
2016.01.27 04:31:14.929,1.10434,1.10447,1.00,1.12
2016.01.27 04:31:15.440,1.10434,1.10446,1.00,1.00
2016.01.27 04:31:15.986,1.10434,1.10447,1.00,1.12
2016.01.27 04:31:16.867,1.10435,1.10447,1.00,1.12
2016.01.27 04:31:18.457,1.10434,1.10446,1.00,1.00
2016.01.27 04:31:20.103,1.10433,1.10445,1.12,1.00
2016.01.27 04:31:20.460,1.10435,1.10446,1.00,1.00
2016.01.27 04:31:20.795,1.1044,1.10446,1.00,1.00
2016.01.27 04:31:20.846,1.10439,1.10448,1.00,1.00
2016.01.27 04:31:21.102,1.10438,1.10446,1.00,1.00
2016.01.27 04:31:21.307,1.10439,1.10448,1.00,1.00
2016.01.27 04:31:21.409,1.10435,1.10448,2.25,1.00
2016.01.27 04:31:21.512,1.10439,1.10448,1.00,1.00
2016.01.27 04:31:21.952,1.10442,1.1045,1.00,1.00
2016.01.27 04:31:22.055,1.10438,1.1045,2.25,1.00
2016.01.27 04:31:22.106,1.1044,1.10453,1.12,1.12
2016.01.27 04:31:22.412,1.10441,1.10454,2.25,1.00
2016.01.27 04:31:22.947,1.10441,1.10455,2.25,1.00
2016.01.27 04:31:24.829,1.10441,1.10456,2.25,1.00
2016.01.27 04:31:26.366,1.10444,1.10456,1.00,1.00
2016.01.27 04:31:26.902,1.10442,1.10456,2.25,1.00
2016.01.27 04:31:27.208,1.10442,1.10456,2.25,1.00
2016.01.27 04:31:27.988,1.10443,1.10455,1.75,1.00
2016.01.27 04:31:28.142,1.10442,1.10455,1.50,1.00
2016.01.27 04:31:30.581,1.1044,1.10453,2.25,1.00
2016.01.27 04:31:30.785,1.1044,1.10454,2.25,1.00
2016.01.27 04:31:31.827,1.1044,1.10454,2.25,1.00
2016.01.27 04:31:34.291,1.10442,1.10456,1.50,1.00
2016.01.27 04:31:38.884,1.10441,1.10454,1.75,1.00
2016.01.27 04:31:39.471,1.10441,1.10454,1.12,1.00
2016.01.27 04:31:41.114,1.10441,1.10454,1.50,1.00
2016.01.27 04:31:42.209,1.10442,1.10456,1.12,1.12
2016.01.27 04:31:44.642,1.10443,1.10457,1.75,1.00
2016.01.27 04:31:45.189,1.10443,1.10459,2.25,1.00
2016.01.27 04:31:46.334,1.10444,1.10459,1.12,1.50
2016.01.27 04:31:46.694,1.10444,1.10459,1.75,1.00
2016.01.27 04:31:47.202,1.10445,1.10461,1.50,1.50
2016.01.27 04:31:48.360,1.10444,1.1046,1.37,1.50
2016.01.27 04:31:48.412,1.10443,1.1046,2.25,1.75
2016.01.27 04:31:55.590,1.10442,1.10459,2.25,1.50
2016.01.27 04:31:56.115,1.10442,1.10459,1.87,1.75
2016.01.27 04:32:17.461,1.1044,1.10455,1.75,1.00
2016.01.27 04:32:17.769,1.10439,1.10452,1.75,1.00
2016.01.27 04:32:18.465,1.10439,1.10452,1.50,1.00
2016.01.27 04:32:19.457,1.10439,1.10448,1.50,1.00
2016.01.27 04:32:19.775,1.10443,1.10455,1.00,1.75
2016.01.27 04:32:20.184,1.10447,1.10453,1.00,1.00
2016.01.27 04:32:20.726,1.10447,1.10452,1.00,1.00
2016.01.27 04:32:21.252,1.10446,1.10452,1.00,1.00
2016.01.27 04:32:21.339,1.10446,1.1045,1.00,1.00
2016.01.27 04:32:21.595,1.10444,1.10449,1.00,1.00
2016.01.27 04:32:22.119,1.10444,1.1045,1.00,1.00
2016.01.27 04:32:22.665,1.10445,1.1045,1.00,1.00
2016.01.27 04:32:25.315,1.10444,1.1045,1.00,1.00
2016.01.27 04:32:25.476,1.10444,1.10448,1.00,1.00
2016.01.27 04:32:25.797,1.10442,1.10446,1.00,1.00
2016.01.27 04:32:25.851,1.10443,1.10448,1.00,1.00
2016.01.27 04:32:27.885,1.10442,1.10446,1.00,1.00
2016.01.27 04:32:28.191,1.10443,1.1045,1.00,1.00
2016.01.27 04:32:31.685,1.10443,1.10447,1.00,1.00
2016.01.27 04:32:33.002,1.10444,1.10451,1.00,1.12
2016.01.27 04:32:33.636,1.10447,1.10452,1.00,1.00
2016.01.27 04:32:38.461,1.10446,1.1045,1.00,1.00
2016.01.27 04:32:43.471,1.10445,1.10449,1.00,1.00
2016.01.27 04:32:44.130,1.10444,1.10448,1.00,1.00
2016.01.27 04:32:44.334,1.10445,1.10458,1.00,1.75
2016.01.27 04:32:44.436,1.10443,1.10454,1.00,1.75
2016.01.27 04:32:45.762,1.10441,1.10454,1.00,1.87
2016.01.27 04:32:46.424,1.10441,1.10448,1.00,1.00
2016.01.27 04:32:47.085,1.10441,1.10449,1.00,1.00
2016.01.27 04:32:47.240,1.10442,1.10453,1.00,1.75
2016.01.27 04:32:49.523,1.10441,1.10451,1.00,1.75
2016.01.27 04:32:50.051,1.10441,1.10452,1.00,1.75
2016.01.27 04:32:51.137,1.10439,1.10443,1.00,1.00
2016.01.27 04:32:51.591,1.10442,1.10454,1.00,1.75
2016.01.27 04:32:51.642,1.10442,1.10447,1.00,1.00
2016.01.27 04:32:51.898,1.10444,1.10449,1.00,1.12
2016.01.27 04:32:52.427,1.10445,1.10449,1.00,1.00
2016.01.27 04:32:52.931,1.10444,1.10448,1.00,1.00
2016.01.27 04:32:53.846,1.10445,1.10449,1.00,1.00
2016.01.27 04:32:54.222,1.10446,1.10451,1.00,1.00
2016.01.27 04:32:54.427,1.10447,1.10453,1.00,1.00
2016.01.27 04:32:54.937,1.10447,1.10451,1.00,1.00
2016.01.27 04:32:55.710,1.10446,1.1045,1.00,1.00
2016.01.27 04:33:00.320,1.10446,1.10451,1.00,1.00
2016.01.27 04:33:04.140,1.10446,1.1045,1.00,1.00
2016.01.27 04:33:04.684,1.10447,1.10451,1.00,1.00
2016.01.27 04:33:06.088,1.10447,1.10453,1.00,1.00
2016.01.27 04:33:06.805,1.10447,1.10453,1.00,1.00
2016.01.27 04:33:10.911,1.1045,1.10454,1.00,1.00
2016.01.27 04:33:10.964,1.1045,1.10456,1.00,1.00
2016.01.27 04:33:12.196,1.10451,1.10459,1.00,1.00
2016.01.27 04:33:14.487,1.10451,1.10457,1.00,1.00
2016.01.27 04:33:15.004,1.10451,1.10462,1.00,1.75
2016.01.27 04:33:15.108,1.10451,1.10462,1.00,1.50
2016.01.27 04:33:15.589,1.10453,1.10462,1.00,1.12
2016.01.27 04:33:16.316,1.10455,1.10463,1.00,1.50
2016.01.27 04:33:16.849,1.10455,1.10463,1.00,1.00
2016.01.27 04:33:17.258,1.10454,1.10461,1.00,1.00
2016.01.27 04:33:17.773,1.10453,1.10461,1.00,1.00
2016.01.27 04:33:17.876,1.10453,1.10463,1.00,1.12
2016.01.27 04:33:18.416,1.10452,1.10463,1.00,1.12
2016.01.27 04:33:19.113,1.10453,1.10463,1.00,1.12
2016.01.27 04:33:20.021,1.10454,1.10465,1.00,1.75
2016.01.27 04:33:20.528,1.10453,1.10464,1.00,1.00
2016.01.27 04:33:23.979,1.10453,1.10462,1.00,1.00
2016.01.27 04:33:24.490,1.10452,1.10461,1.00,1.00
2016.01.27 04:33:25.106,1.10453,1.10461,1.00,1.00
2016.01.27 04:33:25.160,1.10453,1.10463,1.00,1.12
2016.01.27 04:33:28.145,1.10453,1.1046,1.00,1.00
2016.01.27 04:33:28.453,1.10444,1.10455,1.75,1.00
2016.01.27 04:33:28.606,1.10444,1.10455,1.00,1.00
2016.01.27 04:33:29.133,1.10443,1.10455,1.00,1.00
2016.01.27 04:33:29.642,1.10441,1.10455,1.50,1.00
2016.01.27 04:33:30.152,1.10443,1.10455,1.00,1.00
2016.01.27 04:33:30.204,1.10445,1.10455,1.00,1.00
2016.01.27 04:33:30.718,1.10444,1.10456,1.00,1.12
2016.01.27 04:33:31.247,1.10445,1.10456,1.00,1.00
2016.01.27 04:33:31.656,1.10445,1.10458,1.00,1.12
2016.01.27 04:33:32.825,1.10445,1.10458,1.37,1.00
2016.01.27 04:33:35.162,1.10445,1.10455,1.50,1.00
2016.01.27 04:33:35.214,1.10444,1.10455,1.00,1.00
2016.01.27 04:33:35.929,1.10445,1.10455,1.00,1.12
2016.01.27 04:33:36.458,1.10444,1.10455,1.00,1.12
2016.01.27 04:33:40.103,1.10444,1.10454,1.00,1.00
2016.01.27 04:33:46.172,1.10443,1.10454,1.00,1.00
2016.01.27 04:33:52.021,1.10442,1.10454,1.00,1.00
2016.01.27 04:34:06.850,1.10443,1.10454,1.00,1.12
2016.01.27 04:34:16.549,1.10442,1.10454,1.00,1.12
2016.01.27 04:34:22.540,1.1044,1.10454,1.87,1.12
2016.01.27 04:34:22.643,1.1044,1.10452,1.12,1.00
2016.01.27 04:34:25.267,1.1044,1.10451,1.12,1.00
2016.01.27 04:34:25.888,1.10439,1.10449,1.00,1.00
2016.01.27 04:34:30.074,1.10438,1.10451,1.87,1.00
2016.01.27 04:34:30.585,1.10439,1.10451,1.00,1.00
2016.01.27 04:34:35.282,1.10439,1.10452,1.50,1.12
2016.01.27 04:34:41.962,1.10439,1.1045,1.12,1.00
2016.01.27 04:34:42.471,1.10438,1.10449,1.00,1.00
2016.01.27 04:34:45.641,1.10438,1.10447,1.00,1.00
2016.01.27 04:34:45.796,1.10435,1.10446,1.50,1.50
2016.01.27 04:34:49.028,1.10435,1.10446,1.12,1.00
2016.01.27 04:34:49.641,1.10436,1.10448,1.00,1.50
2016.01.27 04:34:50.219,1.10437,1.10449,1.00,1.12
2016.01.27 04:35:08.483,1.10437,1.10451,1.12,1.12
2016.01.27 04:35:13.807,1.10437,1.1045,1.12,1.00
2016.01.27 04:35:19.101,1.10437,1.10452,1.12,2.25
2016.01.27 04:35:19.153,1.10439,1.10452,1.00,2.25
2016.01.27 04:35:19.255,1.10437,1.10452,1.12,1.50
2016.01.27 04:35:19.459,1.10447,1.10455,1.00,1.75
2016.01.27 04:35:19.613,1.10447,1.10455,1.00,1.12
2016.01.27 04:35:20.695,1.10447,1.10457,1.00,1.12
2016.01.27 04:35:25.068,1.10446,1.10457,1.00,1.12
2016.01.27 04:35:25.855,1.10446,1.10456,1.00,1.00
2016.01.27 04:35:30.397,1.10446,1.10458,1.00,1.50
2016.01.27 04:35:30.907,1.10447,1.10458,1.00,1.00
2016.01.27 04:35:31.442,1.10446,1.10458,1.00,1.00
2016.01.27 04:35:32.686,1.10446,1.1046,1.00,1.50
2016.01.27 04:35:34.205,1.10447,1.1046,1.00,1.50
2016.01.27 04:35:35.105,1.10447,1.10456,1.00,1.00
2016.01.27 04:35:39.045,1.10446,1.10456,1.00,1.00
2016.01.27 04:35:40.044,1.10449,1.10456,1.00,1.00
2016.01.27 04:35:40.567,1.10449,1.10455,1.00,1.00
2016.01.27 04:35:40.670,1.1045,1.10459,1.00,1.75
2016.01.27 04:35:40.773,1.10449,1.10459,1.00,1.12
2016.01.27 04:35:41.695,1.10449,1.1046,1.12,1.00
2016.01.27 04:35:43.838,1.10447,1.10456,1.75,1.00
2016.01.27 04:35:43.941,1.10447,1.10456,1.00,1.00
2016.01.27 04:35:45.175,1.10446,1.10456,1.00,1.00
2016.01.27 04:36:04.930,1.10446,1.10455,1.00,1.00
2016.01.27 04:36:10.765,1.10446,1.10456,1.00,1.00
2016.01.27 04:36:16.320,1.10446,1.10455,1.00,1.00
2016.01.27 04:36:18.408,1.10446,1.10457,1.00,1.12
2016.01.27 04:36:28.876,1.10445,1.10457,1.00,1.12
2016.01.27 04:36:29.619,1.10446,1.10458,1.00,1.50
2016.01.27 04:36:40.971,1.10445,1.10458,1.00,1.50
2016.01.27 04:36:41.533,1.10445,1.10458,1.00,1.12
2016.01.27 04:36:45.965,1.10445,1.10457,1.00,1.00
2016.01.27 04:36:48.625,1.10445,1.10457,1.00,1.50
2016.01.27 04:36:49.148,1.10445,1.10457,1.00,1.12
2016.01.27 04:36:50.438,1.10445,1.10457,1.00,1.37
2016.01.27 04:36:52.920,1.10445,1.10458,1.00,1.50
2016.01.27 04:36:53.448,1.10445,1.10458,1.00,1.12
2016.01.27 04:36:55.160,1.10447,1.10458,1.00,1.12
2016.01.27 04:37:04.259,1.10447,1.10457,1.00,1.00
2016.01.27 04:37:07.925,1.10446,1.10457,1.00,1.00
2016.01.27 04:37:19.927,1.10446,1.10456,1.00,1.00
2016.01.27 04:37:35.943,1.10445,1.10456,1.00,1.00
2016.01.27 04:37:50.356,1.10445,1.10455,1.00,1.00
2016.01.27 04:37:52.788,1.10445,1.10457,1.00,1.00
2016.01.27 04:37:53.639,1.10445,1.10457,1.00,1.50
2016.01.27 04:37:54.962,1.10445,1.10457,1.00,1.00
2016.01.27 04:37:55.520,1.10445,1.10457,1.00,1.50
2016.01.27 04:37:56.223,1.10445,1.10457,1.00,1.12
2016.01.27 04:37:58.345,1.10445,1.10457,1.00,1.50
2016.01.27 04:38:00.326,1.10445,1.10457,1.00,1.00
2016.01.27 04:38:00.833,1.10445,1.10457,1.00,1.50
2016.01.27 04:38:01.356,1.10445,1.10457,1.00,1.12
2016.01.27 04:38:06.861,1.10446,1.10457,1.00,1.12
2016.01.27 04:38:07.395,1.10445,1.10457,1.00,1.12
2016.01.27 04:38:09.919,1.10446,1.10457,1.00,1.12
2016.01.27 04:38:10.434,1.10445,1.10457,1.00,1.12
2016.01.27 04:38:10.977,1.10446,1.10457,1.00,1.12
2016.01.27 04:38:11.503,1.10445,1.10457,1.00,1.12
2016.01.27 04:38:12.367,1.10446,1.10457,1.00,1.12
2016.01.27 04:38:13.074,1.10445,1.10457,1.00,1.12
2016.01.27 04:38:14.676,1.10446,1.10457,1.00,1.12
2016.01.27 04:38:15.217,1.10446,1.10456,1.00,1.00
2016.01.27 04:38:15.537,1.10444,1.10455,1.00,1.00
2016.01.27 04:38:18.292,1.10445,1.10455,1.00,1.12
2016.01.27 04:38:18.828,1.10446,1.10455,1.00,1.12
2016.01.27 04:38:19.337,1.10445,1.10455,1.00,1.12
2016.01.27 04:38:21.081,1.10446,1.10455,1.00,1.00
2016.01.27 04:38:22.098,1.10444,1.10455,1.00,1.00
2016.01.27 04:38:22.612,1.10445,1.10455,1.00,1.00
2016.01.27 04:38:24.343,1.10446,1.10455,1.00,1.00
2016.01.27 04:38:24.892,1.10445,1.10455,1.00,1.00
2016.01.27 04:38:25.528,1.10445,1.10454,1.00,1.00
2016.01.27 04:38:27.207,1.10446,1.10454,1.00,1.00
2016.01.27 04:38:28.894,1.10445,1.10454,1.00,1.00
2016.01.27 04:38:29.404,1.10446,1.10454,1.00,1.00
2016.01.27 04:38:30.722,1.10445,1.10454,1.00,1.00
2016.01.27 04:38:31.233,1.10446,1.10454,1.00,1.00
2016.01.27 04:38:31.895,1.10445,1.10454,1.00,1.00
2016.01.27 04:38:33.180,1.10446,1.10454,1.00,1.00
2016.01.27 04:38:35.601,1.10445,1.10454,1.00,1.00
2016.01.27 04:38:36.109,1.10445,1.10453,1.00,1.00
2016.01.27 04:38:36.986,1.10445,1.10455,1.00,1.00
2016.01.27 04:38:37.496,1.10446,1.10455,1.00,1.00
2016.01.27 04:38:40.986,1.10447,1.10455,1.00,1.00
2016.01.27 04:38:41.942,1.10447,1.10457,1.00,1.50
2016.01.27 04:38:43.531,1.10447,1.10457,1.00,1.00
2016.01.27 04:38:47.732,1.10447,1.10456,1.00,1.00
2016.01.27 04:38:51.359,1.10447,1.10455,1.00,1.00
2016.01.27 04:38:54.331,1.10448,1.10455,1.00,1.00
2016.01.27 04:38:55.124,1.10448,1.10456,1.00,1.12
2016.01.27 04:38:56.374,1.10447,1.10456,1.00,1.12
2016.01.27 04:38:57.119,1.10448,1.10456,1.00,1.12
2016.01.27 04:39:10.348,1.10447,1.10456,1.00,1.12
2016.01.27 04:39:10.857,1.10446,1.10455,1.00,1.00
2016.01.27 04:39:11.466,1.10447,1.10455,1.00,1.00
2016.01.27 04:39:14.290,1.10446,1.10455,1.00,1.00
2016.01.27 04:39:14.807,1.10447,1.10455,1.00,1.00
2016.01.27 04:39:15.931,1.10447,1.10456,1.00,1.12
2016.01.27 04:39:26.092,1.10447,1.10455,1.00,1.00
2016.01.27 04:39:31.487,1.10447,1.10456,1.00,1.12
2016.01.27 04:39:32.876,1.10447,1.10454,1.00,1.00
2016.01.27 04:39:33.816,1.10446,1.10453,1.00,1.00
2016.01.27 04:39:34.123,1.10446,1.10451,1.00,1.00
2016.01.27 04:39:34.436,1.10445,1.10453,1.00,1.00
2016.01.27 04:39:34.999,1.10445,1.1045,1.00,1.00
2016.01.27 04:39:35.152,1.10444,1.10452,1.00,1.00
2016.01.27 04:39:36.694,1.10444,1.1045,1.00,1.00
2016.01.27 04:39:37.475,1.10444,1.10452,1.00,1.00
2016.01.27 04:39:38.051,1.10444,1.10454,1.00,1.12
2016.01.27 04:39:38.940,1.10445,1.10454,1.00,1.12
2016.01.27 04:39:41.212,1.10445,1.10453,1.00,1.00
2016.01.27 04:39:41.714,1.10444,1.10451,1.00,1.00
2016.01.27 04:39:42.224,1.10443,1.1045,1.00,1.00
2016.01.27 04:39:43.214,1.10443,1.10448,1.00,1.00
2016.01.27 04:39:44.011,1.10443,1.10449,1.00,1.00
2016.01.27 04:39:44.638,1.10443,1.10451,1.00,1.00
2016.01.27 04:39:45.149,1.10442,1.10451,1.00,1.00
2016.01.27 04:39:45.661,1.10443,1.10451,1.00,1.00
2016.01.27 04:39:46.621,1.10442,1.10451,1.00,1.00
2016.01.27 04:39:47.495,1.10442,1.10452,1.00,1.12
2016.01.27 04:39:48.005,1.10443,1.10452,1.00,1.12
2016.01.27 04:39:48.512,1.10442,1.10452,1.00,1.12
2016.01.27 04:39:48.974,1.10442,1.10451,1.00,1.50
2016.01.27 04:39:49.529,1.10441,1.10451,1.00,1.50
2016.01.27 04:39:50.041,1.10443,1.10453,1.00,1.75
2016.01.27 04:39:50.471,1.10441,1.10453,1.00,1.75
2016.01.27 04:39:50.981,1.10442,1.10453,1.00,1.75
2016.01.27 04:39:53.045,1.10441,1.10453,1.00,1.75
2016.01.27 04:39:54.433,1.1044,1.10451,1.00,1.50
2016.01.27 04:39:54.958,1.10441,1.10451,1.00,1.50
2016.01.27 04:39:56.536,1.1044,1.10451,1.00,1.50
2016.01.27 04:39:57.048,1.10439,1.10451,1.00,1.50
2016.01.27 04:39:58.302,1.10439,1.10453,1.00,2.25
2016.01.27 04:39:58.832,1.1044,1.10451,1.00,1.00
2016.01.27 04:39:59.521,1.1044,1.10451,1.00,1.50
2016.01.27 04:40:00.279,1.10439,1.10451,1.00,1.50
2016.01.27 04:40:01.121,1.10439,1.10451,1.00,1.12
2016.01.27 04:40:03.771,1.10439,1.1045,1.00,1.00
2016.01.27 04:40:06.215,1.10439,1.1045,1.00,1.50
2016.01.27 04:40:10.129,1.10438,1.10449,1.00,1.12
2016.01.27 04:40:14.585,1.10437,1.10449,1.00,1.12
2016.01.27 04:40:15.098,1.10438,1.10449,1.00,1.12
2016.01.27 04:40:17.452,1.10436,1.10449,1.00,1.12
2016.01.27 04:40:17.999,1.10437,1.10449,1.00,1.12
2016.01.27 04:40:18.898,1.10437,1.10447,1.00,1.00
2016.01.27 04:40:20.497,1.10436,1.10447,1.00,1.50
2016.01.27 04:40:21.004,1.10437,1.10447,1.00,1.50
2016.01.27 04:40:21.821,1.10436,1.10447,1.12,1.00
2016.01.27 04:40:22.076,1.10436,1.10449,1.12,1.50
2016.01.27 04:40:26.901,1.10436,1.1045,1.12,1.12
2016.01.27 04:40:32.646,1.10437,1.1045,1.00,1.12
2016.01.27 04:40:33.178,1.10436,1.1045,1.87,1.12
2016.01.27 04:40:33.827,1.10437,1.1045,1.00,1.87
2016.01.27 04:40:34.542,1.10436,1.1045,1.87,1.87
2016.01.27 04:40:41.014,1.10436,1.10451,1.50,2.25
2016.01.27 04:40:44.590,1.10437,1.1045,1.00,1.50
2016.01.27 04:40:49.788,1.10436,1.10449,1.50,1.12
2016.01.27 04:40:50.615,1.10436,1.10449,1.37,1.00
2016.01.27 04:40:55.300,1.10437,1.1045,1.12,1.00
2016.01.27 04:40:55.810,1.10437,1.10449,1.12,1.00
2016.01.27 04:40:56.338,1.10436,1.10448,1.50,1.00
2016.01.27 04:40:57.773,1.10436,1.10449,1.50,1.00
2016.01.27 04:41:01.024,1.10436,1.10449,1.50,1.00
2016.01.27 04:41:02.236,1.10436,1.10448,1.87,1.00
2016.01.27 04:41:04.216,1.10436,1.10449,1.12,1.00
2016.01.27 04:41:04.859,1.10436,1.10451,1.87,2.25
2016.01.27 04:41:06.752,1.10437,1.10451,1.00,1.50
2016.01.27 04:41:12.752,1.10437,1.10451,1.87,1.12
2016.01.27 04:41:17.670,1.10437,1.10449,2.25,1.00
2016.01.27 04:41:18.419,1.10436,1.10448,1.12,1.00
2016.01.27 04:41:19.032,1.10436,1.10449,1.87,1.00
2016.01.27 04:41:19.580,1.10437,1.10449,1.00,1.00
2016.01.27 04:41:21.096,1.10437,1.1045,1.87,1.00
2016.01.27 04:41:22.580,1.10437,1.10449,1.87,1.00
2016.01.27 04:41:23.090,1.10436,1.10448,1.00,1.50
2016.01.27 04:41:24.238,1.10436,1.10449,1.00,1.12
2016.01.27 04:41:25.192,1.10435,1.10449,1.12,1.12
2016.01.27 04:41:25.761,1.10436,1.10449,1.00,1.12
2016.01.27 04:41:27.228,1.10436,1.10448,1.00,1.00
2016.01.27 04:41:27.756,1.10434,1.10445,1.87,1.00
2016.01.27 04:41:28.266,1.10435,1.10447,1.12,1.00
2016.01.27 04:41:28.420,1.10435,1.10449,1.12,1.87
2016.01.27 04:41:28.936,1.10435,1.10448,1.12,1.00
2016.01.27 04:41:31.250,1.10434,1.10447,2.25,1.00
2016.01.27 04:41:36.204,1.10433,1.10448,2.25,1.00
2016.01.27 04:41:37.973,1.10433,1.10448,1.75,1.50
2016.01.27 04:41:38.485,1.10432,1.10447,4.12,1.00
2016.01.27 04:41:39.115,1.10433,1.10448,1.75,1.50
2016.01.27 04:41:40.190,1.10434,1.1045,1.75,1.00
2016.01.27 04:41:41.114,1.10434,1.1045,1.75,1.87
2016.01.27 04:41:44.514,1.10434,1.10448,1.75,1.00
2016.01.27 04:41:44.900,1.10434,1.10446,1.75,1.00
2016.01.27 04:41:48.299,1.10433,1.10445,1.75,1.00
2016.01.27 04:41:48.831,1.10433,1.10447,1.75,1.00
2016.01.27 04:41:50.360,1.10434,1.10449,1.75,1.00
2016.01.27 04:41:51.336,1.10434,1.1045,1.75,1.12
2016.01.27 04:41:57.350,1.10435,1.10449,1.50,1.00
2016.01.27 04:42:00.833,1.10435,1.1045,1.50,1.12
2016.01.27 04:42:21.124,1.10434,1.10451,3.00,1.12
2016.01.27 04:42:23.492,1.10434,1.10449,3.00,1.00
2016.01.27 04:42:28.024,1.10434,1.10448,2.25,1.00
2016.01.27 04:42:30.977,1.10434,1.10449,1.75,1.00
2016.01.27 04:42:32.872,1.10434,1.1045,1.75,1.50
2016.01.27 04:42:33.453,1.10434,1.10451,2.25,1.12
2016.01.27 04:42:41.053,1.10436,1.10451,1.00,1.37
2016.01.27 04:42:42.767,1.10435,1.10449,1.50,1.00
2016.01.27 04:42:43.277,1.10435,1.10448,1.50,1.00
2016.01.27 04:42:45.609,1.10435,1.10449,1.50,1.00
2016.01.27 04:42:50.150,1.10434,1.1045,1.75,1.87
2016.01.27 04:43:04.410,1.10434,1.10449,1.75,1.00
2016.01.27 04:43:05.628,1.10434,1.1045,1.75,1.12
2016.01.27 04:43:37.231,1.10435,1.1045,1.50,1.00
2016.01.27 04:43:38.068,1.10435,1.10451,1.75,1.00
2016.01.27 04:43:49.736,1.10435,1.1045,1.75,1.00
2016.01.27 04:44:02.503,1.10434,1.10449,2.25,1.00
2016.01.27 04:44:03.029,1.10434,1.1045,2.25,1.00
2016.01.27 04:44:03.285,1.10434,1.1045,2.25,1.12
2016.01.27 04:44:14.010,1.10435,1.1045,1.50,1.00
2016.01.27 04:44:17.260,1.10436,1.10451,1.75,1.00
2016.01.27 04:44:21.669,1.10434,1.1045,2.25,1.12
2016.01.27 04:44:25.655,1.10435,1.1045,1.50,1.00
2016.01.27 04:44:27.113,1.10435,1.10446,1.75,1.00
2016.01.27 04:44:32.787,1.10436,1.10447,1.75,1.00
2016.01.27 04:44:34.969,1.10435,1.10447,1.75,1.00
2016.01.27 04:44:35.548,1.10435,1.10447,1.50,1.00
2016.01.27 04:46:20.337,1.10436,1.10447,1.37,1.00
2016.01.27 04:46:27.579,1.10436,1.10447,1.12,1.00
2016.01.27 04:46:27.630,1.10436,1.10447,1.75,1.00
2016.01.27 04:46:34.602,1.10435,1.10447,1.75,1.00
2016.01.27 04:46:35.184,1.10435,1.10447,1.50,1.00
2016.01.27 04:46:40.690,1.10435,1.10448,1.50,1.00
2016.01.27 04:46:41.198,1.10435,1.10448,1.12,1.00
2016.01.27 04:46:45.768,1.10435,1.10447,1.12,1.00
2016.01.27 04:46:57.362,1.10433,1.10448,1.75,1.00
2016.01.27 04:47:01.085,1.10433,1.10448,1.75,1.00
2016.01.27 04:47:02.513,1.10433,1.10449,1.75,1.00
2016.01.27 04:47:05.237,1.10433,1.10447,1.75,1.00
2016.01.27 04:47:05.969,1.10433,1.10449,1.75,1.00
2016.01.27 04:47:17.560,1.10433,1.1045,2.25,1.12
2016.01.27 04:47:21.033,1.10433,1.1045,2.25,1.50
2016.01.27 04:47:41.038,1.10433,1.1045,2.25,1.50
2016.01.27 04:48:34.288,1.10435,1.1045,1.37,1.50
2016.01.27 04:48:34.808,1.10436,1.1045,1.12,1.12
2016.01.27 04:49:06.909,1.10437,1.1045,1.00,1.12
2016.01.27 04:49:18.051,1.10444,1.1045,1.00,1.12
2016.01.27 04:49:18.154,1.10444,1.1045,1.00,1.12
2016.01.27 04:49:18.460,1.10441,1.1045,1.00,1.12
2016.01.27 04:49:18.715,1.10439,1.1045,1.00,1.12
2016.01.27 04:49:19.702,1.10438,1.1045,1.00,1.12
2016.01.27 04:49:21.108,1.10438,1.1045,1.00,1.50
2016.01.27 04:49:23.317,1.10439,1.10449,1.00,1.12
2016.01.27 04:49:33.566,1.10438,1.1045,1.00,1.50
2016.01.27 04:49:34.405,1.10439,1.1045,1.00,1.50
2016.01.27 04:49:41.037,1.10439,1.1045,1.00,1.50
2016.01.27 04:49:46.589,1.10439,1.10449,1.00,1.00
2016.01.27 04:49:46.845,1.10437,1.10449,1.00,1.00
2016.01.27 04:49:48.305,1.10436,1.10449,1.12,1.00
2016.01.27 04:49:48.678,1.1044,1.10449,1.00,1.00
2016.01.27 04:49:49.188,1.10439,1.10449,1.00,1.00
2016.01.27 04:49:55.359,1.10438,1.10449,1.00,1.50
2016.01.27 04:49:55.860,1.10439,1.10449,1.00,1.00
2016.01.27 04:49:58.216,1.1044,1.10449,1.00,1.00
2016.01.27 04:50:09.616,1.10439,1.10449,1.00,1.12
2016.01.27 04:50:09.905,1.10436,1.10449,1.00,1.12
2016.01.27 04:50:10.622,1.10435,1.10449,1.12,1.12
2016.01.27 04:50:11.929,1.10436,1.10449,1.00,1.12
2016.01.27 04:50:14.979,1.10436,1.10447,1.00,1.00
2016.01.27 04:50:15.497,1.10435,1.10447,1.12,1.00
2016.01.27 04:50:16.084,1.10435,1.10448,1.12,1.00
2016.01.27 04:50:16.594,1.10435,1.10449,1.12,1.12
2016.01.27 04:50:17.140,1.10434,1.10448,1.87,1.00
2016.01.27 04:50:17.652,1.10435,1.10449,1.12,1.87
2016.01.27 04:50:18.354,1.10436,1.10449,1.00,1.12
2016.01.27 04:50:19.784,1.10437,1.10449,1.00,1.12
2016.01.27 04:50:20.302,1.10438,1.10449,1.00,1.00
2016.01.27 04:50:21.862,1.10438,1.1045,1.00,1.00
2016.01.27 04:50:22.841,1.10439,1.1045,1.00,1.00
2016.01.27 04:50:23.350,1.10438,1.1045,1.00,1.00
2016.01.27 04:50:29.388,1.10439,1.1045,1.00,1.00
2016.01.27 04:50:29.903,1.10438,1.1045,1.00,1.00
2016.01.27 04:50:34.270,1.10437,1.1045,1.12,1.00
2016.01.27 04:50:40.353,1.10438,1.1045,1.00,1.00
2016.01.27 04:50:40.875,1.10437,1.1045,1.12,1.00
2016.01.27 04:50:43.982,1.10438,1.1045,1.00,1.00
2016.01.27 04:50:44.491,1.10437,1.1045,1.12,1.00
2016.01.27 04:50:45.318,1.10438,1.1045,1.00,1.00
2016.01.27 04:50:45.829,1.10438,1.10449,1.00,1.12
2016.01.27 04:51:02.725,1.10437,1.10449,1.00,1.12
2016.01.27 04:51:05.390,1.10438,1.10449,1.00,1.12
2016.01.27 04:51:06.066,1.10439,1.10449,1.00,1.12
2016.01.27 04:51:30.472,1.10438,1.1045,1.00,1.50
2016.01.27 04:51:48.179,1.10439,1.1045,1.00,1.50
2016.01.27 04:51:48.688,1.1044,1.10451,1.00,1.75
2016.01.27 04:51:49.214,1.10438,1.10451,1.00,1.75
2016.01.27 04:52:00.476,1.10439,1.10449,1.00,1.12
2016.01.27 04:52:00.986,1.10438,1.10449,1.00,1.12
2016.01.27 04:52:01.513,1.10438,1.10449,1.00,1.50
2016.01.27 04:52:04.605,1.10437,1.10449,1.00,2.25
2016.01.27 04:52:18.463,1.10438,1.10449,1.00,1.50
2016.01.27 04:52:30.370,1.10439,1.10449,1.00,1.50
2016.01.27 04:52:33.768,1.10438,1.10449,1.00,1.50
2016.01.27 04:52:53.206,1.10439,1.10449,1.00,1.50
2016.01.27 04:53:01.018,1.10439,1.10449,1.00,1.50
2016.01.27 04:53:02.700,1.10438,1.10449,1.00,1.12
2016.01.27 04:53:04.810,1.10439,1.1045,1.00,1.50
2016.01.27 04:53:05.554,1.10438,1.1045,1.00,1.50
2016.01.27 04:53:06.090,1.10439,1.1045,1.00,1.50
2016.01.27 04:53:21.347,1.10438,1.1045,1.00,1.50
2016.01.27 04:53:21.893,1.10439,1.1045,1.00,1.50
2016.01.27 04:53:29.338,1.1044,1.10452,1.00,1.75
2016.01.27 04:53:29.848,1.10441,1.10453,1.00,1.75
2016.01.27 04:53:30.471,1.1044,1.10451,1.00,1.75
2016.01.27 04:53:35.062,1.10437,1.10451,1.00,1.75
2016.01.27 04:53:35.587,1.10438,1.10452,1.00,1.75
2016.01.27 04:53:41.112,1.10438,1.10451,1.00,1.75
2016.01.27 04:53:46.163,1.10439,1.10452,1.00,1.75
2016.01.27 04:53:48.497,1.10438,1.10452,1.00,1.75
2016.01.27 04:53:56.848,1.10439,1.10452,1.00,1.75
2016.01.27 04:54:01.176,1.10439,1.10452,1.00,1.75
2016.01.27 04:54:06.847,1.10438,1.10452,1.00,1.75
2016.01.27 04:54:21.040,1.10438,1.10452,1.00,1.75
2016.01.27 04:54:25.783,1.10437,1.10452,1.00,3.00
2016.01.27 04:54:26.724,1.10436,1.10448,1.00,1.12
2016.01.27 04:54:27.529,1.10437,1.10449,1.00,1.50
2016.01.27 04:54:28.563,1.10436,1.10449,1.00,1.50
2016.01.27 04:54:50.332,1.10437,1.10448,1.00,1.12
2016.01.27 04:54:50.758,1.10435,1.10451,1.50,3.00
2016.01.27 04:54:53.297,1.10435,1.10447,1.00,1.00
2016.01.27 04:54:54.273,1.10435,1.10445,1.00,1.00
2016.01.27 04:54:54.824,1.10435,1.10446,1.00,1.00
2016.01.27 04:54:56.250,1.10435,1.10447,1.00,1.00
2016.01.27 04:54:59.792,1.10435,1.10446,1.00,1.00
2016.01.27 04:55:00.300,1.10434,1.10447,1.50,1.00
2016.01.27 04:55:00.808,1.10434,1.10448,1.50,1.12
2016.01.27 04:55:01.318,1.10434,1.10447,1.50,1.00
2016.01.27 04:55:01.860,1.10434,1.10446,1.00,1.00
2016.01.27 04:55:04.402,1.10434,1.10447,1.00,1.00
2016.01.27 04:55:10.802,1.10435,1.10447,1.00,1.00
2016.01.27 04:55:15.272,1.10435,1.10448,1.00,1.87
2016.01.27 04:55:16.563,1.10436,1.10448,1.00,1.12
2016.01.27 04:55:26.977,1.10436,1.10447,1.00,1.00
2016.01.27 04:55:27.500,1.10435,1.10447,1.00,1.00
2016.01.27 04:55:28.369,1.10435,1.10448,1.00,1.87
2016.01.27 04:55:28.947,1.10436,1.10448,1.00,1.87
2016.01.27 04:55:29.466,1.10435,1.10448,1.00,1.87
2016.01.27 04:55:30.438,1.10436,1.10448,1.00,1.12
2016.01.27 04:55:30.948,1.10435,1.10448,1.00,1.87
2016.01.27 04:55:36.557,1.10435,1.10447,1.00,1.00
2016.01.27 04:55:36.952,1.10434,1.10445,1.50,1.00
2016.01.27 04:55:37.107,1.1043,1.10445,1.50,1.87
2016.01.27 04:55:37.211,1.1043,1.10445,1.75,1.50
2016.01.27 04:55:37.518,1.10431,1.10445,1.12,1.12
2016.01.27 04:55:37.621,1.10431,1.10445,1.75,1.00
2016.01.27 04:55:38.163,1.10431,1.10444,1.75,1.00
2016.01.27 04:55:38.317,1.10431,1.10446,1.75,1.50
2016.01.27 04:55:40.797,1.10431,1.10448,2.25,2.25
2016.01.27 04:55:41.307,1.10432,1.10447,1.75,1.00
2016.01.27 04:55:41.460,1.10442,1.10449,1.00,2.25
2016.01.27 04:55:41.716,1.10442,1.10447,1.00,1.00
2016.01.27 04:55:42.022,1.1044,1.10448,1.00,1.87
2016.01.27 04:55:42.380,1.10438,1.10448,1.00,1.87
2016.01.27 04:55:42.890,1.10437,1.10448,1.00,1.87
2016.01.27 04:55:43.426,1.10436,1.10448,1.00,1.87
2016.01.27 04:55:43.478,1.10434,1.10448,1.12,1.87
2016.01.27 04:55:43.988,1.10432,1.10447,1.75,1.00
2016.01.27 04:55:44.549,1.10432,1.10448,1.75,1.87
2016.01.27 04:55:45.096,1.10432,1.10447,1.75,1.00
2016.01.27 04:55:49.721,1.10432,1.10448,1.12,1.87
2016.01.27 04:55:58.402,1.10432,1.10447,1.12,1.00
2016.01.27 04:55:58.947,1.10432,1.1045,2.62,2.25
2016.01.27 04:56:02.480,1.10432,1.10446,1.87,1.00
2016.01.27 04:56:02.829,1.10432,1.10444,1.12,1.00
2016.01.27 04:56:03.139,1.10442,1.10447,1.00,1.00
2016.01.27 04:56:03.242,1.10441,1.10447,1.00,1.00
2016.01.27 04:56:03.758,1.10441,1.10448,1.00,1.00
2016.01.27 04:56:04.267,1.10439,1.10448,1.00,1.12
2016.01.27 04:56:04.576,1.10436,1.10448,1.00,1.12
2016.01.27 04:56:05.036,1.10434,1.10448,1.12,1.12
2016.01.27 04:56:05.441,1.10433,1.10446,1.50,1.00
2016.01.27 04:56:06.309,1.10431,1.10446,1.50,1.12
2016.01.27 04:56:21.125,1.10431,1.10447,1.75,1.12
2016.01.27 04:56:24.065,1.10431,1.10446,1.75,1.00
2016.01.27 04:56:24.628,1.10431,1.10447,1.75,1.12
2016.01.27 04:56:24.730,1.10431,1.10445,1.75,1.00
2016.01.27 04:56:27.409,1.1043,1.10444,1.75,1.00
2016.01.27 04:56:32.544,1.1043,1.10441,1.75,1.00
2016.01.27 04:56:32.646,1.1043,1.10444,1.75,1.00
2016.01.27 04:56:35.064,1.1043,1.10441,1.75,1.00
2016.01.27 04:56:36.252,1.1043,1.10441,1.50,1.00
2016.01.27 04:56:36.611,1.1043,1.10443,1.50,1.00
2016.01.27 04:56:37.465,1.10431,1.10443,1.50,1.00
2016.01.27 04:57:05.538,1.10431,1.10445,2.62,1.00
2016.01.27 04:57:06.197,1.10431,1.10446,2.62,1.12
2016.01.27 04:57:07.962,1.10431,1.10445,2.62,1.00
2016.01.27 04:57:09.006,1.10431,1.10446,2.62,1.12
2016.01.27 04:57:21.628,1.10432,1.10447,2.62,1.12
2016.01.27 04:57:30.297,1.10432,1.10446,2.62,1.00
2016.01.27 04:57:31.328,1.10432,1.10444,1.87,1.00
2016.01.27 04:57:32.024,1.10432,1.10445,2.62,1.00
2016.01.27 04:57:34.236,1.10432,1.10444,1.12,1.00
2016.01.27 04:57:48.627,1.10432,1.10445,1.87,1.00
2016.01.27 04:57:49.311,1.10432,1.10444,1.87,1.00
2016.01.27 04:57:55.264,1.10432,1.10446,1.12,1.00
2016.01.27 04:57:55.367,1.10432,1.10444,1.12,1.00
2016.01.27 04:58:00.622,1.10433,1.10444,1.00,1.00
2016.01.27 04:58:03.585,1.10433,1.10443,1.00,1.00
2016.01.27 04:58:07.735,1.10433,1.10447,1.00,1.87
2016.01.27 04:58:10.538,1.10433,1.10446,1.00,1.00
2016.01.27 04:58:11.059,1.10432,1.10447,1.12,1.87
2016.01.27 04:58:14.291,1.10432,1.10446,1.87,1.00
2016.01.27 04:58:16.347,1.10432,1.10447,1.87,1.87
2016.01.27 04:58:16.857,1.10432,1.10446,1.12,1.00
2016.01.27 04:58:17.385,1.10433,1.10445,1.00,1.50
2016.01.27 04:58:17.487,1.10433,1.10443,1.00,1.00
2016.01.27 04:58:18.913,1.10433,1.10445,1.00,1.50
2016.01.27 04:58:19.787,1.10433,1.10444,1.00,1.00
2016.01.27 04:58:20.307,1.10432,1.10445,1.12,1.50
2016.01.27 04:58:20.815,1.10433,1.10445,1.00,1.50
2016.01.27 04:58:23.620,1.10433,1.10444,1.00,1.00
2016.01.27 04:58:24.138,1.10432,1.10445,1.12,1.00
2016.01.27 04:58:24.673,1.10433,1.10445,1.00,1.00
2016.01.27 04:58:30.451,1.10433,1.10446,1.00,1.50
2016.01.27 04:58:34.151,1.10433,1.10447,1.00,1.87
2016.01.27 04:58:37.378,1.10433,1.10445,1.00,1.00
2016.01.27 04:58:37.893,1.10433,1.10446,1.00,1.00
2016.01.27 04:58:41.019,1.10432,1.10446,1.87,1.00
2016.01.27 04:58:43.327,1.10433,1.10447,1.37,1.00
2016.01.27 04:58:47.152,1.10434,1.10446,1.00,1.00
2016.01.27 04:58:48.798,1.10434,1.10447,1.00,1.00
2016.01.27 04:58:50.140,1.10434,1.10446,1.00,1.00
2016.01.27 04:59:01.324,1.10434,1.10448,1.00,1.87
2016.01.27 04:59:01.833,1.10434,1.10447,1.00,1.00
2016.01.27 04:59:07.426,1.10434,1.10446,1.00,1.00
2016.01.27 04:59:13.674,1.10433,1.10447,1.37,1.50
2016.01.27 04:59:13.979,1.10433,1.10444,1.37,1.00
2016.01.27 04:59:14.459,1.10433,1.10446,1.37,1.00
2016.01.27 04:59:21.124,1.10434,1.10446,1.37,1.00
2016.01.27 04:59:22.825,1.10434,1.10445,1.37,1.00
2016.01.27 04:59:23.373,1.10434,1.10446,1.37,1.00
2016.01.27 04:59:25.618,1.10434,1.10445,1.37,1.00
2016.01.27 04:59:27.650,1.10434,1.10446,1.37,1.00
2016.01.27 04:59:31.733,1.10434,1.10447,1.37,1.00
2016.01.27 04:59:32.244,1.10434,1.10448,1.37,1.50
2016.01.27 04:59:32.758,1.10434,1.10449,1.37,1.12
2016.01.27 04:59:36.321,1.10434,1.10448,1.37,1.00
2016.01.27 04:59:37.228,1.10434,1.10449,1.37,1.87
2016.01.27 04:59:51.486,1.10434,1.10448,1.37,1.00
2016.01.27 04:59:51.989,1.10434,1.10447,1.37,1.00
2016.01.27 04:59:53.398,1.10434,1.10448,1.37,1.00
2016.01.27 04:59:58.298,1.10434,1.10446,1.37,1.00
2016.01.27 04:59:58.605,1.10433,1.10446,1.00,1.50
2016.01.27 04:59:59.117,1.10433,1.10445,1.00,1.00
