2016.01.11 21:00:00.355,1.08708,1.08719,0.75,0.37
2016.01.11 21:00:00.460,1.0871,1.08721,0.37,0.75
2016.01.11 21:00:00.765,1.08709,1.08719,0.75,0.75
2016.01.11 21:00:00.918,1.08706,1.08718,0.37,0.75
2016.01.11 21:00:00.969,1.08709,1.08719,0.37,1.12
2016.01.11 21:00:01.274,1.08709,1.08715,0.37,0.75
2016.01.11 21:00:01.794,1.08708,1.08716,0.75,0.75
2016.01.11 21:00:02.973,1.08709,1.08718,0.37,0.75
2016.01.11 21:00:03.482,1.0871,1.08717,0.37,0.75
2016.01.11 21:00:03.533,1.0871,1.08719,0.37,1.50
2016.01.11 21:00:04.083,1.0871,1.0872,0.37,1.87
2016.01.11 21:00:05.036,1.0871,1.08719,0.37,0.75
2016.01.11 21:00:05.190,1.08708,1.08719,0.37,1.12
2016.01.11 21:00:05.293,1.08708,1.08714,0.37,0.75
2016.01.11 21:00:05.915,1.08708,1.08719,0.37,1.87
2016.01.11 21:00:06.440,1.08709,1.08719,0.37,0.75
2016.01.11 21:00:07.612,1.08709,1.0872,0.37,1.87
2016.01.11 21:00:08.274,1.08709,1.08719,0.37,0.75
2016.01.11 21:00:08.325,1.08709,1.08714,0.37,0.75
2016.01.11 21:00:08.376,1.08707,1.08714,0.37,0.75
2016.01.11 21:00:08.580,1.08705,1.08714,0.37,0.75
2016.01.11 21:00:08.784,1.08705,1.08711,0.37,0.75
2016.01.11 21:00:09.215,1.08704,1.08713,0.75,0.75
2016.01.11 21:00:09.571,1.08704,1.08711,0.37,0.75
2016.01.11 21:00:10.083,1.08704,1.08712,0.75,0.75
2016.01.11 21:00:10.388,1.08704,1.0871,0.37,0.75
2016.01.11 21:00:10.793,1.08704,1.08712,0.75,0.75
2016.01.11 21:00:11.301,1.08705,1.08711,0.37,0.75
2016.01.11 21:00:12.637,1.08705,1.08713,0.37,0.75
2016.01.11 21:00:13.146,1.08705,1.08714,0.37,0.75
2016.01.11 21:00:13.656,1.08705,1.08715,0.37,0.37
2016.01.11 21:00:15.371,1.08705,1.08714,0.37,0.75
2016.01.11 21:00:16.481,1.08705,1.08715,0.37,0.75
2016.01.11 21:00:18.140,1.08705,1.08714,0.37,0.75
2016.01.11 21:00:18.242,1.08704,1.08708,1.12,0.75
2016.01.11 21:00:19.186,1.08705,1.08711,0.37,1.50
2016.01.11 21:00:19.237,1.08703,1.08708,0.37,0.75
2016.01.11 21:00:19.441,1.08701,1.08708,0.37,0.75
2016.01.11 21:00:19.748,1.08699,1.08709,0.37,0.75
2016.01.11 21:00:19.901,1.08699,1.08711,0.37,1.50
2016.01.11 21:00:26.069,1.08699,1.08709,0.37,0.75
2016.01.11 21:00:26.614,1.08699,1.08708,0.37,0.75
2016.01.11 21:00:29.184,1.08699,1.08707,0.37,0.75
2016.01.11 21:00:29.489,1.08698,1.08709,0.37,0.75
2016.01.11 21:00:31.546,1.08698,1.0871,0.37,0.75
2016.01.11 21:00:32.118,1.08698,1.08709,0.37,0.75
2016.01.11 21:00:32.526,1.08697,1.08706,0.37,0.75
2016.01.11 21:00:32.679,1.08697,1.08708,0.37,0.75
2016.01.11 21:00:33.187,1.08698,1.08708,0.37,0.75
2016.01.11 21:00:34.050,1.08699,1.08708,0.37,0.75
2016.01.11 21:00:36.737,1.08699,1.08707,0.37,0.75
2016.01.11 21:00:37.259,1.08698,1.08706,0.37,0.75
2016.01.11 21:00:37.766,1.08698,1.08707,0.37,0.75
2016.01.11 21:00:37.817,1.08698,1.0871,0.37,1.50
2016.01.11 21:00:39.519,1.08698,1.08709,0.37,0.75
2016.01.11 21:00:40.324,1.08698,1.0871,0.37,1.50
2016.01.11 21:00:58.506,1.08699,1.0871,0.37,1.50
2016.01.11 21:00:58.626,1.087,1.08712,0.37,0.75
2016.01.11 21:00:58.879,1.08702,1.08714,0.37,1.87
2016.01.11 21:00:59.387,1.08704,1.08714,0.37,0.37
2016.01.11 21:01:03.917,1.08704,1.08716,0.37,0.75
2016.01.11 21:01:04.427,1.08705,1.08716,0.37,0.75
2016.01.11 21:01:04.945,1.08706,1.08716,0.37,0.75
2016.01.11 21:01:06.384,1.08705,1.08716,0.75,0.75
2016.01.11 21:01:06.888,1.08705,1.08715,0.37,0.75
2016.01.11 21:01:08.834,1.08705,1.08714,0.37,0.75
2016.01.11 21:01:10.004,1.08705,1.08713,0.37,0.75
2016.01.11 21:01:10.562,1.08705,1.08714,0.37,1.50
2016.01.11 21:01:11.170,1.08705,1.08716,0.37,1.50
2016.01.11 21:01:11.425,1.08708,1.08719,0.37,0.75
2016.01.11 21:01:11.718,1.08709,1.08721,0.37,2.25
2016.01.11 21:01:14.920,1.08709,1.0872,0.37,0.75
2016.01.11 21:01:17.592,1.08711,1.0872,0.75,0.75
2016.01.11 21:01:17.898,1.08713,1.08721,0.37,1.50
2016.01.11 21:01:20.309,1.08713,1.08723,0.37,1.50
2016.01.11 21:01:21.248,1.08713,1.08724,0.37,1.12
2016.01.11 21:01:21.757,1.08714,1.08724,0.37,0.37
2016.01.11 21:01:22.357,1.08714,1.08723,1.12,0.37
2016.01.11 21:01:23.169,1.08714,1.08724,0.37,0.37
2016.01.11 21:01:23.755,1.08715,1.08724,0.75,0.37
2016.01.11 21:01:24.517,1.08714,1.08724,1.12,1.12
2016.01.11 21:01:25.029,1.08714,1.08723,1.12,0.37
2016.01.11 21:01:26.692,1.08714,1.08724,1.12,1.12
2016.01.11 21:01:28.505,1.08714,1.08723,1.12,0.37
2016.01.11 21:01:29.008,1.08714,1.08724,1.12,1.12
2016.01.11 21:01:35.204,1.08715,1.08724,0.75,1.12
2016.01.11 21:01:38.316,1.08716,1.08725,0.75,0.37
2016.01.11 21:01:38.519,1.08716,1.08723,0.37,0.37
2016.01.11 21:01:46.329,1.08716,1.08724,0.37,0.37
2016.01.11 21:01:50.614,1.08716,1.08723,0.37,0.37
2016.01.11 21:01:52.041,1.08716,1.08724,0.37,0.37
2016.01.11 21:02:16.437,1.08717,1.08724,0.37,0.37
2016.01.11 21:02:16.591,1.08719,1.08727,0.37,0.37
2016.01.11 21:02:16.744,1.08722,1.08728,0.37,0.37
2016.01.11 21:02:17.662,1.08723,1.08728,0.37,0.37
2016.01.11 21:02:17.867,1.08723,1.08731,0.37,0.37
2016.01.11 21:02:25.375,1.08723,1.0873,1.12,0.37
2016.01.11 21:02:35.691,1.08723,1.08729,1.12,0.37
2016.01.11 21:02:36.199,1.08723,1.0873,1.12,1.12
2016.01.11 21:02:49.654,1.08723,1.08729,0.37,0.37
2016.01.11 21:02:49.705,1.0872,1.08729,1.12,0.37
2016.01.11 21:02:50.048,1.08718,1.08729,1.12,0.37
2016.01.11 21:02:50.590,1.08718,1.08728,1.12,0.37
2016.01.11 21:02:51.097,1.08718,1.08729,1.12,0.37
2016.01.11 21:03:10.654,1.08717,1.08729,1.12,1.87
2016.01.11 21:03:12.807,1.08717,1.08727,0.37,0.75
2016.01.11 21:03:13.315,1.08716,1.08727,0.37,0.75
2016.01.11 21:03:13.826,1.08716,1.08728,1.12,0.75
2016.01.11 21:03:18.961,1.08716,1.08725,0.37,0.75
2016.01.11 21:03:19.165,1.08709,1.0872,0.37,0.75
2016.01.11 21:03:19.713,1.0871,1.08721,0.75,1.50
2016.01.11 21:03:20.688,1.08709,1.08721,1.12,1.50
2016.01.11 21:03:21.217,1.08709,1.0872,0.75,0.75
2016.01.11 21:03:21.746,1.08708,1.0872,1.12,0.75
2016.01.11 21:03:22.258,1.08709,1.0872,0.75,0.75
2016.01.11 21:03:37.087,1.08708,1.0872,1.12,1.50
2016.01.11 21:03:40.014,1.08708,1.08719,1.12,0.75
2016.01.11 21:03:44.031,1.08708,1.08714,0.37,0.75
2016.01.11 21:03:44.235,1.087,1.0871,1.12,0.75
2016.01.11 21:03:44.337,1.087,1.08708,1.12,0.75
2016.01.11 21:03:44.643,1.08698,1.08706,1.12,0.75
2016.01.11 21:03:46.014,1.08697,1.08706,0.75,0.75
2016.01.11 21:03:47.904,1.08697,1.08705,0.75,0.75
2016.01.11 21:03:52.944,1.08696,1.08705,1.12,0.75
2016.01.11 21:04:00.524,1.08694,1.08705,1.12,0.75
2016.01.11 21:04:01.039,1.08694,1.08704,0.75,0.75
2016.01.11 21:04:02.923,1.08694,1.08705,1.12,0.75
2016.01.11 21:04:04.269,1.08694,1.08706,1.12,1.00
2016.01.11 21:04:04.777,1.08695,1.08707,1.12,1.00
2016.01.11 21:04:05.286,1.08695,1.08706,1.12,1.00
2016.01.11 21:04:06.619,1.08695,1.08707,1.12,1.00
2016.01.11 21:04:07.149,1.08695,1.08706,1.12,1.00
2016.01.11 21:04:09.029,1.08694,1.08707,1.87,1.00
2016.01.11 21:04:11.368,1.08696,1.08707,1.00,1.00
2016.01.11 21:04:11.673,1.08696,1.08709,1.87,1.00
2016.01.11 21:04:11.877,1.08699,1.08709,1.00,1.00
2016.01.11 21:04:12.033,1.08699,1.08712,1.87,1.00
2016.01.11 21:04:12.559,1.087,1.08713,1.37,1.50
2016.01.11 21:04:13.378,1.08701,1.08713,1.37,1.00
2016.01.11 21:04:13.928,1.08701,1.08714,1.87,1.87
2016.01.11 21:04:28.497,1.08703,1.08716,1.87,1.87
2016.01.11 21:04:28.803,1.08706,1.08716,1.00,1.00
2016.01.11 21:04:28.904,1.08707,1.0872,1.37,1.00
2016.01.11 21:04:29.108,1.08709,1.08722,1.37,1.50
2016.01.11 21:04:32.585,1.08708,1.08721,1.37,1.00
2016.01.11 21:04:43.029,1.0871,1.08722,1.37,1.50
2016.01.11 21:04:48.622,1.0871,1.08721,1.87,1.00
2016.01.11 21:04:50.146,1.08709,1.08721,1.12,1.50
2016.01.11 21:04:50.654,1.08708,1.0872,1.87,1.00
2016.01.11 21:04:51.183,1.08708,1.08721,1.87,1.50
2016.01.11 21:05:06.749,1.08706,1.08717,1.87,1.00
2016.01.11 21:05:07.300,1.08706,1.08717,1.12,1.00
2016.01.11 21:05:07.810,1.08706,1.08718,1.12,1.00
2016.01.11 21:05:08.319,1.08707,1.08719,1.12,1.00
2016.01.11 21:05:08.865,1.08707,1.0872,1.87,1.50
2016.01.11 21:05:18.845,1.08708,1.08719,1.00,1.00
2016.01.11 21:05:20.343,1.0871,1.08719,1.00,1.00
2016.01.11 21:05:20.497,1.0871,1.08721,1.00,1.00
2016.01.11 21:05:21.005,1.08709,1.08721,1.12,1.00
2016.01.11 21:05:34.427,1.0871,1.08721,1.00,1.00
2016.01.11 21:05:34.948,1.0871,1.08722,1.12,1.00
2016.01.11 21:05:36.309,1.08711,1.08722,1.00,1.00
2016.01.11 21:05:36.411,1.08711,1.08724,1.87,1.12
2016.01.11 21:05:36.919,1.08712,1.08725,1.87,1.87
2016.01.11 21:05:39.671,1.08713,1.08725,1.12,1.87
2016.01.11 21:05:50.736,1.0871,1.08723,1.37,1.12
2016.01.11 21:06:01.189,1.08711,1.08724,1.37,1.12
2016.01.11 21:06:07.820,1.08712,1.08724,1.12,1.12
2016.01.11 21:06:08.343,1.08714,1.08727,1.37,1.87
2016.01.11 21:06:09.449,1.08715,1.08726,1.10,1.00
2016.01.11 21:06:09.552,1.08717,1.0873,1.87,1.00
2016.01.11 21:06:12.562,1.08718,1.08731,1.37,1.87
2016.01.11 21:06:20.841,1.08718,1.08731,1.37,2.62
2016.01.11 21:06:21.349,1.08718,1.08731,1.37,1.87
2016.01.11 21:06:24.053,1.08718,1.08731,1.37,2.62
2016.01.11 21:06:32.056,1.08718,1.08731,1.87,1.12
2016.01.11 21:06:33.275,1.08718,1.08731,1.87,1.87
2016.01.11 21:06:37.079,1.08719,1.08731,1.00,1.12
2016.01.11 21:06:37.591,1.08719,1.08732,1.87,1.87
2016.01.11 21:06:38.887,1.08721,1.08732,1.00,1.87
2016.01.11 21:06:38.989,1.08723,1.08732,1.87,1.00
2016.01.11 21:06:39.142,1.08729,1.0874,1.00,1.00
2016.01.11 21:06:39.295,1.0873,1.0874,1.50,1.00
2016.01.11 21:06:39.360,1.08731,1.08744,1.37,1.00
2016.01.11 21:06:44.334,1.08733,1.08745,1.37,1.37
2016.01.11 21:06:44.863,1.08733,1.08746,1.37,1.87
2016.01.11 21:06:48.226,1.08733,1.08746,1.37,1.87
2016.01.11 21:06:48.734,1.08734,1.08746,1.37,1.37
2016.01.11 21:06:50.235,1.08734,1.08747,1.65,1.00
2016.01.11 21:06:50.337,1.08735,1.08749,1.95,1.50
2016.01.11 21:06:50.846,1.08737,1.0875,1.37,1.00
2016.01.11 21:06:51.503,1.08737,1.08748,1.37,1.00
2016.01.11 21:06:51.656,1.08737,1.0875,1.37,1.00
2016.01.11 21:06:52.267,1.08737,1.08751,1.12,1.50
2016.01.11 21:06:57.967,1.08739,1.08752,1.37,1.00
2016.01.11 21:06:58.170,1.08741,1.08754,1.37,1.12
2016.01.11 21:06:58.679,1.0874,1.08753,1.37,1.12
2016.01.11 21:06:59.227,1.08739,1.08752,1.37,1.00
2016.01.11 21:07:00.310,1.0874,1.08753,1.37,1.00
2016.01.11 21:07:00.845,1.08741,1.08754,1.37,1.12
2016.01.11 21:07:02.558,1.08741,1.08753,1.37,1.00
2016.01.11 21:07:02.863,1.08741,1.08751,1.37,1.00
2016.01.11 21:07:02.965,1.08739,1.08751,1.37,1.00
2016.01.11 21:07:03.473,1.08738,1.08751,1.37,1.50
2016.01.11 21:07:07.279,1.08737,1.0875,1.37,1.00
2016.01.11 21:07:07.789,1.08738,1.08751,1.37,1.00
2016.01.11 21:07:14.274,1.08736,1.0875,1.12,1.00
2016.01.11 21:07:14.326,1.08736,1.08749,1.37,1.00
2016.01.11 21:07:22.474,1.08737,1.08749,1.37,1.00
2016.01.11 21:07:22.525,1.08738,1.08751,1.37,1.50
2016.01.11 21:07:22.876,1.08736,1.0875,1.12,2.62
2016.01.11 21:07:23.383,1.08736,1.08749,1.37,1.12
2016.01.11 21:07:45.736,1.08733,1.08746,1.37,1.00
2016.01.11 21:08:32.542,1.08732,1.08745,1.37,1.00
2016.01.11 21:08:52.583,1.08733,1.08746,1.37,1.00
2016.01.11 21:09:02.668,1.08732,1.08744,1.37,1.00
2016.01.11 21:09:03.215,1.08731,1.08744,1.37,1.00
2016.01.11 21:09:04.964,1.0873,1.08742,1.37,1.00
2016.01.11 21:09:05.486,1.08729,1.08742,1.37,1.00
2016.01.11 21:09:12.580,1.08728,1.08741,1.87,1.00
2016.01.11 21:09:14.411,1.08727,1.08739,1.37,1.00
2016.01.11 21:09:14.812,1.08726,1.08738,1.00,1.00
2016.01.11 21:09:15.674,1.08725,1.08737,1.00,1.00
2016.01.11 21:09:38.046,1.08724,1.08738,1.12,1.50
2016.01.11 21:09:47.743,1.08724,1.08736,1.37,1.00
2016.01.11 21:09:48.244,1.08723,1.08736,1.37,1.00
2016.01.11 21:09:54.462,1.08723,1.08737,1.12,1.50
2016.01.11 21:09:54.971,1.08725,1.08738,1.37,1.00
2016.01.11 21:09:55.479,1.08724,1.08737,1.37,1.00
2016.01.11 21:10:05.297,1.08723,1.08736,1.37,1.00
2016.01.11 21:10:19.648,1.08724,1.08736,3.54,1.00
2016.01.11 21:10:19.956,1.08739,1.08746,1.00,1.00
2016.01.11 21:10:20.009,1.08739,1.08748,1.00,1.00
2016.01.11 21:10:20.111,1.08739,1.0875,1.00,1.00
2016.01.11 21:10:20.305,1.08742,1.0875,1.00,1.00
2016.01.11 21:10:22.476,1.08741,1.0875,1.00,1.12
2016.01.11 21:10:23.584,1.08743,1.08752,1.00,1.87
2016.01.11 21:10:23.685,1.08741,1.08751,1.00,1.37
2016.01.11 21:10:24.330,1.08739,1.08751,1.87,1.87
2016.01.11 21:10:24.874,1.0874,1.08751,1.00,1.87
2016.01.11 21:10:25.129,1.08742,1.08751,1.00,1.87
2016.01.11 21:10:33.258,1.08741,1.08751,1.00,1.87
2016.01.11 21:10:37.430,1.08742,1.08751,1.00,1.87
2016.01.11 21:10:46.210,1.08746,1.08751,1.00,1.37
2016.01.11 21:10:46.362,1.08745,1.08751,1.00,1.37
2016.01.11 21:10:46.870,1.08745,1.0875,1.00,1.37
2016.01.11 21:10:47.379,1.08745,1.08751,1.00,1.37
2016.01.11 21:10:51.281,1.08744,1.08751,1.00,1.37
2016.01.11 21:10:53.850,1.08744,1.0875,1.00,1.37
2016.01.11 21:10:54.357,1.08744,1.08751,1.00,1.37
2016.01.11 21:10:55.033,1.08741,1.08752,1.87,1.37
2016.01.11 21:10:55.340,1.08739,1.08749,1.12,1.37
2016.01.11 21:10:55.755,1.08739,1.08751,1.12,1.87
2016.01.11 21:10:56.262,1.08739,1.0875,1.00,1.87
2016.01.11 21:10:57.914,1.08739,1.0875,3.37,1.37
2016.01.11 21:10:59.470,1.0874,1.08752,1.12,1.12
2016.01.11 21:10:59.521,1.08743,1.08752,1.00,1.12
2016.01.11 21:10:59.767,1.08741,1.08752,1.00,1.87
2016.01.11 21:11:00.074,1.08744,1.08752,1.00,1.37
2016.01.11 21:11:02.044,1.08743,1.08752,1.00,1.37
2016.01.11 21:11:06.846,1.08743,1.08754,1.12,1.00
2016.01.11 21:11:06.898,1.08746,1.08755,1.00,1.00
2016.01.11 21:11:07.204,1.08751,1.0876,1.00,1.37
2016.01.11 21:11:07.712,1.08752,1.08759,1.00,1.12
2016.01.11 21:11:08.884,1.08751,1.0876,1.00,1.37
2016.01.11 21:11:09.753,1.08751,1.08759,1.00,1.37
2016.01.11 21:11:10.109,1.08753,1.08759,1.00,1.12
2016.01.11 21:11:12.191,1.08753,1.08759,1.00,1.37
2016.01.11 21:11:12.698,1.08752,1.08759,1.00,1.37
2016.01.11 21:11:16.273,1.08753,1.08759,1.00,1.37
2016.01.11 21:11:17.270,1.08753,1.08759,1.00,1.12
2016.01.11 21:11:19.264,1.08753,1.08759,1.00,1.37
2016.01.11 21:11:22.634,1.08751,1.08759,1.12,1.37
2016.01.11 21:11:35.118,1.08748,1.08758,1.87,1.12
2016.01.11 21:11:35.323,1.08746,1.08759,1.37,1.87
2016.01.11 21:11:41.223,1.08747,1.08759,1.12,2.62
2016.01.11 21:11:42.103,1.08747,1.08759,1.87,1.12
2016.01.11 21:11:43.454,1.08748,1.08759,1.12,1.37
2016.01.11 21:11:44.035,1.08748,1.08759,1.12,1.12
2016.01.11 21:11:44.340,1.08746,1.08758,1.12,1.87
2016.01.11 21:11:44.889,1.08746,1.08758,1.12,1.87
2016.01.11 21:11:48.742,1.08746,1.08758,1.12,1.87
2016.01.11 21:11:49.251,1.08745,1.08758,1.37,2.62
2016.01.11 21:11:56.036,1.08745,1.08758,1.37,1.87
2016.01.11 21:12:03.641,1.08745,1.08758,1.37,1.87
2016.01.11 21:12:21.003,1.08745,1.08758,1.37,1.87
2016.01.11 21:12:32.489,1.08744,1.08757,1.37,1.00
2016.01.11 21:12:49.551,1.08744,1.08757,1.37,1.87
2016.01.11 21:12:50.061,1.08743,1.08756,1.37,1.37
2016.01.11 21:12:50.571,1.08743,1.08756,1.37,1.12
2016.01.11 21:12:53.878,1.08743,1.08756,1.37,1.37
2016.01.11 21:12:54.398,1.08745,1.08756,1.00,1.00
2016.01.11 21:13:01.628,1.08744,1.08756,1.12,1.00
2016.01.11 21:13:12.567,1.08744,1.08757,1.87,1.12
2016.01.11 21:13:52.596,1.08745,1.08758,1.37,1.87
2016.01.11 21:13:59.399,1.08745,1.08758,1.37,1.12
2016.01.11 21:14:12.606,1.08744,1.08757,1.37,1.00
2016.01.11 21:14:21.635,1.08743,1.08756,1.37,1.00
2016.01.11 21:14:32.549,1.08742,1.08755,1.37,1.00
2016.01.11 21:14:35.890,1.08741,1.08754,1.37,1.00
2016.01.11 21:14:42.282,1.08741,1.08753,1.37,1.12
2016.01.11 21:14:42.413,1.08736,1.08749,1.87,1.00
2016.01.11 21:14:44.000,1.08738,1.08751,1.37,1.00
2016.01.11 21:14:49.103,1.08737,1.0875,1.87,1.00
2016.01.11 21:14:56.092,1.08738,1.08751,1.87,1.00
2016.01.11 21:15:00.974,1.08741,1.08751,1.00,1.00
2016.01.11 21:15:07.470,1.08739,1.08751,1.12,1.00
2016.01.11 21:15:22.176,1.08738,1.0875,1.00,1.00
2016.01.11 21:15:22.278,1.08736,1.08748,1.87,1.00
2016.01.11 21:15:22.796,1.08735,1.08748,1.37,1.00
2016.01.11 21:15:28.375,1.08734,1.08747,1.37,1.00
2016.01.11 21:15:29.885,1.08733,1.08746,1.37,1.00
2016.01.11 21:15:42.020,1.08733,1.08744,1.37,1.00
2016.01.11 21:15:42.277,1.08727,1.0874,1.37,1.87
2016.01.11 21:15:42.379,1.08724,1.08737,1.37,1.00
2016.01.11 21:15:42.889,1.08723,1.08736,1.37,1.00
2016.01.11 21:15:49.681,1.08721,1.08734,1.37,1.00
2016.01.11 21:15:50.677,1.08719,1.08732,1.37,1.00
2016.01.11 21:15:50.984,1.08716,1.08729,1.87,1.00
2016.01.11 21:16:03.694,1.08718,1.0873,1.50,1.00
2016.01.11 21:16:04.012,1.08718,1.08732,1.87,1.50
2016.01.11 21:16:04.216,1.08718,1.0873,1.87,1.00
2016.01.11 21:16:04.742,1.08717,1.0873,1.87,1.00
2016.01.11 21:16:15.189,1.08719,1.0873,1.00,1.00
2016.01.11 21:16:15.240,1.08719,1.08732,1.87,1.00
2016.01.11 21:16:18.322,1.0872,1.08731,1.00,1.00
2016.01.11 21:16:18.838,1.0872,1.08732,1.12,1.00
2016.01.11 21:16:22.231,1.08721,1.08732,1.00,1.00
2016.01.11 21:16:22.282,1.08723,1.08732,1.00,1.00
2016.01.11 21:16:22.539,1.08731,1.08742,1.00,1.00
2016.01.11 21:16:22.591,1.08735,1.08742,1.00,1.00
2016.01.11 21:16:22.745,1.08734,1.08744,1.50,1.00
2016.01.11 21:16:22.847,1.08735,1.08747,1.12,1.00
2016.01.11 21:16:23.396,1.08736,1.08747,1.00,1.00
2016.01.11 21:16:23.857,1.08737,1.08749,1.12,1.00
2016.01.11 21:16:32.604,1.08738,1.08749,1.00,1.00
2016.01.11 21:16:38.188,1.08739,1.08749,1.00,1.00
2016.01.11 21:16:38.241,1.08745,1.08749,1.00,1.00
2016.01.11 21:16:38.344,1.08747,1.08753,1.00,1.00
2016.01.11 21:16:38.396,1.08749,1.08753,1.00,1.00
2016.01.11 21:16:38.704,1.08753,1.08757,1.00,1.00
2016.01.11 21:16:38.858,1.08753,1.08759,1.00,1.00
2016.01.11 21:16:40.272,1.08753,1.08761,1.00,1.87
2016.01.11 21:16:46.266,1.08756,1.08761,1.00,1.87
2016.01.11 21:16:46.419,1.08754,1.08761,1.00,1.12
2016.01.11 21:16:46.471,1.08758,1.08762,1.00,1.00
2016.01.11 21:16:46.675,1.08758,1.08764,1.00,1.00
2016.01.11 21:16:46.980,1.08758,1.08767,1.00,1.00
2016.01.11 21:16:49.799,1.08755,1.08767,1.87,1.00
2016.01.11 21:16:50.308,1.08753,1.08765,1.87,1.00
2016.01.11 21:16:50.817,1.08753,1.08765,1.12,1.00
2016.01.11 21:16:56.087,1.08754,1.08765,1.00,1.00
2016.01.11 21:16:58.305,1.08752,1.08765,2.62,1.00
2016.01.11 21:17:12.756,1.08758,1.08765,1.00,1.00
2016.01.11 21:17:12.807,1.08756,1.08765,1.50,1.00
2016.01.11 21:17:12.859,1.08759,1.08765,1.00,1.00
2016.01.11 21:17:13.115,1.08764,1.08771,1.00,1.00
2016.01.11 21:17:13.320,1.08762,1.08773,1.50,1.00
2016.01.11 21:17:13.831,1.08762,1.08772,1.00,1.00
2016.01.11 21:17:14.946,1.08762,1.08773,1.00,1.00
2016.01.11 21:17:19.074,1.0876,1.08773,2.62,1.00
2016.01.11 21:17:19.585,1.08759,1.08772,1.37,1.00
2016.01.11 21:17:23.019,1.08757,1.0877,1.50,1.00
2016.01.11 21:17:23.661,1.08756,1.08769,1.87,1.00
2016.01.11 21:17:31.334,1.08754,1.08767,1.37,1.00
2016.01.11 21:17:31.641,1.08752,1.08765,1.37,1.00
2016.01.11 21:17:32.164,1.08751,1.08764,1.37,1.00
2016.01.11 21:17:38.533,1.08751,1.08763,1.37,1.00
2016.01.11 21:17:38.687,1.08749,1.08762,1.37,1.00
2016.01.11 21:17:39.234,1.08748,1.08761,1.37,1.00
2016.01.11 21:17:41.945,1.08747,1.0876,1.37,1.00
2016.01.11 21:17:52.536,1.0875,1.0876,1.00,1.00
2016.01.11 21:17:52.639,1.08748,1.0876,1.12,1.50
2016.01.11 21:17:59.096,1.08747,1.08759,1.37,1.00
2016.01.11 21:18:00.620,1.08746,1.08758,1.37,1.00
2016.01.11 21:18:01.142,1.08745,1.08758,1.37,1.00
2016.01.11 21:18:25.562,1.08745,1.08759,1.12,1.00
2016.01.11 21:18:26.113,1.08747,1.0876,1.37,1.00
2016.01.11 21:18:39.804,1.08748,1.08761,1.37,1.00
2016.01.11 21:18:52.550,1.08749,1.08762,1.37,1.00
2016.01.11 21:18:55.235,1.08748,1.08761,1.37,1.00
2016.01.11 21:18:55.737,1.08749,1.08762,1.37,1.00
2016.01.11 21:19:00.460,1.08747,1.0876,1.37,1.00
2016.01.11 21:19:12.553,1.08747,1.08761,1.12,1.50
2016.01.11 21:19:28.620,1.0875,1.08762,1.37,1.00
2016.01.11 21:19:36.117,1.0875,1.08763,1.37,1.50
2016.01.11 21:19:47.607,1.0875,1.08762,1.37,1.00
2016.01.11 21:19:47.760,1.08748,1.08761,1.37,1.50
2016.01.11 21:19:48.271,1.08748,1.0876,1.37,1.00
2016.01.11 21:19:59.374,1.08748,1.08761,1.37,1.50
2016.01.11 21:20:00.208,1.08748,1.0876,1.37,1.00
2016.01.11 21:20:21.800,1.08747,1.08759,1.37,1.00
2016.01.11 21:20:22.176,1.08745,1.08758,1.37,1.50
2016.01.11 21:20:23.124,1.08745,1.08757,1.37,1.00
2016.01.11 21:20:23.278,1.08742,1.08754,1.37,1.00
2016.01.11 21:20:23.823,1.08741,1.08754,1.37,1.50
2016.01.11 21:20:36.935,1.08741,1.08753,1.37,1.00
2016.01.11 21:20:37.191,1.08738,1.08751,1.37,1.00
2016.01.11 21:21:29.486,1.08741,1.08754,1.37,1.00
2016.01.11 21:21:32.921,1.08741,1.08748,1.37,1.00
2016.01.11 21:21:33.076,1.08739,1.08748,1.37,1.00
2016.01.11 21:21:33.179,1.08731,1.08743,1.37,1.00
2016.01.11 21:21:33.329,1.08727,1.08739,1.37,1.00
2016.01.11 21:21:33.391,1.08725,1.08738,1.37,1.00
2016.01.11 21:21:33.595,1.08723,1.08736,1.50,1.00
2016.01.11 21:21:35.181,1.08724,1.08737,1.50,1.00
2016.01.11 21:21:52.613,1.08723,1.08736,1.37,1.00
2016.01.11 21:21:59.926,1.08722,1.08738,1.12,1.50
2016.01.11 21:22:38.180,1.08722,1.08739,1.12,2.25
2016.01.11 21:22:38.688,1.08722,1.08738,1.50,1.50
2016.01.11 21:22:56.284,1.08724,1.08738,1.00,1.00
2016.01.11 21:22:56.691,1.08728,1.08739,1.12,1.57
2016.01.11 21:22:57.231,1.08728,1.08741,1.37,1.95
2016.01.11 21:23:01.240,1.08728,1.08741,1.37,1.65
2016.01.11 21:23:11.231,1.08728,1.08741,1.37,2.40
2016.01.11 21:23:12.340,1.0873,1.08741,1.37,2.02
2016.01.11 21:23:12.442,1.08727,1.08741,1.37,3.15
2016.01.11 21:23:13.349,1.08728,1.08739,1.37,1.00
2016.01.11 21:23:13.859,1.08728,1.08739,1.12,1.50
2016.01.11 21:23:14.165,1.08729,1.08735,1.12,1.00
2016.01.11 21:23:14.674,1.08728,1.08736,1.37,1.00
2016.01.11 21:23:17.204,1.08728,1.08739,1.37,1.50
2016.01.11 21:23:17.747,1.08728,1.08739,1.12,1.50
2016.01.11 21:23:17.799,1.08728,1.08737,1.12,1.00
2016.01.11 21:23:17.850,1.08723,1.08736,1.37,1.00
2016.01.11 21:23:17.952,1.08722,1.08736,2.25,1.50
2016.01.11 21:23:18.501,1.08722,1.08737,1.00,1.12
2016.01.11 21:23:19.012,1.08723,1.08738,1.00,1.87
2016.01.11 21:23:23.633,1.08722,1.08737,1.00,1.00
2016.01.11 21:23:28.803,1.08721,1.08737,1.87,1.00
2016.01.11 21:23:33.906,1.08722,1.08737,1.00,1.00
2016.01.11 21:23:34.263,1.08724,1.08738,1.00,1.00
2016.01.11 21:23:37.269,1.08725,1.08738,1.00,1.00
2016.01.11 21:23:37.473,1.08723,1.08737,1.12,1.00
2016.01.11 21:23:37.525,1.08723,1.08735,1.12,1.00
2016.01.11 21:23:37.780,1.08725,1.08738,1.00,1.00
2016.01.11 21:23:37.883,1.08722,1.08738,1.87,1.00
2016.01.11 21:23:38.428,1.08722,1.08737,1.37,1.12
2016.01.11 21:23:38.581,1.08721,1.08736,1.12,1.12
2016.01.11 21:23:46.173,1.0872,1.08735,2.62,1.00
2016.01.11 21:23:46.276,1.0872,1.08735,1.87,2.62
2016.01.11 21:23:46.786,1.0872,1.08732,1.00,1.00
2016.01.11 21:23:49.087,1.0872,1.08732,1.37,1.00
2016.01.11 21:23:58.363,1.0872,1.08735,1.37,2.17
2016.01.11 21:23:58.465,1.0872,1.08733,1.37,1.00
2016.01.11 21:23:58.984,1.0872,1.08734,1.37,1.00
2016.01.11 21:24:00.691,1.0872,1.08733,1.37,1.00
2016.01.11 21:24:00.742,1.08719,1.08733,1.12,1.00
2016.01.11 21:24:01.261,1.08719,1.08732,1.12,1.00
2016.01.11 21:24:13.117,1.08718,1.08733,3.00,1.00
2016.01.11 21:24:13.759,1.08719,1.08733,1.37,1.00
2016.01.11 21:24:14.123,1.08718,1.08733,1.87,1.12
2016.01.11 21:24:16.121,1.08716,1.08731,3.75,1.67
2016.01.11 21:24:16.172,1.08716,1.0873,1.12,1.42
2016.01.11 21:24:16.223,1.08713,1.08729,1.75,1.67
2016.01.11 21:24:16.274,1.08713,1.08729,1.00,1.67
2016.01.11 21:24:16.479,1.08712,1.08727,1.37,1.67
2016.01.11 21:24:16.622,1.08711,1.08727,1.00,1.67
2016.01.11 21:24:16.726,1.08713,1.08728,1.00,1.67
2016.01.11 21:24:17.032,1.08715,1.08728,1.37,1.67
2016.01.11 21:24:21.512,1.08715,1.08729,1.37,1.00
2016.01.11 21:24:22.024,1.08715,1.08728,1.37,1.00
2016.01.11 21:24:22.820,1.08715,1.08729,1.37,1.00
2016.01.11 21:24:23.075,1.08716,1.0873,1.37,1.00
2016.01.11 21:24:45.300,1.08716,1.08731,1.37,1.42
2016.01.11 21:24:57.470,1.08716,1.0873,1.37,1.00
2016.01.11 21:25:01.332,1.08716,1.0873,1.37,1.00
2016.01.11 21:25:27.962,1.08716,1.08728,1.37,1.00
2016.01.11 21:25:28.507,1.08716,1.08727,1.37,1.00
2016.01.11 21:25:32.852,1.08716,1.08726,1.37,1.00
2016.01.11 21:25:33.158,1.08716,1.08724,1.37,1.00
2016.01.11 21:25:35.265,1.08716,1.08727,1.37,1.00
2016.01.11 21:25:42.130,1.08716,1.08728,1.37,1.00
2016.01.11 21:25:42.283,1.08717,1.0873,1.12,1.00
2016.01.11 21:25:42.437,1.08717,1.08733,1.12,1.50
2016.01.11 21:25:43.751,1.08716,1.08734,1.87,1.50
2016.01.11 21:26:25.189,1.08717,1.08735,1.12,1.50
2016.01.11 21:27:45.016,1.08716,1.08735,1.12,1.00
2016.01.11 21:28:16.561,1.08717,1.08735,1.12,1.87
2016.01.11 21:29:22.056,1.08716,1.08735,1.12,1.00
2016.01.11 21:29:22.596,1.08716,1.08735,2.25,1.12
2016.01.11 21:29:32.004,1.08716,1.08735,1.50,1.87
2016.01.11 21:29:32.550,1.08716,1.08735,2.25,1.37
2016.01.11 21:29:34.183,1.08717,1.08736,1.00,2.62
2016.01.11 21:29:40.592,1.08716,1.08736,3.00,2.62
2016.01.11 21:29:41.777,1.08717,1.08736,1.00,2.62
2016.01.11 21:29:52.005,1.08718,1.08736,1.87,1.00
2016.01.11 21:29:52.208,1.08719,1.08738,2.25,1.00
2016.01.11 21:29:52.718,1.0872,1.08738,1.00,1.00
2016.01.11 21:29:57.956,1.08725,1.08738,1.00,1.00
2016.01.11 21:29:58.007,1.08725,1.08741,1.00,2.25
2016.01.11 21:30:00.998,1.08725,1.08742,1.00,1.00
2016.01.11 21:30:12.226,1.08725,1.08741,1.00,1.00
2016.01.11 21:30:14.537,1.08725,1.08742,1.00,1.00
2016.01.11 21:30:15.072,1.08726,1.08742,1.00,1.00
2016.01.11 21:30:15.124,1.08728,1.08742,1.00,1.00
2016.01.11 21:30:15.226,1.08726,1.08742,1.00,1.00
2016.01.11 21:30:15.328,1.08728,1.08743,1.00,1.00
2016.01.11 21:30:15.927,1.08727,1.08743,1.00,1.00
2016.01.11 21:30:16.486,1.08726,1.08743,1.00,1.00
2016.01.11 21:30:22.947,1.08727,1.08743,1.00,1.00
2016.01.11 21:30:36.758,1.08728,1.08744,1.00,1.87
2016.01.11 21:30:37.269,1.08729,1.08744,1.00,1.87
2016.01.11 21:30:48.653,1.0873,1.08746,1.00,1.87
2016.01.11 21:30:49.163,1.08731,1.08746,1.00,1.37
2016.01.11 21:30:50.723,1.08731,1.08746,1.00,1.37
2016.01.11 21:30:51.244,1.08731,1.08746,1.00,1.37
2016.01.11 21:30:53.476,1.0873,1.08744,1.00,1.12
2016.01.11 21:30:54.510,1.08729,1.08742,1.00,1.00
2016.01.11 21:30:55.024,1.08728,1.08743,1.00,1.00
2016.01.11 21:31:21.421,1.08727,1.08743,1.00,1.00
2016.01.11 21:31:29.229,1.08734,1.08743,1.00,1.00
2016.01.11 21:31:33.089,1.08734,1.08744,1.00,1.12
2016.01.11 21:31:37.808,1.08735,1.08745,1.00,1.37
2016.01.11 21:31:38.309,1.08736,1.08746,1.00,1.37
2016.01.11 21:31:42.353,1.08735,1.08746,1.00,2.62
2016.01.11 21:31:42.628,1.08726,1.08744,1.00,1.12
2016.01.11 21:31:43.558,1.08726,1.08744,1.30,1.12
2016.01.11 21:31:44.078,1.08726,1.08746,1.30,1.87
2016.01.11 21:31:44.589,1.08727,1.08746,1.67,1.37
2016.01.11 21:31:48.617,1.08735,1.08746,1.00,2.62
2016.01.11 21:31:49.178,1.08736,1.08746,1.00,2.62
2016.01.11 21:31:50.692,1.08734,1.08746,1.00,1.37
2016.01.11 21:31:51.202,1.08734,1.08746,1.00,1.37
2016.01.11 21:32:08.512,1.08739,1.08746,1.00,1.87
2016.01.11 21:32:10.449,1.08739,1.08746,1.00,1.50
2016.01.11 21:32:10.959,1.0874,1.08746,1.00,1.00
2016.01.11 21:32:24.336,1.0874,1.08747,1.00,1.00
2016.01.11 21:32:40.430,1.08739,1.08747,1.00,1.00
2016.01.11 21:32:57.356,1.0874,1.08748,1.00,1.00
2016.01.11 21:33:08.790,1.0874,1.08749,1.00,1.87
2016.01.11 21:33:16.184,1.0874,1.08748,1.00,1.00
2016.01.11 21:33:45.269,1.0874,1.08749,1.00,1.87
2016.01.11 21:34:07.193,1.08742,1.0875,1.00,1.87
2016.01.11 21:34:07.346,1.08743,1.08752,1.00,1.87
2016.01.11 21:34:07.854,1.08744,1.08752,1.00,1.00
2016.01.11 21:34:17.338,1.08743,1.08752,1.00,1.87
2016.01.11 21:34:17.893,1.08733,1.08752,1.37,1.50
2016.01.11 21:34:18.515,1.08741,1.08752,1.00,1.50
2016.01.11 21:34:25.071,1.08741,1.08751,1.00,1.00
2016.01.11 21:34:38.577,1.08741,1.08752,1.00,1.50
2016.01.11 21:34:55.264,1.0874,1.08752,1.00,1.50
2016.01.11 21:34:58.176,1.0874,1.08751,1.00,1.00
2016.01.11 21:35:08.507,1.0874,1.08752,1.00,2.25
2016.01.11 21:35:09.011,1.08741,1.08752,1.00,1.50
2016.01.11 21:35:13.563,1.0874,1.0875,1.00,1.00
2016.01.11 21:35:13.767,1.0874,1.08752,1.00,1.50
2016.01.11 21:35:14.757,1.08738,1.08752,1.00,1.50
2016.01.11 21:35:15.266,1.08738,1.08753,1.00,1.87
2016.01.11 21:35:16.613,1.08738,1.08752,1.00,1.00
2016.01.11 21:35:17.128,1.08737,1.08752,1.00,1.50
2016.01.11 21:35:19.502,1.0874,1.08752,1.00,2.25
2016.01.11 21:35:28.041,1.0874,1.08749,1.00,1.00
2016.01.11 21:35:28.298,1.08736,1.08746,1.00,1.00
2016.01.11 21:35:28.386,1.08733,1.08745,1.00,1.00
2016.01.11 21:35:29.450,1.08733,1.08747,1.00,1.00
2016.01.11 21:35:29.502,1.08737,1.08747,1.00,1.00
2016.01.11 21:35:30.358,1.08738,1.08747,1.00,1.00
2016.01.11 21:35:30.892,1.08739,1.0875,1.00,1.00
2016.01.11 21:35:31.576,1.0874,1.0875,1.00,1.00
2016.01.11 21:35:34.085,1.08736,1.0875,1.00,1.50
2016.01.11 21:35:34.531,1.08738,1.0875,1.00,1.00
2016.01.11 21:35:34.991,1.08735,1.0875,1.00,1.50
2016.01.11 21:35:35.297,1.08735,1.08748,1.00,1.00
2016.01.11 21:35:35.500,1.08735,1.0875,1.00,1.50
2016.01.11 21:35:36.050,1.08736,1.08751,1.00,1.00
2016.01.11 21:35:36.844,1.08735,1.08751,1.00,1.00
2016.01.11 21:35:37.956,1.08736,1.08751,1.00,1.00
2016.01.11 21:35:40.143,1.08736,1.0875,1.00,1.00
2016.01.11 21:35:45.222,1.08735,1.0875,1.00,1.00
2016.01.11 21:35:48.603,1.08736,1.0875,1.00,1.00
2016.01.11 21:35:49.470,1.08736,1.08751,1.00,1.00
2016.01.11 21:35:50.701,1.08737,1.08751,1.00,1.00
2016.01.11 21:35:51.931,1.08737,1.08752,1.00,1.00
2016.01.11 21:35:52.488,1.08737,1.08753,1.00,1.12
2016.01.11 21:35:56.304,1.08737,1.08753,1.00,1.37
2016.01.11 21:35:57.126,1.08736,1.08753,1.00,1.37
2016.01.11 21:36:03.658,1.08736,1.08753,1.00,1.12
2016.01.11 21:36:06.043,1.08736,1.08753,1.00,1.37
2016.01.11 21:36:22.053,1.08736,1.0875,1.00,1.37
2016.01.11 21:36:22.563,1.08735,1.0875,1.00,1.37
2016.01.11 21:36:24.303,1.08734,1.0875,1.50,1.37
2016.01.11 21:36:34.307,1.08733,1.08749,1.00,1.37
2016.01.11 21:36:58.404,1.08734,1.0875,1.00,1.37
2016.01.11 21:37:05.862,1.08734,1.08749,1.00,1.37
2016.01.11 21:37:08.633,1.08733,1.0875,1.00,1.37
2016.01.11 21:37:11.334,1.0873,1.0875,1.50,1.37
2016.01.11 21:37:11.948,1.08731,1.0875,1.00,2.62
2016.01.11 21:37:12.464,1.0873,1.0875,1.00,3.37
2016.01.11 21:37:13.439,1.08729,1.0875,1.00,3.37
2016.01.11 21:37:13.946,1.0873,1.08748,1.00,1.37
2016.01.11 21:37:14.456,1.08729,1.08748,1.00,1.37
2016.01.11 21:37:15.665,1.08729,1.08748,1.00,1.12
2016.01.11 21:37:16.279,1.08729,1.08748,1.00,1.37
2016.01.11 21:37:19.050,1.08731,1.08748,1.00,1.37
2016.01.11 21:37:19.594,1.08731,1.08748,1.00,1.12
2016.01.11 21:37:28.675,1.08731,1.08749,1.00,1.87
2016.01.11 21:37:30.398,1.08732,1.08747,1.00,1.00
2016.01.11 21:37:32.032,1.08732,1.08748,1.00,1.12
2016.01.11 21:37:43.001,1.08732,1.08748,1.00,1.37
2016.01.11 21:37:43.538,1.08731,1.08747,1.00,1.00
2016.01.11 21:37:44.222,1.08731,1.08748,1.00,1.12
2016.01.11 21:37:45.049,1.08732,1.08748,1.00,1.12
2016.01.11 21:38:15.917,1.08732,1.08747,1.00,1.00
2016.01.11 21:38:16.437,1.08732,1.08748,1.00,1.12
2016.01.11 21:38:16.947,1.08731,1.08747,1.00,1.00
2016.01.11 21:38:30.352,1.08726,1.08746,1.00,1.00
2016.01.11 21:38:30.503,1.08725,1.08744,1.00,1.00
2016.01.11 21:38:30.555,1.08723,1.08744,1.87,1.50
2016.01.11 21:38:30.657,1.08723,1.08742,1.12,1.00
2016.01.11 21:38:30.964,1.08725,1.08742,1.00,1.00
2016.01.11 21:38:31.483,1.08725,1.08741,1.00,1.00
2016.01.11 21:38:35.184,1.08726,1.08745,1.00,2.62
2016.01.11 21:38:35.286,1.08728,1.08745,1.00,2.62
2016.01.11 21:38:42.711,1.08728,1.08745,1.00,1.37
2016.01.11 21:38:43.816,1.08728,1.08745,1.00,1.37
2016.01.11 21:39:00.380,1.08725,1.08743,1.00,1.00
2016.01.11 21:39:00.482,1.08727,1.08741,1.00,1.00
2016.01.11 21:39:00.941,1.08724,1.08741,1.00,1.00
2016.01.11 21:39:01.145,1.08723,1.08744,1.12,4.12
2016.01.11 21:39:02.358,1.08722,1.08743,1.87,1.00
2016.01.11 21:39:02.460,1.08722,1.08741,1.87,1.00
2016.01.11 21:39:03.350,1.08724,1.08741,1.00,1.00
2016.01.11 21:40:00.237,1.08723,1.08741,1.50,1.00
2016.01.11 21:40:00.586,1.08723,1.08738,1.50,1.00
2016.01.11 21:40:11.431,1.08723,1.08737,1.50,1.00
2016.01.11 21:40:23.962,1.08723,1.08738,1.50,1.00
2016.01.11 21:40:32.740,1.08723,1.08737,1.50,1.00
2016.01.11 21:41:14.899,1.08728,1.08737,1.00,1.00
2016.01.11 21:41:15.103,1.08728,1.08739,1.00,1.00
2016.01.11 21:41:16.000,1.08728,1.0874,1.00,1.00
2016.01.11 21:41:16.510,1.08729,1.08741,1.00,1.00
2016.01.11 21:41:21.254,1.08729,1.08742,1.00,1.00
2016.01.11 21:41:55.165,1.0873,1.08743,1.00,1.00
2016.01.11 21:42:11.409,1.0873,1.08745,1.00,1.37
2016.01.11 21:42:29.809,1.0873,1.08743,1.00,1.00
2016.01.11 21:42:30.352,1.0873,1.08744,1.00,1.12
2016.01.11 21:43:00.711,1.0873,1.08743,1.00,1.00
2016.01.11 21:43:04.995,1.08727,1.08743,1.00,1.00
2016.01.11 21:43:06.958,1.08727,1.08745,1.00,1.37
2016.01.11 21:43:29.692,1.08728,1.08744,1.00,1.12
2016.01.11 21:43:41.576,1.08729,1.08744,1.00,1.12
2016.01.11 21:44:30.516,1.08729,1.08743,1.00,1.00
2016.01.11 21:44:31.062,1.08729,1.08744,1.00,1.87
2016.01.11 21:44:32.717,1.0873,1.08744,1.00,1.87
2016.01.11 21:44:35.705,1.08731,1.08744,1.00,1.87
2016.01.11 21:44:45.177,1.0873,1.08743,1.00,1.00
2016.01.11 21:44:45.695,1.0873,1.08744,1.00,1.87
2016.01.11 21:44:49.578,1.0873,1.08743,1.00,1.00
2016.01.11 21:44:59.582,1.0873,1.08744,1.00,1.87
2016.01.11 21:45:04.164,1.08727,1.08744,1.00,1.12
2016.01.11 21:45:04.672,1.08727,1.08743,1.00,1.00
2016.01.11 21:45:09.376,1.08726,1.08741,1.00,1.00
2016.01.11 21:45:09.631,1.08726,1.08743,1.00,1.00
2016.01.11 21:45:14.194,1.08727,1.08743,1.00,1.00
2016.01.11 21:45:14.754,1.08728,1.08743,1.00,1.00
2016.01.11 21:45:30.205,1.08728,1.08745,1.00,1.87
2016.01.11 21:45:30.757,1.08728,1.08743,1.00,1.00
2016.01.11 21:45:32.184,1.08728,1.08742,1.00,1.00
2016.01.11 21:45:32.704,1.08728,1.08743,1.00,1.00
2016.01.11 21:45:35.237,1.08726,1.08742,1.00,1.00
2016.01.11 21:45:37.077,1.08725,1.08742,1.00,1.50
2016.01.11 21:45:58.399,1.08722,1.08742,1.87,1.50
2016.01.11 21:46:47.574,1.08723,1.08743,1.12,1.00
2016.01.11 21:47:00.331,1.08723,1.08744,1.87,1.12
2016.01.11 21:47:27.490,1.08724,1.08744,1.00,1.12
2016.01.11 21:47:44.564,1.08723,1.08743,1.12,1.00
2016.01.11 21:47:45.066,1.08723,1.08744,1.87,1.12
2016.01.11 21:47:55.553,1.08724,1.08744,1.00,1.12
2016.01.11 21:48:00.124,1.08728,1.08744,1.00,1.00
2016.01.11 21:48:00.227,1.08725,1.08745,1.12,1.00
2016.01.11 21:48:00.736,1.08725,1.08744,1.12,1.00
2016.01.11 21:48:01.288,1.08725,1.08745,1.12,1.50
2016.01.11 21:48:01.794,1.08725,1.08744,1.12,1.00
2016.01.11 21:48:03.268,1.08725,1.08745,1.12,1.50
2016.01.11 21:48:43.611,1.08725,1.08745,1.87,1.00
2016.01.11 21:49:18.970,1.08725,1.08745,1.87,1.00
2016.01.11 21:49:19.493,1.08725,1.08744,1.87,1.50
2016.01.11 21:49:21.191,1.08725,1.08745,1.87,1.00
2016.01.11 21:50:00.358,1.08725,1.08744,1.37,1.00
2016.01.11 21:50:02.017,1.08725,1.08743,1.37,1.00
2016.01.11 21:50:02.532,1.08725,1.08744,1.37,1.00
2016.01.11 21:50:30.941,1.08725,1.08745,1.37,1.00
2016.01.11 21:50:31.443,1.08725,1.08744,1.37,1.00
2016.01.11 21:51:02.842,1.08726,1.08745,1.12,1.00
2016.01.11 21:51:11.967,1.08725,1.08743,1.87,1.00
2016.01.11 21:51:12.522,1.08725,1.08744,1.87,1.00
2016.01.11 21:51:13.941,1.08726,1.08743,1.87,1.00
2016.01.11 21:51:14.492,1.08726,1.08745,1.87,1.00
2016.01.11 21:51:16.248,1.08726,1.08744,1.87,1.00
2016.01.11 21:51:16.773,1.08726,1.08745,1.87,1.00
2016.01.11 21:51:20.005,1.08726,1.08745,1.87,1.00
2016.01.11 21:51:20.515,1.08726,1.08745,1.87,1.00
2016.01.11 21:51:46.495,1.08727,1.08746,1.00,1.00
2016.01.11 21:51:47.477,1.08727,1.08745,1.50,1.00
2016.01.11 21:51:48.046,1.08727,1.08746,1.50,1.00
2016.01.11 21:51:53.515,1.08728,1.08746,1.00,1.00
2016.01.11 21:51:53.771,1.0873,1.08746,1.00,1.00
2016.01.11 21:51:54.322,1.08729,1.08746,1.00,1.00
2016.01.11 21:52:01.144,1.08729,1.08747,1.00,1.00
2016.01.11 21:52:06.205,1.08729,1.08746,1.00,1.00
2016.01.11 21:52:06.729,1.08729,1.08747,1.00,1.00
2016.01.11 21:52:07.240,1.0873,1.08747,1.00,1.00
2016.01.11 21:52:07.810,1.08731,1.08747,1.00,1.00
2016.01.11 21:52:11.528,1.08733,1.08747,1.00,1.00
2016.01.11 21:52:35.759,1.08732,1.08746,1.00,1.00
2016.01.11 21:52:43.249,1.08731,1.08746,1.00,1.00
2016.01.11 21:52:43.762,1.08732,1.08745,1.00,1.00
2016.01.11 21:52:44.271,1.08732,1.08746,1.00,1.00
2016.01.11 21:52:44.791,1.08731,1.08745,1.00,1.00
2016.01.11 21:52:45.995,1.08732,1.08745,1.00,1.00
2016.01.11 21:52:47.675,1.08733,1.08745,1.00,1.00
2016.01.11 21:52:48.186,1.08733,1.08746,1.00,1.00
2016.01.11 21:52:49.160,1.08732,1.08746,1.00,1.00
2016.01.11 21:53:01.163,1.08729,1.08746,1.67,1.00
2016.01.11 21:53:02.679,1.08728,1.08746,1.67,1.00
2016.01.11 21:53:04.992,1.08729,1.08746,1.67,1.00
2016.01.11 21:53:07.124,1.08729,1.08747,1.67,1.00
2016.01.11 21:53:20.073,1.08732,1.08747,1.00,1.00
2016.01.11 21:53:24.731,1.08732,1.08746,1.00,1.00
2016.01.11 21:53:25.037,1.08729,1.08746,1.00,1.00
2016.01.11 21:53:27.305,1.08729,1.08745,1.00,1.00
2016.01.11 21:53:34.611,1.0873,1.08745,1.00,1.00
2016.01.11 21:53:35.114,1.08729,1.08745,1.00,1.00
2016.01.11 21:53:43.867,1.08729,1.08744,1.00,1.00
2016.01.11 21:53:49.081,1.08729,1.08745,1.00,1.00
2016.01.11 21:54:00.256,1.08729,1.08746,1.00,1.00
2016.01.11 21:54:01.126,1.08725,1.08746,1.87,1.00
2016.01.11 21:54:01.279,1.08725,1.08744,1.37,1.00
2016.01.11 21:54:04.131,1.08725,1.08744,1.37,1.00
2016.01.11 21:54:06.981,1.08725,1.08744,1.37,1.00
2016.01.11 21:54:07.581,1.08725,1.08744,1.87,1.00
2016.01.11 21:54:15.278,1.08726,1.08744,1.12,1.00
2016.01.11 21:54:20.249,1.08727,1.08744,1.00,1.00
2016.01.11 21:54:30.862,1.08727,1.08745,1.00,1.00
2016.01.11 21:54:33.785,1.08728,1.08745,1.00,1.00
2016.01.11 21:54:34.319,1.08728,1.08746,1.00,1.00
2016.01.11 21:54:41.148,1.08731,1.08746,1.00,1.00
2016.01.11 21:54:41.302,1.08732,1.08749,1.00,1.00
2016.01.11 21:54:41.815,1.08733,1.0875,1.00,1.00
2016.01.11 21:54:49.756,1.08732,1.0875,1.00,1.00
2016.01.11 21:54:50.268,1.08733,1.0875,1.00,1.00
2016.01.11 21:54:54.814,1.0873,1.0875,1.82,1.00
2016.01.11 21:54:55.396,1.0873,1.08749,1.57,1.00
2016.01.11 21:55:00.377,1.0873,1.08749,1.20,1.00
2016.01.11 21:55:01.787,1.0873,1.0875,1.20,1.00
2016.01.11 21:55:02.307,1.08732,1.08751,1.00,1.00
2016.01.11 21:55:02.844,1.08733,1.08751,1.00,1.00
2016.01.11 21:55:03.355,1.08732,1.08751,1.00,1.00
2016.01.11 21:55:03.695,1.08734,1.08751,1.00,1.00
2016.01.11 21:55:03.746,1.08732,1.08752,1.57,1.12
2016.01.11 21:55:04.402,1.08732,1.08751,1.00,1.00
2016.01.11 21:55:05.037,1.08731,1.08751,1.10,1.00
2016.01.11 21:55:05.553,1.08731,1.0875,1.00,1.00
2016.01.11 21:55:07.017,1.08731,1.08751,1.00,1.00
2016.01.11 21:55:08.314,1.08731,1.08752,1.00,1.87
2016.01.11 21:55:09.543,1.08732,1.08752,1.00,1.00
2016.01.11 21:55:11.689,1.08732,1.08751,1.00,1.00
2016.01.11 21:55:13.090,1.08732,1.0875,1.00,1.00
2016.01.11 21:55:16.325,1.08732,1.08751,1.00,1.00
2016.01.11 21:55:18.600,1.08732,1.08748,1.00,1.00
2016.01.11 21:55:19.110,1.08732,1.08749,1.00,1.00
2016.01.11 21:55:46.054,1.0873,1.08749,1.68,1.00
2016.01.11 21:55:47.490,1.08729,1.08749,1.68,1.00
2016.01.11 21:55:50.538,1.08729,1.08748,1.68,1.00
2016.01.11 21:55:51.050,1.08729,1.08749,1.68,1.00
2016.01.11 21:55:51.880,1.0873,1.08749,1.68,1.00
2016.01.11 21:55:52.381,1.08729,1.08749,1.68,1.00
2016.01.11 21:55:56.394,1.08728,1.08749,1.00,1.00
2016.01.11 21:55:56.497,1.08732,1.08749,1.00,1.00
2016.01.11 21:55:59.823,1.08731,1.08749,1.00,1.00
2016.01.11 21:56:00.334,1.08732,1.08749,1.00,1.00
2016.01.11 21:56:00.897,1.0873,1.08749,1.67,1.00
2016.01.11 21:56:01.448,1.08729,1.08749,1.67,1.00
2016.01.11 21:56:08.042,1.08731,1.08749,1.00,1.00
2016.01.11 21:56:10.684,1.08731,1.08748,1.00,1.00
2016.01.11 21:56:11.198,1.08732,1.08748,1.00,1.00
2016.01.11 21:56:26.934,1.08732,1.08749,1.00,1.00
2016.01.11 21:56:37.203,1.0873,1.08749,1.61,1.00
2016.01.11 21:56:50.929,1.08728,1.08749,1.74,1.00
2016.01.11 21:56:51.441,1.08728,1.08749,1.61,1.00
2016.01.11 21:57:08.861,1.0873,1.08749,1.00,1.00
2016.01.11 21:57:39.441,1.08731,1.08749,1.00,1.00
2016.01.11 21:57:44.070,1.08732,1.08749,1.00,1.00
2016.01.11 21:57:44.727,1.08732,1.0875,1.00,1.00
2016.01.11 21:57:45.238,1.08732,1.08749,1.00,1.00
2016.01.11 21:57:45.780,1.08732,1.0875,1.00,1.00
2016.01.11 21:57:46.306,1.08731,1.0875,1.00,1.00
2016.01.11 21:57:56.720,1.08732,1.0875,1.00,1.00
2016.01.11 21:58:01.886,1.08732,1.08751,1.00,1.00
2016.01.11 21:58:06.411,1.08731,1.08751,1.00,1.00
2016.01.11 21:58:08.083,1.08732,1.08751,1.00,1.00
2016.01.11 21:58:31.514,1.0873,1.08751,2.17,1.00
2016.01.11 21:58:37.228,1.0873,1.08751,2.10,1.00
2016.01.11 21:58:58.771,1.0873,1.0875,2.25,1.00
2016.01.11 21:59:00.216,1.08731,1.0875,1.00,1.00
2016.01.11 21:59:00.319,1.08732,1.08753,1.50,1.50
2016.01.11 21:59:00.882,1.08732,1.08752,1.50,1.00
2016.01.11 21:59:01.131,1.08735,1.08753,1.50,1.00
2016.01.11 21:59:01.388,1.08735,1.08755,1.00,1.00
2016.01.11 21:59:01.543,1.08737,1.08756,1.00,1.00
2016.01.11 21:59:02.050,1.08737,1.08755,0.75,0.75
2016.01.11 21:59:02.574,1.08738,1.08756,0.75,0.75
2016.01.11 21:59:03.384,1.0874,1.08756,0.75,0.75
2016.01.11 21:59:03.487,1.08738,1.08756,0.75,0.75
2016.01.11 21:59:04.020,1.08739,1.08757,0.75,0.75
2016.01.11 21:59:04.558,1.08739,1.08756,0.75,0.75
2016.01.11 21:59:04.915,1.08741,1.08756,0.75,0.75
2016.01.11 21:59:05.018,1.08739,1.08756,0.75,0.75
2016.01.11 21:59:05.531,1.0874,1.08757,0.75,0.75
2016.01.11 21:59:06.060,1.08739,1.08756,0.75,0.75
2016.01.11 21:59:06.453,1.08741,1.08758,0.75,0.75
2016.01.11 21:59:07.000,1.0874,1.08757,0.75,0.75
2016.01.11 21:59:07.324,1.0874,1.08759,0.75,0.75
2016.01.11 21:59:07.852,1.08739,1.08759,0.75,0.75
2016.01.11 21:59:08.364,1.08739,1.0876,1.50,0.75
2016.01.11 21:59:08.458,1.08741,1.08761,0.75,0.75
2016.01.11 21:59:08.560,1.08739,1.0876,1.50,0.75
2016.01.11 21:59:08.864,1.08741,1.08759,0.75,0.75
2016.01.11 21:59:09.017,1.08739,1.08759,0.75,0.75
2016.01.11 21:59:09.964,1.08739,1.0876,1.50,0.75
2016.01.11 21:59:10.627,1.08738,1.08759,0.75,0.75
2016.01.11 21:59:23.089,1.08737,1.08758,0.75,0.75
2016.01.11 21:59:23.596,1.08738,1.08759,0.75,0.75
2016.01.11 21:59:24.714,1.08739,1.0876,0.75,0.75
2016.01.11 21:59:29.341,1.08738,1.08759,0.75,0.75
2016.01.11 21:59:29.846,1.08737,1.08758,0.75,0.75
2016.01.11 21:59:32.247,1.08721,1.08778,0.75,2.25
2016.01.11 21:59:32.298,1.08723,1.08771,0.75,0.75
2016.01.11 21:59:33.073,1.0873,1.08768,0.75,0.75
2016.01.11 21:59:33.379,1.08735,1.08767,0.75,0.75
2016.01.11 21:59:33.701,1.0874,1.08761,0.75,0.75
2016.01.11 21:59:35.496,1.08741,1.08762,0.75,0.75
2016.01.11 21:59:38.029,1.0874,1.08761,0.75,0.75
2016.01.11 21:59:38.563,1.08741,1.08762,0.75,0.75
2016.01.11 21:59:40.256,1.0874,1.08761,0.75,0.75
2016.01.11 21:59:42.680,1.0874,1.0876,0.75,0.75
2016.01.11 21:59:43.223,1.08741,1.08762,0.75,0.75
2016.01.11 21:59:44.427,1.08742,1.08762,0.75,0.75
2016.01.11 21:59:44.982,1.08741,1.08761,0.75,0.75
2016.01.11 21:59:45.534,1.0874,1.08761,0.75,1.50
2016.01.11 21:59:46.035,1.08739,1.0876,0.75,0.75
2016.01.11 21:59:46.188,1.08743,1.08764,0.75,1.50
2016.01.11 21:59:46.493,1.08745,1.08763,0.75,0.75
2016.01.11 21:59:46.595,1.08743,1.08763,0.75,1.50
2016.01.11 21:59:47.139,1.08742,1.08763,0.75,2.25
2016.01.11 21:59:47.495,1.08739,1.08763,0.75,0.75
2016.01.11 21:59:47.598,1.08743,1.08767,0.75,0.75
2016.01.11 21:59:47.905,1.0875,1.08768,0.75,0.75
2016.01.11 21:59:48.619,1.08749,1.0877,0.75,0.75
2016.01.11 21:59:48.924,1.08751,1.08769,0.75,0.75
2016.01.11 21:59:50.165,1.08751,1.08767,0.75,0.75
2016.01.11 21:59:50.574,1.0875,1.08764,0.75,0.75
2016.01.11 21:59:51.035,1.0875,1.08767,0.75,0.75
2016.01.11 21:59:51.137,1.0875,1.08765,0.75,0.75
2016.01.11 21:59:51.301,1.08747,1.08764,0.75,0.75
2016.01.11 21:59:51.404,1.08745,1.08765,0.75,0.75
2016.01.11 21:59:51.553,1.08749,1.08765,0.75,0.75
2016.01.11 21:59:52.120,1.08749,1.08766,0.75,0.75
2016.01.11 21:59:52.574,1.08751,1.08766,0.75,0.75
2016.01.11 21:59:53.126,1.0875,1.08766,0.75,0.75
2016.01.11 21:59:54.079,1.0875,1.08767,0.75,0.75
2016.01.11 21:59:54.352,1.08741,1.08763,0.75,0.75
2016.01.11 21:59:54.403,1.08746,1.08768,0.75,0.75
2016.01.11 21:59:54.713,1.08746,1.08765,0.75,0.75
2016.01.11 21:59:55.374,1.08743,1.08765,1.50,0.75
2016.01.11 21:59:55.425,1.08745,1.08767,0.75,0.75
2016.01.11 21:59:56.024,1.08746,1.08766,0.75,0.75
2016.01.11 21:59:56.228,1.08743,1.08765,0.75,0.75
2016.01.11 21:59:56.279,1.08741,1.08763,0.75,0.75
2016.01.11 21:59:56.432,1.08719,1.08789,0.75,0.75
2016.01.11 21:59:57.578,1.08723,1.08789,0.75,0.75
2016.01.11 21:59:57.884,1.08719,1.08782,0.75,0.75
2016.01.11 21:59:57.986,1.08719,1.08784,0.75,0.75
2016.01.11 21:59:58.191,1.08719,1.08782,0.75,0.75
2016.01.11 21:59:59.380,1.08741,1.08763,0.75,0.75
