2008.11.19 04:00:02.560,1.5197,1.52015,31.20,8.40
2008.11.19 04:00:02.850,1.5197,1.52015,31.20,1.00
2008.11.19 04:00:16.557,1.5197,1.5202,35.80,6.00
2008.11.19 04:00:17.027,1.5197,1.5202,36.90,6.00
2008.11.19 04:00:17.147,1.5197,1.5202,37.90,6.00
2008.11.19 04:00:17.326,1.51975,1.5202,4.60,6.00
2008.11.19 04:00:17.607,1.51975,1.5202,5.80,6.00
2008.11.19 04:00:18.066,1.51985,1.5202,1.00,6.00
2008.11.19 04:00:21.675,1.5198,1.5202,1.00,6.00
2008.11.19 04:00:22.086,1.5198,1.5202,6.70,6.00
2008.11.19 04:00:22.435,1.5198,1.5202,5.50,6.00
2008.11.19 04:00:26.005,1.51985,1.5202,1.00,6.00
2008.11.19 04:00:29.664,1.5198,1.5202,5.50,6.00
2008.11.19 04:00:40.101,1.5197,1.5202,38.20,6.00
2008.11.19 04:00:40.391,1.5197,1.5202,35.80,6.00
2008.11.19 04:00:40.621,1.5197,1.5202,31.20,6.00
2008.11.19 04:00:41.771,1.5197,1.52015,31.20,1.00
2008.11.19 04:00:55.767,1.5197,1.52005,31.20,1.00
2008.11.19 04:00:56.167,1.5197,1.5201,31.20,1.00
2008.11.19 04:01:05.345,1.5197,1.52005,31.20,1.00
2008.11.19 04:01:05.645,1.5197,1.5201,31.20,1.00
2008.11.19 04:01:06.854,1.5197,1.52015,31.20,1.00
2008.11.19 04:01:18.242,1.5197,1.5201,31.20,1.00
2008.11.19 04:01:18.582,1.5197,1.52009,31.20,1.00
2008.11.19 04:01:19.102,1.5197,1.52,31.20,1.00
2008.11.19 04:01:19.392,1.5197,1.51995,31.20,1.00
2008.11.19 04:01:19.842,1.5197,1.5199,31.20,1.00
2008.11.19 04:01:20.921,1.5197,1.52,31.20,8.40
2008.11.19 04:01:21.162,1.5197,1.51989,31.20,1.00
2008.11.19 04:01:21.441,1.51945,1.5198,6.00,1.00
2008.11.19 04:01:21.711,1.51965,1.5199,31.20,1.00
2008.11.19 04:01:22.051,1.51945,1.51985,6.00,1.00
2008.11.19 04:01:22.381,1.51955,1.51985,1.00,1.00
2008.11.19 04:01:22.671,1.51965,1.51995,35.80,2.40
2008.11.19 04:01:23.061,1.5197,1.5203,35.80,6.00
2008.11.19 04:01:23.241,1.51975,1.5203,4.60,7.80
2008.11.19 04:01:23.641,1.5197,1.52025,32.10,1.00
2008.11.19 04:01:23.930,1.5197,1.52025,31.20,1.00
2008.11.19 04:01:24.100,1.5197,1.52025,32.10,1.00
2008.11.19 04:01:24.640,1.51975,1.5202,1.00,7.80
2008.11.19 04:01:25.840,1.51975,1.5202,4.60,6.00
2008.11.19 04:01:30.109,1.5197,1.5202,35.80,6.00
2008.11.19 04:01:30.339,1.5197,1.5202,35.80,6.00
2008.11.19 04:01:30.619,1.5197,1.5202,36.90,6.00
2008.11.19 04:01:31.199,1.5197,1.5202,32.20,6.00
2008.11.19 04:01:31.499,1.5197,1.5202,35.80,6.00
2008.11.19 04:01:34.028,1.5197,1.5202,31.20,7.80
2008.11.19 04:01:34.258,1.5197,1.52015,31.20,1.00
2008.11.19 04:01:35.168,1.5197,1.5202,31.20,7.80
2008.11.19 04:01:37.137,1.5197,1.5202,35.80,7.80
2008.11.19 04:01:37.877,1.51975,1.5202,4.60,7.80
2008.11.19 04:01:38.397,1.5197,1.5202,35.80,7.80
2008.11.19 04:01:38.617,1.5197,1.5202,31.20,7.80
2008.11.19 04:01:38.787,1.5197,1.5202,32.10,7.80
2008.11.19 04:01:38.907,1.5197,1.5202,36.70,7.80
2008.11.19 04:01:40.067,1.5197,1.5202,35.80,7.80
2008.11.19 04:01:40.467,1.5197,1.5202,31.20,7.80
2008.11.19 04:01:41.146,1.5197,1.5202,32.20,6.00
2008.11.19 04:01:41.376,1.51975,1.5202,4.60,6.00
2008.11.19 04:02:00.382,1.5197,1.5202,35.80,6.00
2008.11.19 04:02:17.757,1.5197,1.5202,35.80,6.00
2008.11.19 04:02:22.536,1.51975,1.5202,4.60,6.00
2008.11.19 04:02:31.204,1.51975,1.5202,5.50,6.00
2008.11.19 04:02:52.879,1.51975,1.5202,4.60,6.00
2008.11.19 04:02:57.348,1.5198,1.5202,1.00,6.00
2008.11.19 04:02:57.568,1.5199,1.5202,1.00,6.00
2008.11.19 04:02:58.448,1.51995,1.5202,1.00,6.00
2008.11.19 04:02:59.478,1.5201,1.5202,1.00,6.00
2008.11.19 04:02:59.877,1.5199,1.5202,1.00,6.00
2008.11.19 04:03:00.207,1.5198,1.52049,6.60,1.00
2008.11.19 04:03:00.617,1.51995,1.52049,1.00,1.00
2008.11.19 04:03:00.897,1.52,1.52049,4.60,1.00
2008.11.19 04:03:01.237,1.52,1.52055,4.60,5.40
2008.11.19 04:03:01.627,1.52,1.5205,6.70,3.60
2008.11.19 04:03:01.847,1.52,1.5205,8.40,3.60
2008.11.19 04:03:02.147,1.52,1.5205,3.70,3.60
2008.11.19 04:03:03.596,1.5201,1.5205,1.20,3.60
2008.11.19 04:03:03.656,1.5201,1.5205,2.10,3.60
2008.11.19 04:03:04.296,1.5201,1.5205,2.10,3.60
2008.11.19 04:03:04.356,1.5201,1.5205,3.10,3.60
2008.11.19 04:03:04.586,1.5201,1.5205,7.90,3.60
2008.11.19 04:03:05.596,1.5202,1.5205,1.00,3.60
2008.11.19 04:03:05.876,1.5202,1.5205,2.10,3.60
2008.11.19 04:03:26.481,1.52025,1.5205,6.70,3.60
2008.11.19 04:03:26.661,1.52035,1.52095,4.60,8.40
2008.11.19 04:03:27.011,1.52035,1.52095,4.60,6.00
2008.11.19 04:03:27.181,1.5204,1.52105,4.60,1.00
2008.11.19 04:03:28.171,1.52035,1.5209,13.00,1.00
2008.11.19 04:03:28.290,1.52035,1.5209,4.60,1.00
2008.11.19 04:03:28.621,1.52025,1.5208,13.00,1.00
2008.11.19 04:03:28.970,1.52025,1.5208,4.60,1.00
2008.11.19 04:03:32.060,1.52035,1.5209,4.60,8.40
2008.11.19 04:03:32.349,1.52035,1.5209,4.60,1.80
2008.11.19 04:03:32.459,1.52035,1.5209,4.60,7.80
2008.11.19 04:03:32.909,1.52035,1.5209,4.60,10.20
2008.11.19 04:03:33.029,1.5202,1.52075,10.60,1.00
2008.11.19 04:03:35.539,1.52025,1.5208,4.60,1.00
2008.11.19 04:03:37.388,1.5202,1.52075,19.00,1.00
2008.11.19 04:03:37.498,1.5202,1.52075,16.60,1.00
2008.11.19 04:03:37.548,1.5202,1.52075,10.60,1.00
2008.11.19 04:03:37.898,1.52025,1.52075,4.60,1.00
2008.11.19 04:03:40.437,1.5202,1.52075,10.60,1.00
2008.11.19 04:03:40.787,1.52035,1.52084,4.60,1.00
2008.11.19 04:03:41.247,1.52035,1.52085,4.60,8.40
2008.11.19 04:03:41.697,1.52035,1.52085,4.60,1.00
2008.11.19 04:03:43.697,1.5204,1.52085,1.00,1.00
2008.11.19 04:03:43.857,1.5204,1.5209,5.70,1.00
2008.11.19 04:03:44.206,1.5204,1.5209,1.00,1.00
2008.11.19 04:03:44.907,1.5204,1.5209,1.90,1.00
2008.11.19 04:03:47.036,1.5205,1.52094,1.00,1.00
2008.11.19 04:03:48.136,1.5205,1.52095,1.00,1.00
2008.11.19 04:03:48.756,1.52045,1.52095,5.80,1.00
2008.11.19 04:03:48.986,1.52045,1.5209,1.00,1.00
2008.11.19 04:03:49.165,1.5204,1.5209,1.90,1.00
2008.11.19 04:03:51.515,1.5204,1.5209,1.00,1.00
2008.11.19 04:03:52.145,1.52045,1.5209,2.10,1.00
2008.11.19 04:03:52.605,1.52045,1.52095,6.70,1.00
2008.11.19 04:03:52.835,1.52045,1.52095,5.20,1.00
2008.11.19 04:03:53.064,1.52045,1.5209,1.00,1.00
2008.11.19 04:03:53.235,1.5204,1.5209,1.00,1.00
2008.11.19 04:03:56.833,1.5204,1.52085,1.00,1.00
2008.11.19 04:03:57.054,1.52035,1.52085,2.10,1.00
2008.11.19 04:03:57.393,1.52035,1.52085,6.70,1.00
2008.11.19 04:04:01.612,1.52035,1.5208,4.60,1.80
2008.11.19 04:04:02.182,1.52035,1.52085,6.70,1.00
2008.11.19 04:04:02.293,1.52035,1.5207,2.10,1.00
2008.11.19 04:04:02.472,1.52035,1.52069,1.20,1.00
2008.11.19 04:04:02.872,1.5203,1.52069,9.60,1.00
2008.11.19 04:04:02.992,1.5203,1.5206,9.60,1.00
2008.11.19 04:04:08.791,1.5203,1.5207,9.60,8.40
2008.11.19 04:04:09.021,1.5203,1.5207,9.60,8.40
2008.11.19 04:04:09.131,1.5203,1.5207,9.60,2.40
2008.11.19 04:04:09.240,1.5203,1.52075,9.60,1.00
2008.11.19 04:04:15.339,1.5203,1.5208,14.20,1.00
2008.11.19 04:04:15.579,1.5203,1.5208,9.60,1.00
2008.11.19 04:04:28.186,1.5203,1.5208,10.60,1.00
2008.11.19 04:04:28.356,1.52035,1.5209,4.60,10.20
2008.11.19 04:04:28.796,1.52035,1.52085,4.60,1.00
2008.11.19 04:04:30.655,1.5203,1.5208,14.20,1.00
2008.11.19 04:04:30.955,1.5203,1.5208,9.60,1.00
2008.11.19 04:04:58.259,1.5203,1.5208,9.60,6.00
2008.11.19 04:04:58.479,1.5203,1.52075,9.60,1.00
2008.11.19 04:04:58.589,1.5203,1.5208,9.60,2.40
2008.11.19 04:04:58.829,1.5203,1.5208,9.60,1.00
2008.11.19 04:05:11.756,1.5203,1.52075,9.60,1.00
2008.11.19 04:05:12.166,1.5203,1.5208,9.60,1.00
2008.11.19 04:05:12.515,1.5203,1.52075,9.60,1.00
2008.11.19 04:05:15.615,1.5203,1.52065,9.60,1.00
2008.11.19 04:05:20.673,1.5203,1.5207,9.60,1.00
2008.11.19 04:05:22.533,1.5203,1.52075,9.60,1.00
2008.11.19 04:05:23.863,1.5203,1.5207,9.60,1.00
2008.11.19 04:05:24.553,1.5203,1.52065,9.60,1.00
2008.11.19 04:05:25.532,1.5203,1.5206,9.60,1.00
2008.11.19 04:05:25.832,1.5203,1.52065,9.60,1.00
2008.11.19 04:05:28.772,1.5203,1.5207,9.60,1.00
2008.11.19 04:05:29.471,1.5203,1.5205,9.60,2.40
2008.11.19 04:05:40.769,1.5202,1.5204,2.40,2.40
2008.11.19 04:05:54.115,1.52005,1.5204,4.60,2.40
2008.11.19 04:05:54.175,1.52,1.52025,8.40,1.00
2008.11.19 04:05:54.285,1.52,1.52025,2.40,1.00
2008.11.19 04:05:54.515,1.51965,1.52025,5.80,1.00
2008.11.19 04:05:54.565,1.5198,1.52035,4.60,8.40
2008.11.19 04:05:54.925,1.5198,1.52035,4.60,6.00
2008.11.19 04:05:55.105,1.5198,1.5204,4.60,2.40
2008.11.19 04:05:55.455,1.5198,1.5204,4.60,2.40
2008.11.19 04:06:01.913,1.51985,1.5204,4.60,9.60
2008.11.19 04:06:02.133,1.52005,1.5204,4.60,3.60
2008.11.19 04:06:02.193,1.52005,1.5204,4.60,2.40
2008.11.19 04:06:03.813,1.52,1.5204,4.60,2.40
2008.11.19 04:06:03.863,1.5199,1.5204,8.40,2.40
2008.11.19 04:06:04.093,1.5199,1.5204,2.40,2.40
2008.11.19 04:06:04.153,1.51985,1.5204,4.60,2.40
2008.11.19 04:06:05.333,1.5199,1.5204,4.60,2.40
2008.11.19 04:06:06.652,1.52,1.5204,4.60,2.40
2008.11.19 04:06:06.822,1.52005,1.5204,4.60,2.40
2008.11.19 04:06:08.672,1.52,1.5204,4.60,2.40
2008.11.19 04:06:10.851,1.52005,1.5204,4.60,2.40
2008.11.19 04:06:12.541,1.52,1.5204,13.00,2.40
2008.11.19 04:06:12.711,1.52,1.5204,4.60,2.40
2008.11.19 04:06:16.010,1.5201,1.5204,4.60,2.40
2008.11.19 04:06:19.999,1.52005,1.5204,8.40,2.40
2008.11.19 04:06:20.229,1.52005,1.5204,2.40,2.40
2008.11.19 04:06:20.449,1.52,1.5204,4.60,2.40
2008.11.19 04:06:22.528,1.51995,1.5204,4.60,2.40
2008.11.19 04:06:22.928,1.5199,1.5204,4.60,2.40
2008.11.19 04:06:23.108,1.51995,1.5204,1.00,2.40
2008.11.19 04:06:23.278,1.5201,1.5204,4.60,2.40
2008.11.19 04:06:23.638,1.52015,1.5204,4.60,2.40
2008.11.19 04:06:23.928,1.5202,1.5204,4.60,2.40
2008.11.19 04:06:24.088,1.52025,1.5204,4.60,2.40
2008.11.19 04:06:25.238,1.52035,1.5204,4.60,2.40
2008.11.19 04:06:27.457,1.52025,1.5204,13.00,2.40
2008.11.19 04:06:27.967,1.52025,1.5204,4.60,2.40
2008.11.19 04:06:29.387,1.5202,1.5204,13.00,2.40
2008.11.19 04:06:29.627,1.5202,1.5204,4.60,2.40
2008.11.19 04:06:33.716,1.52015,1.5204,2.40,2.40
2008.11.19 04:06:34.006,1.5201,1.5204,4.60,2.40
2008.11.19 04:06:34.066,1.5201,1.5204,5.80,2.40
2008.11.19 04:06:34.176,1.5202,1.5204,4.60,2.40
2008.11.19 04:06:37.645,1.52025,1.5204,4.60,2.40
2008.11.19 04:06:38.415,1.5202,1.5204,4.60,2.40
2008.11.19 04:06:39.604,1.5203,1.5204,4.60,2.40
2008.11.19 04:06:44.123,1.5203,1.5204,5.50,2.40
2008.11.19 04:06:44.403,1.5204,1.5206,5.70,5.20
2008.11.19 04:06:44.573,1.5204,1.52105,1.00,8.40
2008.11.19 04:06:44.914,1.52035,1.52105,4.60,1.80
2008.11.19 04:06:45.933,1.5203,1.52085,11.70,1.00
2008.11.19 04:06:46.173,1.52025,1.5208,5.50,1.80
2008.11.19 04:06:46.453,1.5202,1.52075,10.60,1.00
2008.11.19 04:06:48.712,1.5202,1.52075,11.70,1.00
2008.11.19 04:06:48.822,1.52025,1.5208,4.60,1.80
2008.11.19 04:06:56.240,1.5202,1.52075,10.60,1.00
2008.11.19 04:06:57.350,1.5202,1.52074,10.60,1.00
2008.11.19 04:07:03.109,1.5202,1.5207,6.00,1.00
2008.11.19 04:07:03.749,1.5202,1.5206,6.00,1.00
2008.11.19 04:07:03.978,1.5202,1.52065,6.00,1.00
2008.11.19 04:07:13.116,1.5202,1.5206,6.00,1.00
2008.11.19 04:07:25.693,1.5202,1.5206,6.00,1.80
2008.11.19 04:07:26.153,1.5202,1.52055,6.00,1.00
2008.11.19 04:07:27.483,1.5202,1.52045,6.00,1.00
2008.11.19 04:07:27.823,1.51985,1.52045,1.00,1.00
2008.11.19 04:07:27.942,1.5198,1.52045,5.70,1.00
2008.11.19 04:07:30.152,1.51995,1.52045,1.00,1.00
2008.11.19 04:07:30.432,1.52,1.52055,5.70,1.00
2008.11.19 04:07:32.961,1.52005,1.52055,1.00,1.00
2008.11.19 04:07:33.311,1.52005,1.5206,5.50,4.80
2008.11.19 04:07:41.519,1.52005,1.52055,1.00,1.00
2008.11.19 04:07:42.389,1.52,1.52055,5.70,1.00
2008.11.19 04:07:52.297,1.5201,1.5206,4.60,6.60
2008.11.19 04:07:53.107,1.5201,1.5206,4.60,6.60
2008.11.19 04:07:53.507,1.5201,1.5206,4.60,6.60
2008.11.19 04:07:55.426,1.5201,1.5206,4.60,6.60
2008.11.19 04:07:56.566,1.5201,1.5206,4.60,6.60
2008.11.19 04:07:57.086,1.5201,1.5206,4.60,6.60
2008.11.19 04:07:57.776,1.5201,1.5206,4.60,6.60
2008.11.19 04:08:00.125,1.5201,1.5206,4.60,6.60
2008.11.19 04:08:00.525,1.5201,1.5206,4.60,6.60
2008.11.19 04:08:02.104,1.5201,1.5206,4.60,6.60
2008.11.19 04:08:02.284,1.5201,1.5206,4.60,6.60
2008.11.19 04:08:02.524,1.5201,1.5206,4.60,6.60
2008.11.19 04:08:02.814,1.5201,1.5206,4.60,6.60
2008.11.19 04:08:05.664,1.5201,1.5206,4.60,6.60
2008.11.19 04:08:10.624,1.52005,1.5206,4.60,6.60
2008.11.19 04:08:11.892,1.5201,1.5206,4.60,6.60
2008.11.19 04:08:12.572,1.5202,1.5206,4.60,6.60
2008.11.19 04:08:13.323,1.5202,1.5206,4.60,4.80
2008.11.19 04:08:18.931,1.52015,1.5206,13.00,4.80
2008.11.19 04:08:19.100,1.52015,1.5206,13.00,6.60
2008.11.19 04:08:19.270,1.52015,1.5206,8.40,6.60
2008.11.19 04:08:19.670,1.52015,1.5206,6.00,6.60
2008.11.19 04:08:19.840,1.5201,1.5206,4.60,6.60
2008.11.19 04:08:20.610,1.5201,1.5206,5.70,4.80
2008.11.19 04:08:20.720,1.5202,1.5206,4.60,4.80
2008.11.19 04:08:26.788,1.5201,1.5206,5.50,6.60
2008.11.19 04:08:46.844,1.5201,1.5206,4.60,6.60
2008.11.19 04:08:47.064,1.52005,1.52055,4.60,1.00
2008.11.19 04:08:47.774,1.52,1.52055,12.60,1.00
2008.11.19 04:08:48.423,1.52005,1.5206,4.60,6.60
2008.11.19 04:08:58.421,1.52,1.52055,21.00,1.00
2008.11.19 04:08:58.711,1.52,1.52055,12.60,1.00
2008.11.19 04:09:09.978,1.5201,1.5206,4.60,6.60
2008.11.19 04:09:18.646,1.52005,1.5206,4.60,6.60
2008.11.19 04:09:19.296,1.5201,1.5206,4.60,6.60
2008.11.19 04:09:19.826,1.52005,1.5206,4.60,6.60
2008.11.19 04:09:21.495,1.5201,1.5206,4.60,6.60
2008.11.19 04:09:23.205,1.52015,1.5206,4.60,6.60
2008.11.19 04:09:23.375,1.52015,1.5206,4.60,4.80
2008.11.19 04:09:24.755,1.52015,1.5206,4.60,6.60
2008.11.19 04:09:27.514,1.5201,1.5206,4.60,6.60
2008.11.19 04:09:27.844,1.52,1.52055,11.70,1.00
2008.11.19 04:09:28.014,1.52005,1.5206,4.60,6.60
2008.11.19 04:09:29.733,1.52,1.52055,11.70,1.00
2008.11.19 04:09:30.773,1.5201,1.5206,4.60,6.60
2008.11.19 04:09:31.003,1.52,1.52055,11.70,1.00
2008.11.19 04:09:32.782,1.52,1.52055,14.10,1.00
2008.11.19 04:09:32.833,1.5201,1.5206,4.60,6.60
2008.11.19 04:09:33.113,1.5201,1.5206,4.60,6.60
2008.11.19 04:09:36.542,1.5201,1.5206,5.70,4.80
2008.11.19 04:09:36.892,1.52015,1.5206,4.60,4.80
2008.11.19 04:09:37.422,1.5202,1.5206,4.60,4.80
2008.11.19 04:09:48.749,1.52015,1.5206,13.00,4.80
2008.11.19 04:09:49.038,1.5202,1.5206,4.60,4.80
2008.11.19 04:09:50.618,1.52015,1.5206,4.60,4.80
2008.11.19 04:09:53.348,1.5202,1.5206,4.60,4.80
2008.11.19 04:09:55.627,1.52025,1.5206,4.60,4.80
2008.11.19 04:09:56.317,1.52025,1.5206,5.80,4.80
2008.11.19 04:09:56.667,1.5204,1.52105,1.00,1.00
2008.11.19 04:09:57.067,1.52065,1.52115,4.60,8.40
2008.11.19 04:09:57.517,1.52065,1.52134,4.60,1.00
2008.11.19 04:09:57.756,1.5206,1.52124,4.60,1.00
2008.11.19 04:09:59.186,1.5207,1.5212,4.60,1.00
2008.11.19 04:09:59.366,1.52065,1.5212,4.60,1.00
2008.11.19 04:10:02.925,1.5206,1.52115,4.60,1.00
2008.11.19 04:10:03.205,1.5205,1.52105,4.60,1.00
2008.11.19 04:10:03.885,1.52045,1.521,5.50,1.00
2008.11.19 04:10:05.085,1.52055,1.5211,4.60,6.00
2008.11.19 04:10:05.255,1.52055,1.5211,4.60,1.00
2008.11.19 04:10:05.764,1.5207,1.52115,4.60,8.40
2008.11.19 04:10:05.975,1.5207,1.5212,4.60,1.00
2008.11.19 04:10:06.264,1.52065,1.5212,4.60,1.00
2008.11.19 04:10:06.544,1.52065,1.52115,4.60,1.00
2008.11.19 04:10:06.774,1.52055,1.5211,10.60,1.00
2008.11.19 04:10:06.994,1.52055,1.5211,4.60,1.00
2008.11.19 04:10:09.084,1.52065,1.5212,4.60,8.40
2008.11.19 04:10:09.264,1.52065,1.5212,4.60,1.00
2008.11.19 04:10:09.504,1.52055,1.5211,13.00,1.00
2008.11.19 04:10:09.784,1.52055,1.5211,4.60,1.00
2008.11.19 04:10:10.493,1.5205,1.52105,13.00,1.00
2008.11.19 04:10:10.774,1.52045,1.521,13.90,1.00
2008.11.19 04:10:11.103,1.52045,1.521,5.50,1.00
2008.11.19 04:10:14.133,1.52065,1.5212,4.60,6.00
2008.11.19 04:10:14.303,1.52065,1.5212,4.60,1.00
2008.11.19 04:10:14.892,1.52055,1.52105,8.40,1.00
2008.11.19 04:10:15.403,1.5205,1.52105,4.60,1.00
2008.11.19 04:10:16.602,1.52055,1.5211,4.60,1.00
2008.11.19 04:10:17.342,1.52065,1.5212,4.60,8.40
2008.11.19 04:10:17.682,1.52065,1.5212,4.60,1.00
2008.11.19 04:10:20.801,1.52065,1.5212,4.60,2.40
2008.11.19 04:10:21.131,1.52055,1.5211,4.60,1.00
2008.11.19 04:10:25.180,1.52055,1.5211,4.60,1.20
2008.11.19 04:10:25.350,1.5205,1.52085,8.40,1.00
2008.11.19 04:10:25.460,1.5204,1.52085,18.90,1.00
2008.11.19 04:10:25.750,1.5204,1.52085,1.90,1.00
2008.11.19 04:10:26.280,1.52055,1.52115,4.60,6.00
2008.11.19 04:10:26.569,1.52055,1.5212,4.60,1.20
2008.11.19 04:10:28.899,1.52055,1.52095,4.60,1.20
2008.11.19 04:10:29.069,1.5205,1.5208,4.60,1.80
2008.11.19 04:10:29.189,1.52045,1.5208,8.40,1.80
2008.11.19 04:10:29.579,1.52045,1.5208,6.00,1.80
2008.11.19 04:10:29.639,1.52035,1.5208,1.00,1.80
2008.11.19 04:10:30.139,1.52025,1.5207,6.00,1.80
2008.11.19 04:10:31.648,1.52025,1.5207,7.00,1.80
2008.11.19 04:10:31.828,1.5204,1.52095,4.60,1.00
2008.11.19 04:10:32.068,1.5205,1.52105,4.60,12.00
2008.11.19 04:10:32.308,1.52055,1.52115,4.60,8.40
2008.11.19 04:10:32.648,1.52055,1.52115,4.60,1.00
2008.11.19 04:10:33.118,1.5206,1.52115,4.60,1.00
2008.11.19 04:10:37.787,1.52055,1.5211,4.60,1.00
2008.11.19 04:10:38.307,1.5205,1.52105,13.00,1.00
2008.11.19 04:10:38.367,1.5205,1.52105,4.60,1.00
2008.11.19 04:10:38.717,1.52045,1.521,13.00,1.00
2008.11.19 04:10:39.006,1.52045,1.521,10.60,1.00
2008.11.19 04:10:39.126,1.52045,1.5209,4.60,1.20
2008.11.19 04:10:39.237,1.52045,1.5207,4.60,1.80
2008.11.19 04:10:39.457,1.52035,1.5207,6.00,1.80
2008.11.19 04:10:39.636,1.5203,1.5207,1.00,1.80
2008.11.19 04:10:41.086,1.52035,1.5207,1.00,1.80
2008.11.19 04:10:42.366,1.52025,1.5207,5.50,1.80
2008.11.19 04:10:42.586,1.52025,1.5207,6.10,1.80
2008.11.19 04:10:42.646,1.52025,1.5207,6.70,1.80
2008.11.19 04:10:45.125,1.5204,1.52075,1.00,1.00
2008.11.19 04:10:45.565,1.5203,1.52075,1.00,1.00
2008.11.19 04:10:47.494,1.5203,1.52075,2.20,1.00
2008.11.19 04:10:47.784,1.5203,1.52075,1.00,1.00
2008.11.19 04:10:51.833,1.52035,1.52075,10.50,1.00
2008.11.19 04:10:52.123,1.5205,1.5208,4.60,1.20
2008.11.19 04:10:52.753,1.52045,1.5208,4.60,1.20
2008.11.19 04:10:53.313,1.52045,1.5208,2.40,1.20
2008.11.19 04:10:53.543,1.52045,1.5208,4.60,1.20
2008.11.19 04:10:53.943,1.5204,1.5208,13.00,1.20
2008.11.19 04:10:54.223,1.52035,1.5208,4.60,1.20
2008.11.19 04:10:55.432,1.5203,1.5208,10.60,1.20
2008.11.19 04:10:55.832,1.52035,1.5208,4.60,1.20
2008.11.19 04:10:56.522,1.5203,1.5208,6.00,1.20
2008.11.19 04:10:56.762,1.5203,1.52075,6.00,1.00
2008.11.19 04:11:00.401,1.5203,1.5208,6.00,1.20
2008.11.19 04:11:00.971,1.5204,1.5208,4.60,1.20
2008.11.19 04:11:01.321,1.52035,1.5208,4.60,1.20
2008.11.19 04:11:02.081,1.5203,1.52075,6.00,1.00
2008.11.19 04:11:03.401,1.5203,1.5208,6.00,1.20
2008.11.19 04:11:04.100,1.5203,1.52075,6.00,1.00
2008.11.19 04:11:08.599,1.5202,1.52075,4.60,1.20
2008.11.19 04:11:08.719,1.5202,1.5206,4.60,1.80
2008.11.19 04:11:08.889,1.5202,1.5206,2.40,1.80
2008.11.19 04:11:08.949,1.5202,1.52065,2.40,1.00
2008.11.19 04:11:09.059,1.5202,1.5207,2.40,8.40
2008.11.19 04:11:09.459,1.5202,1.52085,7.00,1.00
2008.11.19 04:11:10.029,1.5202,1.5207,2.40,1.00
2008.11.19 04:11:12.289,1.52025,1.5208,4.60,14.40
2008.11.19 04:11:12.589,1.52035,1.5208,4.60,6.00
2008.11.19 04:11:13.578,1.5204,1.5208,4.60,6.00
2008.11.19 04:11:14.598,1.52035,1.5208,4.60,6.00
2008.11.19 04:11:18.267,1.52035,1.5207,4.60,1.80
2008.11.19 04:11:18.617,1.52025,1.52065,8.40,1.00
2008.11.19 04:11:18.737,1.5201,1.52065,10.60,1.00
2008.11.19 04:11:19.187,1.52015,1.5207,4.60,2.40
2008.11.19 04:11:19.347,1.52025,1.5207,4.60,2.40
2008.11.19 04:11:19.467,1.52025,1.52075,4.60,1.00
2008.11.19 04:11:19.757,1.52025,1.5208,4.60,6.00
2008.11.19 04:11:22.916,1.52035,1.5208,4.60,6.00
2008.11.19 04:11:24.815,1.52035,1.5208,10.60,6.00
2008.11.19 04:11:24.986,1.5204,1.5208,4.60,6.00
2008.11.19 04:11:30.814,1.52045,1.5208,4.60,6.00
2008.11.19 04:11:38.542,1.5205,1.5208,4.60,6.00
2008.11.19 04:11:42.751,1.52055,1.5208,4.60,6.00
2008.11.19 04:11:43.141,1.5205,1.5208,8.40,6.00
2008.11.19 04:11:43.381,1.52055,1.5208,1.00,6.00
2008.11.19 04:11:43.561,1.5206,1.5208,4.60,6.00
2008.11.19 04:11:43.911,1.52055,1.5208,4.60,6.00
2008.11.19 04:11:57.379,1.52065,1.5209,4.60,6.00
2008.11.19 04:11:57.548,1.52065,1.52115,4.60,1.80
2008.11.19 04:11:57.907,1.5206,1.52115,4.60,1.80
2008.11.19 04:11:58.327,1.52055,1.52115,13.00,1.80
2008.11.19 04:11:58.667,1.52055,1.52115,4.60,1.80
2008.11.19 04:12:06.376,1.52065,1.52114,5.50,1.00
2008.11.19 04:12:06.615,1.52065,1.52105,1.00,1.00
2008.11.19 04:12:06.965,1.5205,1.52104,16.60,1.00
2008.11.19 04:12:07.325,1.52055,1.52104,4.60,1.00
2008.11.19 04:12:12.514,1.52055,1.521,4.60,1.80
2008.11.19 04:12:12.734,1.52065,1.5211,4.60,1.20
2008.11.19 04:12:13.024,1.52065,1.5211,5.50,1.20
2008.11.19 04:12:13.144,1.52065,1.52114,4.60,1.00
2008.11.19 04:12:13.484,1.5207,1.52125,4.60,1.00
2008.11.19 04:12:13.784,1.5207,1.52125,5.70,1.00
2008.11.19 04:12:16.003,1.5207,1.5212,4.60,1.80
2008.11.19 04:12:16.294,1.5207,1.5211,4.60,1.80
2008.11.19 04:12:16.643,1.52065,1.5211,4.60,1.80
2008.11.19 04:12:17.523,1.5206,1.5211,4.60,1.80
2008.11.19 04:12:17.753,1.5206,1.5211,5.50,1.80
2008.11.19 04:12:17.993,1.5206,1.5211,4.60,1.80
2008.11.19 04:12:18.353,1.52055,1.5211,4.60,1.80
2008.11.19 04:12:18.533,1.52055,1.52104,5.50,1.00
2008.11.19 04:12:19.123,1.52055,1.52104,4.60,1.00
2008.11.19 04:12:19.302,1.5205,1.52104,7.00,1.00
2008.11.19 04:12:19.603,1.5205,1.52104,4.60,1.00
2008.11.19 04:12:19.822,1.52055,1.52104,4.60,1.00
2008.11.19 04:12:22.022,1.52065,1.52104,1.00,1.00
2008.11.19 04:12:22.262,1.52065,1.52104,5.50,1.00
2008.11.19 04:12:22.492,1.52065,1.5211,5.50,1.80
2008.11.19 04:12:31.360,1.52055,1.5211,13.00,1.80
2008.11.19 04:12:31.590,1.52055,1.52105,1.00,1.00
2008.11.19 04:12:32.159,1.52055,1.5211,5.50,1.80
2008.11.19 04:12:32.449,1.52055,1.52104,4.60,1.00
2008.11.19 04:12:33.869,1.5206,1.52104,4.60,1.00
2008.11.19 04:12:37.168,1.5207,1.52104,5.50,1.00
2008.11.19 04:12:37.628,1.5207,1.52085,1.00,1.00
2008.11.19 04:12:37.738,1.52045,1.52085,7.00,1.00
2008.11.19 04:12:37.918,1.52045,1.52085,1.00,1.00
2008.11.19 04:12:38.098,1.52055,1.52095,1.00,6.00
2008.11.19 04:12:38.268,1.5206,1.521,4.60,3.60
2008.11.19 04:12:38.388,1.5206,1.52119,4.60,1.00
2008.11.19 04:12:38.867,1.52065,1.52104,4.60,1.00
2008.11.19 04:12:39.617,1.52065,1.52115,4.60,1.00
2008.11.19 04:12:39.668,1.52065,1.5212,4.60,1.80
2008.11.19 04:12:40.087,1.5206,1.52115,9.30,1.00
2008.11.19 04:12:40.138,1.5206,1.52115,6.90,1.00
2008.11.19 04:12:40.257,1.5206,1.52104,5.80,1.00
2008.11.19 04:12:40.477,1.5206,1.52104,1.20,1.00
2008.11.19 04:12:42.147,1.5206,1.52104,5.80,1.00
2008.11.19 04:12:43.196,1.5206,1.52085,5.80,1.80
2008.11.19 04:12:43.247,1.5206,1.52085,1.20,1.80
2008.11.19 04:12:43.716,1.52045,1.52085,4.60,1.80
2008.11.19 04:12:46.586,1.5203,1.5208,4.60,1.80
2008.11.19 04:12:47.326,1.5203,1.52074,4.60,1.00
2008.11.19 04:12:48.116,1.52045,1.52074,4.60,1.00
2008.11.19 04:12:48.285,1.52035,1.5208,13.90,1.80
2008.11.19 04:12:48.575,1.52035,1.5208,5.50,1.80
2008.11.19 04:12:58.143,1.5203,1.5208,4.60,1.80
2008.11.19 04:12:58.553,1.52035,1.5208,5.50,1.80
2008.11.19 04:12:59.953,1.52035,1.5208,4.60,1.80
2008.11.19 04:13:04.372,1.5203,1.5208,4.60,1.80
2008.11.19 04:13:04.771,1.52025,1.5208,13.00,1.80
2008.11.19 04:13:04.822,1.52025,1.5208,10.60,1.80
2008.11.19 04:13:04.881,1.52025,1.5208,4.60,1.80
2008.11.19 04:13:05.061,1.5203,1.5208,4.60,1.80
2008.11.19 04:13:13.879,1.52025,1.5208,4.60,1.80
2008.11.19 04:13:14.389,1.52025,1.52074,4.60,1.00
2008.11.19 04:13:14.439,1.5202,1.52074,13.00,1.00
2008.11.19 04:13:14.549,1.5202,1.52074,4.60,1.00
2008.11.19 04:13:14.999,1.52015,1.5207,4.60,1.00
2008.11.19 04:13:15.229,1.52015,1.52065,4.60,1.00
2008.11.19 04:13:15.709,1.5201,1.52065,10.60,1.00
2008.11.19 04:13:18.108,1.5201,1.52049,10.60,1.00
2008.11.19 04:13:18.398,1.5201,1.5204,6.00,1.00
2008.11.19 04:13:18.698,1.5201,1.5205,6.00,8.40
2008.11.19 04:13:18.928,1.5201,1.5206,14.40,1.00
2008.11.19 04:13:19.168,1.5201,1.5206,8.40,1.00
2008.11.19 04:13:19.458,1.5201,1.5206,10.60,1.00
2008.11.19 04:13:24.027,1.5201,1.5206,6.00,1.00
2008.11.19 04:13:24.697,1.5201,1.5206,10.60,1.00
2008.11.19 04:13:29.685,1.52015,1.5207,4.60,10.20
2008.11.19 04:13:30.095,1.52015,1.5207,4.60,1.80
2008.11.19 04:13:30.855,1.5202,1.5207,1.00,1.80
2008.11.19 04:13:31.015,1.5202,1.5207,5.50,1.80
2008.11.19 04:13:31.645,1.52035,1.52075,1.00,1.00
2008.11.19 04:13:31.825,1.52035,1.5208,1.00,1.80
2008.11.19 04:13:32.225,1.5203,1.5208,4.60,1.80
2008.11.19 04:13:36.374,1.52035,1.52084,4.60,1.00
2008.11.19 04:13:36.794,1.52035,1.52089,4.60,1.00
2008.11.19 04:13:36.973,1.52035,1.52084,4.60,1.00
2008.11.19 04:13:37.134,1.52035,1.5208,4.60,1.80
2008.11.19 04:13:37.773,1.5203,1.5208,4.60,1.80
2008.11.19 04:13:56.819,1.52035,1.5208,4.60,1.80
2008.11.19 04:13:57.529,1.52035,1.52089,4.60,1.00
2008.11.19 04:13:57.699,1.5204,1.5209,4.60,9.00
2008.11.19 04:13:57.929,1.52045,1.5209,4.60,9.00
2008.11.19 04:14:01.867,1.5204,1.5209,4.60,9.00
2008.11.19 04:14:02.157,1.52045,1.5209,4.60,9.00
2008.11.19 04:14:02.378,1.52055,1.5209,1.00,9.00
2008.11.19 04:14:06.726,1.52035,1.5209,4.60,9.00
2008.11.19 04:14:10.705,1.52035,1.5209,4.60,7.20
2008.11.19 04:14:10.885,1.5204,1.5209,4.60,7.20
2008.11.19 04:14:11.165,1.52055,1.5209,4.60,7.20
2008.11.19 04:14:11.285,1.52055,1.5213,4.60,1.80
2008.11.19 04:14:11.517,1.52055,1.52125,4.60,1.00
2008.11.19 04:14:12.745,1.5206,1.5211,5.70,1.00
2008.11.19 04:14:13.035,1.5206,1.5211,4.60,1.80
2008.11.19 04:14:13.095,1.52055,1.5211,5.50,1.80
2008.11.19 04:14:14.314,1.52055,1.5211,4.60,1.80
2008.11.19 04:14:22.323,1.5206,1.5211,4.60,1.80
2008.11.19 04:14:23.522,1.52055,1.5211,4.60,1.80
2008.11.19 04:14:23.992,1.5205,1.52105,15.10,1.00
2008.11.19 04:14:24.112,1.5205,1.52104,5.80,1.00
2008.11.19 04:14:25.772,1.5205,1.52095,1.20,1.20
2008.11.19 04:14:25.882,1.5205,1.52095,1.20,1.20
2008.11.19 04:14:26.812,1.5205,1.52095,1.20,1.00
2008.11.19 04:14:27.162,1.5205,1.52104,5.80,1.00
2008.11.19 04:14:27.332,1.5205,1.52104,6.70,1.00
2008.11.19 04:14:27.561,1.52055,1.52104,4.60,1.00
2008.11.19 04:14:29.751,1.5205,1.52104,5.80,1.00
2008.11.19 04:14:30.041,1.52055,1.52104,4.60,1.00
2008.11.19 04:14:30.401,1.5205,1.52104,5.80,1.00
2008.11.19 04:14:30.750,1.52055,1.52104,4.60,1.00
2008.11.19 04:14:34.480,1.5206,1.52104,4.60,1.00
2008.11.19 04:14:34.840,1.5206,1.5211,5.50,1.80
2008.11.19 04:14:35.129,1.5206,1.5211,4.60,1.80
2008.11.19 04:14:35.529,1.5206,1.5211,4.60,1.80
2008.11.19 04:14:37.509,1.52055,1.52104,4.60,1.00
2008.11.19 04:14:37.799,1.5205,1.52104,5.80,1.00
2008.11.19 04:14:38.549,1.5205,1.5209,1.20,1.00
2008.11.19 04:14:40.698,1.5205,1.52095,1.20,1.00
2008.11.19 04:14:41.308,1.5205,1.521,1.20,1.00
2008.11.19 04:14:47.777,1.5205,1.52095,1.20,1.00
2008.11.19 04:14:48.076,1.5205,1.521,1.20,1.00
2008.11.19 04:14:48.256,1.5205,1.52104,5.80,1.00
2008.11.19 04:14:51.935,1.52055,1.52104,4.60,1.00
2008.11.19 04:15:07.362,1.52055,1.5209,4.60,1.80
2008.11.19 04:15:07.602,1.5205,1.5209,1.20,1.80
2008.11.19 04:15:08.052,1.5205,1.5209,1.20,1.80
2008.11.19 04:15:09.611,1.5205,1.5209,1.20,1.80
2008.11.19 04:15:13.690,1.5205,1.5209,1.20,1.80
2008.11.19 04:15:14.260,1.5205,1.5209,1.20,1.80
2008.11.19 04:15:16.270,1.5205,1.5209,1.20,1.80
2008.11.19 04:15:22.048,1.5205,1.5209,1.20,1.00
2008.11.19 04:15:22.228,1.52055,1.5209,1.00,1.00
2008.11.19 04:15:22.448,1.52055,1.52095,5.50,8.40
2008.11.19 04:15:22.628,1.52055,1.52095,5.50,2.40
2008.11.19 04:15:22.798,1.52055,1.521,5.50,1.80
2008.11.19 04:15:23.188,1.52055,1.521,4.60,1.80
2008.11.19 04:15:23.298,1.5205,1.521,2.10,1.80
2008.11.19 04:15:23.408,1.5205,1.52095,2.10,1.00
2008.11.19 04:15:23.638,1.5205,1.5209,1.20,1.80
2008.11.19 04:15:23.808,1.5205,1.5209,1.20,1.80
2008.11.19 04:15:25.348,1.5205,1.52085,1.20,1.00
2008.11.19 04:15:27.627,1.5205,1.52084,1.20,1.00
2008.11.19 04:15:28.317,1.5205,1.5209,1.20,1.80
2008.11.19 04:15:28.767,1.5205,1.5208,1.20,1.00
2008.11.19 04:15:29.346,1.5205,1.52075,1.20,1.00
2008.11.19 04:15:29.966,1.5205,1.5208,1.20,1.00
2008.11.19 04:15:30.136,1.5205,1.52075,1.20,1.00
2008.11.19 04:15:31.766,1.5205,1.5206,1.20,1.80
2008.11.19 04:15:32.096,1.52025,1.52055,6.00,1.00
2008.11.19 04:15:32.436,1.52045,1.52065,1.20,2.40
2008.11.19 04:15:32.676,1.52025,1.52055,6.00,1.00
2008.11.19 04:15:33.216,1.52025,1.5206,6.00,1.00
2008.11.19 04:15:33.446,1.52025,1.5205,6.00,1.00
2008.11.19 04:15:33.726,1.51995,1.5206,4.60,10.20
2008.11.19 04:15:34.015,1.51995,1.5206,4.60,1.80
2008.11.19 04:15:34.295,1.51995,1.5206,4.60,10.20
2008.11.19 04:15:34.575,1.52,1.5206,1.00,1.00
2008.11.19 04:15:34.795,1.5201,1.52065,5.70,1.00
2008.11.19 04:15:36.375,1.5201,1.52065,4.60,1.00
2008.11.19 04:15:36.615,1.52015,1.5207,4.60,1.00
2008.11.19 04:15:37.095,1.5202,1.52075,4.60,1.00
2008.11.19 04:15:38.254,1.52025,1.52075,4.60,1.00
2008.11.19 04:15:39.084,1.5202,1.52075,4.60,1.00
2008.11.19 04:15:41.584,1.52025,1.5208,4.60,6.00
2008.11.19 04:15:42.843,1.5202,1.52075,7.00,1.00
2008.11.19 04:15:43.013,1.5202,1.52075,4.60,1.00
2008.11.19 04:15:43.403,1.52015,1.5207,13.00,1.00
2008.11.19 04:15:43.523,1.5202,1.52075,4.60,8.40
2008.11.19 04:15:43.873,1.52015,1.5207,13.00,1.00
2008.11.19 04:15:44.223,1.52015,1.5207,4.60,1.00
2008.11.19 04:15:45.063,1.5202,1.52075,4.60,8.40
2008.11.19 04:15:45.463,1.5202,1.52075,4.60,1.00
2008.11.19 04:15:49.781,1.52015,1.52065,8.40,1.00
2008.11.19 04:15:50.231,1.52,1.52055,13.00,1.00
2008.11.19 04:15:50.341,1.52,1.52055,10.60,1.00
2008.11.19 04:15:50.511,1.52,1.52055,4.60,1.00
2008.11.19 04:15:51.341,1.52005,1.5206,4.60,1.00
2008.11.19 04:15:51.851,1.5201,1.52064,4.60,1.00
2008.11.19 04:15:52.071,1.5201,1.5206,4.60,1.00
2008.11.19 04:15:55.040,1.5201,1.52064,4.60,1.00
2008.11.19 04:15:55.220,1.5201,1.5206,4.60,1.00
2008.11.19 04:16:00.599,1.5201,1.52064,4.60,1.00
2008.11.19 04:16:01.649,1.52015,1.52064,4.60,1.00
2008.11.19 04:16:02.408,1.5202,1.52064,5.50,1.00
2008.11.19 04:16:02.819,1.5202,1.52064,4.60,1.00
2008.11.19 04:16:03.498,1.5202,1.5207,4.60,1.80
2008.11.19 04:16:04.888,1.52025,1.5207,5.80,1.80
2008.11.19 04:16:05.068,1.52025,1.5207,4.60,1.80
2008.11.19 04:16:05.298,1.5202,1.5207,4.60,1.80
2008.11.19 04:16:05.638,1.52025,1.5207,4.60,1.80
2008.11.19 04:16:07.137,1.5202,1.5207,4.60,1.80
2008.11.19 04:16:07.417,1.52025,1.5207,4.60,1.80
2008.11.19 04:16:10.347,1.52015,1.52065,8.40,1.00
2008.11.19 04:16:10.687,1.52015,1.5207,10.60,4.20
2008.11.19 04:16:11.096,1.52015,1.5207,4.60,1.80
2008.11.19 04:16:11.446,1.5202,1.5207,4.60,1.80
2008.11.19 04:16:11.897,1.5201,1.52065,16.30,1.00
2008.11.19 04:16:12.516,1.52015,1.5207,4.60,1.80
2008.11.19 04:16:15.516,1.5202,1.5207,4.60,1.80
2008.11.19 04:16:16.565,1.52015,1.52065,8.40,1.00
2008.11.19 04:16:16.915,1.5201,1.52065,9.10,1.00
2008.11.19 04:16:17.265,1.5202,1.5207,4.60,1.80
2008.11.19 04:16:17.555,1.52025,1.5207,4.60,1.80
2008.11.19 04:16:18.244,1.52025,1.52074,4.60,1.00
2008.11.19 04:16:18.715,1.52025,1.5207,4.60,1.80
2008.11.19 04:16:18.995,1.5201,1.52065,15.10,1.00
2008.11.19 04:16:19.954,1.52015,1.5207,4.60,1.80
2008.11.19 04:16:22.214,1.5201,1.52065,16.30,1.00
2008.11.19 04:16:22.394,1.5201,1.52065,15.10,1.00
2008.11.19 04:16:22.674,1.52015,1.5207,4.60,1.80
2008.11.19 04:16:24.523,1.5202,1.5207,4.60,1.80
2008.11.19 04:16:25.163,1.52025,1.5207,4.60,1.80
2008.11.19 04:16:26.123,1.5202,1.5207,4.60,1.80
2008.11.19 04:16:26.703,1.52025,1.5207,4.60,1.80
2008.11.19 04:16:27.682,1.5201,1.52065,15.10,1.00
2008.11.19 04:16:28.073,1.5201,1.52065,16.20,1.00
2008.11.19 04:16:28.592,1.5202,1.5207,4.60,1.80
2008.11.19 04:16:29.332,1.52025,1.5207,4.60,1.80
2008.11.19 04:16:30.322,1.52015,1.52065,8.40,1.00
2008.11.19 04:16:30.782,1.5201,1.52065,15.10,1.00
2008.11.19 04:16:30.952,1.52015,1.5207,4.60,1.80
2008.11.19 04:16:36.430,1.5203,1.5207,1.00,1.80
2008.11.19 04:16:36.650,1.5203,1.5207,2.10,1.80
2008.11.19 04:16:36.830,1.5203,1.5207,3.30,1.00
2008.11.19 04:16:37.180,1.5203,1.52074,3.30,1.00
2008.11.19 04:16:37.520,1.5203,1.52075,3.30,1.00
2008.11.19 04:16:52.626,1.5203,1.5208,3.30,7.80
2008.11.19 04:16:53.347,1.5203,1.52075,3.30,1.00
2008.11.19 04:17:02.974,1.5203,1.52075,2.40,1.00
2008.11.19 04:17:34.996,1.5203,1.52059,3.30,1.00
2008.11.19 04:17:35.506,1.52005,1.5205,4.30,1.00
2008.11.19 04:17:35.916,1.52005,1.5207,9.10,1.00
2008.11.19 04:17:36.886,1.5202,1.52075,4.60,1.80
2008.11.19 04:17:37.225,1.52015,1.5207,13.00,1.80
2008.11.19 04:17:37.556,1.52015,1.5207,10.60,1.80
2008.11.19 04:17:37.785,1.52015,1.5207,4.60,1.80
2008.11.19 04:17:43.714,1.5202,1.5207,4.60,1.80
2008.11.19 04:17:44.004,1.52015,1.5207,13.00,1.80
2008.11.19 04:17:44.064,1.52015,1.5207,4.60,1.80
2008.11.19 04:17:44.414,1.5202,1.5207,4.60,1.80
2008.11.19 04:17:45.633,1.52015,1.5207,4.60,1.80
2008.11.19 04:17:46.873,1.5202,1.5207,4.60,1.80
2008.11.19 04:17:47.983,1.52015,1.5207,4.60,1.80
2008.11.19 04:17:48.163,1.52015,1.5207,13.00,1.80
2008.11.19 04:17:48.393,1.5202,1.5207,4.60,1.80
2008.11.19 04:17:53.412,1.52015,1.5207,13.00,1.80
2008.11.19 04:17:53.591,1.52015,1.5207,4.60,1.80
2008.11.19 04:17:57.391,1.5201,1.52065,16.30,1.00
2008.11.19 04:17:57.631,1.5201,1.52065,9.10,1.00
2008.11.19 04:17:58.731,1.52015,1.5207,4.60,1.80
2008.11.19 04:17:59.290,1.5201,1.52065,9.10,1.00
2008.11.19 04:17:59.350,1.52015,1.5207,4.60,1.80
2008.11.19 04:18:09.488,1.5203,1.5207,1.00,1.80
2008.11.19 04:18:09.648,1.5203,1.52074,3.30,1.00
2008.11.19 04:18:10.468,1.5203,1.52075,3.30,1.00
2008.11.19 04:18:22.735,1.5203,1.52075,2.40,1.00
2008.11.19 04:18:22.964,1.5203,1.5207,1.20,1.80
2008.11.19 04:18:23.145,1.52015,1.5207,4.60,1.80
2008.11.19 04:18:25.884,1.5202,1.5207,1.00,1.80
2008.11.19 04:18:25.994,1.5202,1.5207,6.70,1.80
2008.11.19 04:18:26.164,1.5202,1.5207,7.90,1.80
2008.11.19 04:18:26.394,1.5202,1.5207,3.30,1.80
2008.11.19 04:18:32.422,1.5202,1.5207,7.90,1.80
2008.11.19 04:18:33.112,1.5202,1.5207,3.30,1.80
2008.11.19 04:18:33.792,1.52025,1.5207,4.60,1.80
2008.11.19 04:18:34.382,1.5202,1.5207,7.90,1.80
2008.11.19 04:18:34.722,1.52025,1.5207,4.60,1.80
2008.11.19 04:18:35.122,1.5202,1.5207,7.90,1.80
2008.11.19 04:18:35.422,1.52025,1.5207,4.60,1.80
2008.11.19 04:18:35.762,1.5202,1.5207,7.90,1.80
2008.11.19 04:18:36.402,1.52025,1.5207,4.60,1.80
2008.11.19 04:18:41.470,1.5202,1.5207,7.90,1.80
2008.11.19 04:18:44.219,1.52025,1.5207,4.60,1.80
2008.11.19 04:18:44.609,1.5202,1.5207,7.90,1.80
2008.11.19 04:18:44.939,1.52025,1.5207,4.60,1.80
2008.11.19 04:18:45.269,1.5202,1.5207,7.90,1.80
2008.11.19 04:18:46.269,1.52025,1.5207,4.60,1.80
2008.11.19 04:18:46.549,1.5202,1.5207,7.90,1.80
2008.11.19 04:18:48.659,1.52025,1.5207,4.60,1.80
2008.11.19 04:18:48.888,1.5202,1.5207,7.90,1.80
2008.11.19 04:18:49.398,1.52025,1.5207,4.60,1.80
2008.11.19 04:18:49.688,1.5202,1.5207,7.90,1.80
2008.11.19 04:18:52.507,1.52025,1.5207,4.60,1.80
2008.11.19 04:18:52.857,1.5202,1.5207,7.90,1.80
2008.11.19 04:18:55.027,1.52025,1.5207,4.60,1.80
2008.11.19 04:18:55.557,1.5202,1.5207,7.90,1.80
2008.11.19 04:18:56.197,1.52025,1.5207,4.60,1.80
2008.11.19 04:18:56.706,1.5202,1.5207,7.90,1.80
2008.11.19 04:18:57.206,1.52025,1.5207,4.60,1.80
2008.11.19 04:18:57.496,1.5202,1.5207,7.90,1.80
2008.11.19 04:19:00.176,1.52025,1.5207,4.60,1.80
2008.11.19 04:19:00.696,1.5202,1.5207,7.90,1.80
2008.11.19 04:19:00.925,1.52025,1.5207,4.60,1.80
2008.11.19 04:19:03.385,1.5202,1.5207,7.90,1.80
2008.11.19 04:19:04.205,1.52025,1.5207,4.60,1.80
2008.11.19 04:19:05.004,1.5202,1.5207,7.90,1.80
2008.11.19 04:19:06.164,1.52025,1.5207,4.60,1.80
2008.11.19 04:19:06.644,1.5202,1.5207,7.90,1.80
2008.11.19 04:19:07.624,1.52025,1.5207,4.60,1.80
2008.11.19 04:19:07.984,1.5202,1.5207,7.90,1.80
2008.11.19 04:19:11.133,1.52025,1.5207,4.60,1.80
2008.11.19 04:19:11.423,1.5202,1.5207,7.90,1.80
2008.11.19 04:19:11.713,1.5202,1.52074,9.10,1.00
2008.11.19 04:19:11.823,1.52025,1.52074,4.60,1.00
2008.11.19 04:19:12.063,1.52025,1.52079,4.60,1.00
2008.11.19 04:19:12.523,1.52025,1.52075,4.60,1.00
2008.11.19 04:19:12.872,1.52025,1.52079,4.60,1.00
2008.11.19 04:19:32.998,1.5203,1.5208,3.40,1.00
2008.11.19 04:19:33.167,1.52035,1.5209,4.60,7.80
2008.11.19 04:19:33.338,1.52035,1.5209,4.60,1.80
2008.11.19 04:19:48.704,1.52035,1.5208,4.60,1.80
2008.11.19 04:19:49.044,1.52035,1.5209,4.60,7.80
2008.11.19 04:19:49.104,1.52035,1.5209,4.60,10.20
2008.11.19 04:19:49.214,1.5203,1.52085,5.70,1.00
2008.11.19 04:19:49.494,1.52035,1.5209,4.60,10.20
2008.11.19 04:19:49.594,1.52035,1.5209,4.60,4.20
2008.11.19 04:19:49.654,1.52035,1.5209,4.60,1.80
2008.11.19 04:19:50.173,1.52025,1.5208,5.50,1.00
2008.11.19 04:19:51.323,1.52025,1.5208,6.70,1.00
2008.11.19 04:19:51.443,1.5204,1.5209,4.60,10.20
2008.11.19 04:19:51.553,1.5204,1.5209,5.80,7.80
2008.11.19 04:19:51.783,1.5204,1.5209,7.90,1.80
2008.11.19 04:19:52.053,1.5204,1.5209,3.30,1.80
2008.11.19 04:19:57.622,1.5204,1.5209,2.40,1.80
2008.11.19 04:19:57.732,1.52035,1.5209,4.60,1.80
2008.11.19 04:19:58.022,1.52035,1.5209,4.60,7.80
2008.11.19 04:19:58.302,1.5203,1.5208,4.60,1.00
2008.11.19 04:19:58.421,1.52025,1.5208,5.50,1.00
2008.11.19 04:20:04.350,1.52025,1.52075,5.50,1.00
2008.11.19 04:20:04.470,1.52025,1.52075,4.60,1.00
2008.11.19 04:20:09.519,1.52025,1.5208,4.60,1.80
2008.11.19 04:20:09.629,1.52025,1.5208,4.60,1.00
2008.11.19 04:20:16.427,1.5204,1.5208,2.10,1.00
2008.11.19 04:20:16.487,1.5204,1.5208,3.30,1.00
2008.11.19 04:20:16.607,1.5204,1.52084,3.30,1.00
2008.11.19 04:20:17.487,1.5205,1.52095,3.30,1.00
2008.11.19 04:20:25.545,1.5205,1.521,3.30,1.80
2008.11.19 04:20:30.574,1.5205,1.521,4.30,1.00
2008.11.19 04:20:30.864,1.52055,1.52105,4.60,8.40
2008.11.19 04:20:31.214,1.5206,1.5211,4.60,1.80
2008.11.19 04:20:31.604,1.5206,1.5211,1.00,1.00
2008.11.19 04:20:31.723,1.52065,1.52114,4.60,1.00
2008.11.19 04:20:32.533,1.52065,1.52115,4.60,1.00
2008.11.19 04:20:33.393,1.5207,1.52115,3.30,1.00
2008.11.19 04:20:34.423,1.5207,1.5211,2.40,1.80
2008.11.19 04:20:34.483,1.5207,1.5211,1.20,1.80
2008.11.19 04:20:34.603,1.5207,1.5211,1.20,1.80
2008.11.19 04:20:34.653,1.5206,1.5211,4.60,1.80
2008.11.19 04:20:34.893,1.52055,1.5211,4.60,1.80
2008.11.19 04:20:35.183,1.5206,1.52115,4.60,8.40
2008.11.19 04:20:35.303,1.5206,1.52115,4.60,2.40
2008.11.19 04:20:35.473,1.5206,1.52115,4.60,1.00
2008.11.19 04:20:35.643,1.52065,1.5212,4.60,8.40
2008.11.19 04:20:36.112,1.5206,1.52115,4.60,1.00
2008.11.19 04:20:38.032,1.52075,1.52115,1.00,1.00
2008.11.19 04:20:38.202,1.52085,1.52124,1.00,1.00
2008.11.19 04:20:38.322,1.52085,1.52124,2.10,1.00
2008.11.19 04:20:38.602,1.52085,1.52124,3.30,1.00
2008.11.19 04:20:39.002,1.52085,1.52129,3.30,1.00
2008.11.19 04:20:47.860,1.5209,1.52114,3.30,1.00
2008.11.19 04:20:48.140,1.5209,1.52109,3.30,1.00
2008.11.19 04:20:52.908,1.5209,1.52125,3.30,1.00
2008.11.19 04:20:59.377,1.5209,1.52134,3.30,1.00
2008.11.19 04:20:59.557,1.5209,1.52135,3.30,1.00
2008.11.19 04:21:11.274,1.5209,1.52125,3.30,1.00
2008.11.19 04:21:13.903,1.5209,1.52119,3.30,1.00
2008.11.19 04:21:15.713,1.5209,1.52114,3.30,1.00
2008.11.19 04:21:16.233,1.5209,1.52119,3.30,1.00
2008.11.19 04:21:16.583,1.5209,1.52114,3.30,1.00
2008.11.19 04:21:16.813,1.5209,1.52124,3.30,1.00
2008.11.19 04:21:17.103,1.5209,1.52119,1.20,1.00
2008.11.19 04:21:17.502,1.52065,1.52114,15.40,1.00
2008.11.19 04:21:17.732,1.52065,1.521,2.40,1.00
2008.11.19 04:21:19.122,1.5207,1.5209,2.40,1.00
2008.11.19 04:21:19.352,1.5207,1.52095,2.40,1.00
2008.11.19 04:21:19.812,1.5207,1.5209,2.40,1.00
2008.11.19 04:21:20.992,1.5207,1.52095,2.40,1.00
2008.11.19 04:21:21.152,1.5207,1.5209,2.40,1.00
2008.11.19 04:21:21.381,1.5207,1.52085,2.40,1.00
2008.11.19 04:21:25.081,1.52025,1.52085,4.60,1.00
2008.11.19 04:21:40.727,1.5205,1.52085,4.30,1.00
2008.11.19 04:21:40.787,1.5205,1.52085,5.50,1.00
2008.11.19 04:21:40.847,1.52065,1.52085,2.40,1.00
2008.11.19 04:21:41.187,1.52065,1.521,2.40,1.00
2008.11.19 04:22:09.990,1.5207,1.52099,2.40,1.00
2008.11.19 04:22:10.270,1.5207,1.52095,2.40,1.00
2008.11.19 04:22:10.450,1.5207,1.521,2.40,1.00
2008.11.19 04:22:12.889,1.5207,1.52099,2.40,1.00
2008.11.19 04:22:13.009,1.5207,1.521,2.40,1.00
2008.11.19 04:22:13.299,1.5207,1.52104,2.40,1.00
2008.11.19 04:22:14.039,1.5207,1.52109,2.40,1.00
2008.11.19 04:22:14.329,1.5207,1.52105,2.40,1.00
2008.11.19 04:22:20.797,1.5207,1.52109,2.40,1.00
2008.11.19 04:22:21.267,1.5207,1.52099,2.40,1.00
2008.11.19 04:22:21.447,1.5207,1.52094,2.40,1.00
2008.11.19 04:22:22.127,1.5207,1.52099,2.40,1.00
2008.11.19 04:22:22.897,1.5207,1.52095,2.40,1.00
2008.11.19 04:22:24.526,1.5207,1.5209,2.40,1.00
2008.11.19 04:22:26.966,1.5207,1.521,2.40,1.00
2008.11.19 04:22:27.126,1.5203,1.52085,7.20,1.00
2008.11.19 04:22:28.156,1.5206,1.5209,2.40,1.00
2008.11.19 04:22:28.735,1.5203,1.52085,7.20,1.00
2008.11.19 04:22:29.025,1.5206,1.5209,2.40,1.00
2008.11.19 04:22:29.425,1.5203,1.52085,7.20,1.00
2008.11.19 04:22:29.605,1.52035,1.52095,4.60,8.40
2008.11.19 04:22:29.835,1.5206,1.52095,2.40,8.40
2008.11.19 04:22:29.955,1.5206,1.5209,2.40,1.00
2008.11.19 04:22:30.305,1.5206,1.521,2.40,8.40
2008.11.19 04:22:30.425,1.5206,1.521,2.40,1.00
2008.11.19 04:22:30.485,1.5206,1.52095,2.40,1.00
2008.11.19 04:22:32.094,1.5207,1.5209,2.40,1.00
2008.11.19 04:22:32.535,1.5207,1.521,2.40,8.40
2008.11.19 04:22:32.874,1.5207,1.5209,2.40,1.00
2008.11.19 04:22:33.444,1.5207,1.521,2.40,6.00
2008.11.19 04:22:33.664,1.5207,1.52105,2.40,1.00
2008.11.19 04:22:33.904,1.5207,1.521,2.40,1.00
2008.11.19 04:22:34.834,1.5207,1.521,2.40,6.00
2008.11.19 04:22:34.934,1.5207,1.5209,2.40,1.00
2008.11.19 04:22:44.831,1.5207,1.5209,2.40,6.00
2008.11.19 04:22:44.891,1.5207,1.52085,2.40,1.00
2008.11.19 04:22:45.281,1.5207,1.5209,2.40,8.40
2008.11.19 04:22:45.401,1.5207,1.5209,2.40,1.00
2008.11.19 04:22:48.341,1.5207,1.52095,2.40,1.00
2008.11.19 04:22:48.860,1.5207,1.5209,2.40,1.00
2008.11.19 04:22:49.090,1.5207,1.52095,2.40,1.00
2008.11.19 04:22:49.250,1.5207,1.5209,2.40,1.00
2008.11.19 04:23:12.305,1.5207,1.5208,2.40,1.00
2008.11.19 04:23:16.274,1.5203,1.5208,7.20,1.00
2008.11.19 04:23:17.583,1.5204,1.52075,7.20,1.00
2008.11.19 04:23:17.823,1.5206,1.52075,2.40,1.00
2008.11.19 04:23:21.103,1.5203,1.52075,7.20,1.00
2008.11.19 04:23:24.962,1.5204,1.5208,7.20,1.00
2008.11.19 04:23:25.082,1.5206,1.5208,2.40,1.00
2008.11.19 04:23:25.881,1.5206,1.5208,2.40,1.80
2008.11.19 04:23:26.232,1.5203,1.52075,7.20,1.00
2008.11.19 04:23:26.521,1.52015,1.52075,4.60,1.00
2008.11.19 04:23:27.051,1.5201,1.52075,9.10,1.00
2008.11.19 04:23:29.081,1.52025,1.52075,4.60,1.00
2008.11.19 04:23:29.490,1.5202,1.52075,9.10,1.00
2008.11.19 04:23:30.341,1.5202,1.52075,10.20,1.00
2008.11.19 04:23:30.510,1.52025,1.52075,5.50,1.00
2008.11.19 04:23:30.750,1.52025,1.5208,5.50,1.00
2008.11.19 04:23:30.990,1.52025,1.52075,5.50,1.00
2008.11.19 04:23:42.977,1.5203,1.52085,4.60,8.40
2008.11.19 04:23:43.198,1.52025,1.5208,5.50,1.00
2008.11.19 04:23:48.596,1.52025,1.52075,5.50,1.00
2008.11.19 04:23:48.826,1.5203,1.52075,1.00,1.00
2008.11.19 04:23:48.996,1.5203,1.52085,5.70,1.00
2008.11.19 04:23:49.686,1.5203,1.52085,4.60,1.00
2008.11.19 04:23:49.796,1.52025,1.52075,5.50,1.00
2008.11.19 04:23:50.536,1.52025,1.5208,5.50,1.00
2008.11.19 04:23:53.445,1.5203,1.52085,4.60,1.00
2008.11.19 04:23:53.854,1.52025,1.5208,5.50,1.00
2008.11.19 04:23:58.344,1.5203,1.52085,4.60,1.00
2008.11.19 04:24:15.749,1.52035,1.5209,4.60,1.00
2008.11.19 04:24:16.019,1.52045,1.52095,4.60,8.40
2008.11.19 04:24:16.129,1.52045,1.52095,4.60,6.00
2008.11.19 04:24:16.249,1.52045,1.52095,4.60,1.00
2008.11.19 04:24:20.118,1.52035,1.5209,13.00,1.00
2008.11.19 04:24:20.688,1.52035,1.5209,4.60,1.00
2008.11.19 04:24:38.344,1.5203,1.5208,6.00,1.00
2008.11.19 04:24:38.564,1.52025,1.52075,5.50,1.00
2008.11.19 04:24:48.412,1.52035,1.5209,5.50,1.00
2008.11.19 04:24:48.882,1.5205,1.52105,4.60,1.00
2008.11.19 04:24:50.721,1.52045,1.521,4.60,1.00
2008.11.19 04:24:50.951,1.52035,1.5209,13.00,1.00
2008.11.19 04:24:51.181,1.52035,1.5209,4.60,1.00
2008.11.19 04:25:00.968,1.52035,1.52085,4.60,1.00
2008.11.19 04:25:12.586,1.5203,1.52085,10.60,1.00
2008.11.19 04:25:14.595,1.5203,1.52085,19.00,1.00
2008.11.19 04:25:14.655,1.5203,1.52085,13.00,1.00
2008.11.19 04:25:14.706,1.5203,1.52085,10.60,1.00
2008.11.19 04:25:14.945,1.52035,1.5209,4.60,1.00
2008.11.19 04:25:15.175,1.52035,1.52084,4.60,1.00
2008.11.19 04:25:15.285,1.52035,1.52079,4.60,1.00
2008.11.19 04:25:15.515,1.5203,1.52075,6.00,1.00
2008.11.19 04:25:15.965,1.5203,1.5207,6.00,1.00
2008.11.19 04:25:16.315,1.5203,1.52069,6.00,1.00
2008.11.19 04:25:21.933,1.5203,1.5207,6.00,1.00
2008.11.19 04:25:22.273,1.5203,1.52069,6.00,1.00
2008.11.19 04:25:22.683,1.5203,1.52064,6.00,1.00
2008.11.19 04:25:22.913,1.5203,1.52059,6.00,1.00
2008.11.19 04:25:24.573,1.5203,1.5207,6.00,8.40
2008.11.19 04:25:24.793,1.52035,1.5207,4.60,8.40
2008.11.19 04:25:25.003,1.52035,1.5207,4.60,6.00
2008.11.19 04:25:25.123,1.52035,1.52095,4.60,1.00
2008.11.19 04:25:25.513,1.5204,1.521,4.60,8.40
2008.11.19 04:25:25.972,1.5204,1.521,4.60,1.00
2008.11.19 04:25:27.312,1.52045,1.521,4.60,8.40
2008.11.19 04:25:27.653,1.5205,1.52105,4.60,1.00
2008.11.19 04:25:28.342,1.52045,1.521,13.00,1.00
2008.11.19 04:25:28.682,1.52045,1.521,4.60,1.00
2008.11.19 04:25:28.982,1.5205,1.52105,4.60,1.00
2008.11.19 04:25:29.892,1.52045,1.521,4.60,1.00
2008.11.19 04:25:30.171,1.5204,1.52095,13.00,1.00
2008.11.19 04:25:30.522,1.5204,1.52095,4.60,1.00
2008.11.19 04:25:30.751,1.52035,1.5209,4.60,1.00
2008.11.19 04:25:31.391,1.5204,1.52095,4.60,6.00
2008.11.19 04:25:31.571,1.5204,1.52095,4.60,1.00
2008.11.19 04:25:32.162,1.5203,1.5208,14.40,1.00
2008.11.19 04:25:32.621,1.52045,1.5209,4.60,8.40
2008.11.19 04:25:33.081,1.5204,1.52095,4.60,1.00
2008.11.19 04:25:33.411,1.5203,1.52085,16.60,1.00
2008.11.19 04:25:33.651,1.5203,1.52085,10.60,1.00
2008.11.19 04:25:34.391,1.52035,1.5209,4.60,1.00
2008.11.19 04:25:34.860,1.5204,1.52095,4.60,1.00
2008.11.19 04:25:35.660,1.52035,1.5209,4.60,1.00
2008.11.19 04:25:36.330,1.5204,1.52095,4.60,8.40
2008.11.19 04:25:36.510,1.5204,1.52095,4.60,1.00
2008.11.19 04:25:37.370,1.52035,1.5209,4.60,1.00
2008.11.19 04:25:37.950,1.5203,1.52085,10.60,1.00
2008.11.19 04:25:38.459,1.52035,1.5209,4.60,1.00
2008.11.19 04:25:39.089,1.5204,1.52095,4.60,8.40
2008.11.19 04:25:39.370,1.5204,1.52095,4.60,1.00
2008.11.19 04:25:39.649,1.52035,1.5209,4.60,1.00
2008.11.19 04:25:40.899,1.5203,1.52085,10.60,1.00
2008.11.19 04:25:41.239,1.5203,1.5208,6.00,1.00
2008.11.19 04:25:43.208,1.5203,1.52085,10.60,1.00
2008.11.19 04:25:43.798,1.5203,1.5208,6.00,1.00
2008.11.19 04:25:48.747,1.5203,1.52085,10.60,1.00
2008.11.19 04:25:50.526,1.5203,1.5208,6.00,1.00
2008.11.19 04:25:51.926,1.5203,1.52075,6.00,1.00
2008.11.19 04:25:58.285,1.5203,1.52074,6.00,1.00
2008.11.19 04:25:58.645,1.5203,1.52075,6.00,1.00
2008.11.19 04:25:59.045,1.5203,1.52074,6.00,1.00
2008.11.19 04:25:59.614,1.5203,1.5207,6.00,1.00
2008.11.19 04:25:59.725,1.5203,1.52074,6.00,1.00
2008.11.19 04:26:00.305,1.5203,1.52059,6.00,1.00
2008.11.19 04:26:05.363,1.5203,1.52054,6.00,1.00
2008.11.19 04:26:07.852,1.5203,1.52064,6.00,1.00
2008.11.19 04:26:08.143,1.5203,1.52059,6.00,1.00
2008.11.19 04:26:08.932,1.5203,1.52064,6.00,1.00
2008.11.19 04:26:09.162,1.5203,1.52059,6.00,1.00
2008.11.19 04:26:09.392,1.5203,1.52064,6.00,1.00
2008.11.19 04:26:10.852,1.5203,1.52059,6.00,1.00
2008.11.19 04:26:12.021,1.5203,1.52069,6.00,1.00
2008.11.19 04:26:16.340,1.5203,1.52064,6.00,1.00
2008.11.19 04:26:17.570,1.5203,1.52069,6.00,1.00
2008.11.19 04:26:18.900,1.5203,1.5207,6.00,1.00
2008.11.19 04:26:19.530,1.5203,1.52075,6.00,1.00
2008.11.19 04:26:24.068,1.5203,1.5207,6.00,1.80
2008.11.19 04:26:24.518,1.5203,1.5207,6.00,1.80
2008.11.19 04:26:25.348,1.5203,1.52065,6.00,1.00
2008.11.19 04:26:25.938,1.5203,1.5207,6.00,1.80
2008.11.19 04:26:33.196,1.5203,1.52069,6.00,1.00
2008.11.19 04:26:33.536,1.5203,1.5207,6.00,1.80
2008.11.19 04:26:37.845,1.5203,1.52069,6.00,1.00
2008.11.19 04:26:38.025,1.5203,1.52065,6.00,1.00
2008.11.19 04:26:38.195,1.5203,1.5207,6.00,1.80
2008.11.19 04:27:01.169,1.5203,1.52065,6.00,1.00
2008.11.19 04:27:06.598,1.5203,1.52064,6.00,1.00
2008.11.19 04:27:06.838,1.5203,1.5206,6.00,1.80
2008.11.19 04:27:07.068,1.5203,1.52059,6.00,1.00
2008.11.19 04:27:07.368,1.5203,1.52064,6.00,1.00
2008.11.19 04:27:07.708,1.5203,1.52065,6.00,1.00
2008.11.19 04:27:08.778,1.5203,1.5207,6.00,1.80
2008.11.19 04:27:09.067,1.5203,1.5207,6.00,1.80
2008.11.19 04:27:10.577,1.5203,1.5207,6.00,1.80
2008.11.19 04:27:13.546,1.5203,1.5208,6.00,10.80
2008.11.19 04:27:14.117,1.5203,1.5208,6.00,2.40
2008.11.19 04:27:14.286,1.5203,1.5208,10.60,2.40
2008.11.19 04:27:16.806,1.5203,1.5208,6.00,2.40
2008.11.19 04:27:17.766,1.5203,1.52075,6.00,1.00
2008.11.19 04:27:22.634,1.5203,1.5207,6.00,1.80
2008.11.19 04:27:25.904,1.5203,1.52065,6.00,1.00
2008.11.19 04:27:26.194,1.5203,1.52064,6.00,1.00
2008.11.19 04:27:26.303,1.5203,1.52065,6.00,1.00
2008.11.19 04:27:27.093,1.5203,1.52064,6.00,1.00
2008.11.19 04:27:29.323,1.5203,1.52059,6.00,1.00
2008.11.19 04:27:29.502,1.5203,1.52064,6.00,1.00
2008.11.19 04:27:29.713,1.5203,1.52055,6.00,1.00
2008.11.19 04:27:30.053,1.5203,1.52059,6.00,1.00
2008.11.19 04:27:30.852,1.5203,1.5206,6.00,1.00
2008.11.19 04:27:31.122,1.5203,1.52065,6.00,1.00
2008.11.19 04:27:31.872,1.5203,1.52075,6.00,8.40
2008.11.19 04:27:32.102,1.5203,1.52075,6.00,2.40
2008.11.19 04:27:32.562,1.5203,1.5207,6.00,1.00
2008.11.19 04:27:32.842,1.5203,1.52075,6.00,1.00
2008.11.19 04:27:34.582,1.5203,1.5208,6.00,8.40
2008.11.19 04:27:34.811,1.5203,1.5208,6.00,2.40
2008.11.19 04:27:35.441,1.5203,1.52075,6.00,1.00
2008.11.19 04:27:35.851,1.5203,1.5207,6.00,1.00
2008.11.19 04:27:36.091,1.5203,1.52075,6.00,1.00
2008.11.19 04:27:38.781,1.5203,1.5206,6.00,1.00
2008.11.19 04:27:39.360,1.5203,1.52049,6.00,1.00
2008.11.19 04:27:40.120,1.5203,1.52059,6.00,1.00
2008.11.19 04:27:40.510,1.5203,1.52065,6.00,1.00
2008.11.19 04:27:41.430,1.5203,1.52075,6.00,8.40
2008.11.19 04:27:41.780,1.5203,1.52075,6.00,1.00
2008.11.19 04:27:44.119,1.5203,1.52074,6.00,1.00
2008.11.19 04:27:44.419,1.5203,1.5207,6.00,1.00
2008.11.19 04:27:49.498,1.5203,1.52075,6.00,1.00
2008.11.19 04:27:50.298,1.5203,1.52064,6.00,1.00
2008.11.19 04:27:52.777,1.5203,1.5207,6.00,1.80
2008.11.19 04:27:53.017,1.5203,1.5207,6.00,1.00
2008.11.19 04:27:57.536,1.5203,1.5207,6.00,1.80
2008.11.19 04:27:57.876,1.5203,1.52064,6.00,1.00
2008.11.19 04:28:00.065,1.5203,1.52054,6.00,1.00
2008.11.19 04:28:00.925,1.5203,1.52049,6.00,1.00
2008.11.19 04:28:01.395,1.5203,1.52054,6.00,1.00
2008.11.19 04:28:03.345,1.5203,1.5206,6.00,1.80
2008.11.19 04:28:03.634,1.5203,1.52045,6.00,1.00
2008.11.19 04:28:03.975,1.5199,1.52035,6.00,1.00
2008.11.19 04:28:04.154,1.5197,1.52035,4.60,1.00
2008.11.19 04:28:04.824,1.5197,1.5203,4.60,1.00
2008.11.19 04:28:04.994,1.5198,1.52035,4.60,1.00
2008.11.19 04:28:05.624,1.5198,1.5202,4.60,1.80
2008.11.19 04:28:05.854,1.51975,1.52015,1.00,1.00
2008.11.19 04:28:06.644,1.51965,1.52015,5.50,1.00
2008.11.19 04:28:06.994,1.51975,1.52015,1.00,1.00
2008.11.19 04:28:07.164,1.51975,1.5202,1.00,1.80
2008.11.19 04:28:08.543,1.51965,1.5202,11.50,1.80
2008.11.19 04:28:08.893,1.51965,1.5202,13.90,1.80
2008.11.19 04:28:09.113,1.51975,1.5202,1.00,1.00
2008.11.19 04:28:09.323,1.51975,1.5203,5.50,1.00
2008.11.19 04:28:09.613,1.5198,1.5203,4.60,1.00
2008.11.19 04:28:13.172,1.5198,1.5203,7.90,1.00
2008.11.19 04:28:13.402,1.51985,1.5204,4.60,8.40
2008.11.19 04:28:13.582,1.51985,1.52035,4.60,1.00
2008.11.19 04:28:14.562,1.51985,1.5204,4.60,1.00
2008.11.19 04:28:18.651,1.51985,1.52035,4.60,1.00
2008.11.19 04:28:19.961,1.51985,1.5204,5.50,1.00
2008.11.19 04:28:20.321,1.52,1.5205,1.00,8.40
2008.11.19 04:28:20.650,1.52,1.5205,1.00,1.00
2008.11.19 04:28:22.430,1.51995,1.5205,4.60,1.00
2008.11.19 04:28:22.720,1.5199,1.52045,13.00,1.00
2008.11.19 04:28:22.830,1.5199,1.52045,10.60,1.00
2008.11.19 04:28:23.180,1.5199,1.52045,4.60,1.00
2008.11.19 04:28:23.540,1.51985,1.5204,5.50,1.00
2008.11.19 04:28:24.109,1.51985,1.52035,5.50,1.00
2008.11.19 04:28:25.489,1.51985,1.52035,1.00,1.00
2008.11.19 04:28:28.049,1.51985,1.52035,5.50,1.00
2008.11.19 04:28:33.587,1.51985,1.5203,1.00,1.80
2008.11.19 04:28:33.927,1.51985,1.52034,1.00,1.00
2008.11.19 04:28:34.197,1.51985,1.52035,1.00,1.00
2008.11.19 04:28:34.477,1.51985,1.52035,5.50,1.00
2008.11.19 04:28:35.677,1.51985,1.52035,1.00,1.00
2008.11.19 04:28:35.956,1.51985,1.52035,5.50,1.00
2008.11.19 04:28:36.567,1.51985,1.52035,1.00,1.00
2008.11.19 04:28:36.746,1.51985,1.52035,5.50,1.00
2008.11.19 04:28:37.166,1.51985,1.52035,1.00,1.00
2008.11.19 04:28:37.616,1.51985,1.52035,5.50,1.00
2008.11.19 04:28:40.576,1.51985,1.52035,1.00,1.00
2008.11.19 04:28:40.875,1.51985,1.52035,5.50,1.00
2008.11.19 04:28:43.025,1.51985,1.52035,1.00,1.00
2008.11.19 04:28:43.775,1.51985,1.52035,5.50,1.00
2008.11.19 04:28:44.005,1.51985,1.52035,1.00,1.00
2008.11.19 04:28:44.335,1.51985,1.5203,1.00,1.80
2008.11.19 04:28:44.575,1.51985,1.52035,1.00,1.00
2008.11.19 04:28:44.814,1.51985,1.52025,1.00,1.00
2008.11.19 04:28:45.514,1.51985,1.52035,5.50,1.00
2008.11.19 04:28:45.924,1.51985,1.52035,1.00,1.00
2008.11.19 04:28:46.334,1.51985,1.5204,5.50,1.00
2008.11.19 04:28:47.324,1.51985,1.52035,5.50,1.00
2008.11.19 04:28:47.664,1.51985,1.52035,1.00,1.00
2008.11.19 04:28:52.343,1.51985,1.5204,5.50,1.00
2008.11.19 04:28:53.313,1.5199,1.52045,4.60,1.00
2008.11.19 04:29:05.659,1.51995,1.5205,4.60,1.00
2008.11.19 04:29:05.889,1.5199,1.52045,4.60,1.00
2008.11.19 04:29:19.916,1.5199,1.5203,4.60,1.80
2008.11.19 04:29:20.076,1.51985,1.5203,9.30,1.80
2008.11.19 04:29:20.196,1.51985,1.5203,1.00,1.80
2008.11.19 04:29:21.026,1.5198,1.5203,21.10,1.80
2008.11.19 04:29:22.205,1.51985,1.5203,6.70,1.80
2008.11.19 04:29:22.315,1.51985,1.5204,6.70,8.40
2008.11.19 04:29:22.435,1.5199,1.5204,4.60,8.40
2008.11.19 04:29:22.665,1.5199,1.5204,4.60,6.00
2008.11.19 04:29:22.936,1.5199,1.52045,4.60,1.00
2008.11.19 04:29:27.154,1.51995,1.5205,4.60,1.00
2008.11.19 04:29:27.515,1.5199,1.52045,4.60,1.00
2008.11.19 04:29:30.274,1.51995,1.5205,4.60,1.00
2008.11.19 04:29:30.563,1.5199,1.52045,4.60,1.00
2008.11.19 04:29:31.124,1.51995,1.5205,4.60,1.00
2008.11.19 04:29:31.583,1.5199,1.52045,4.60,1.00
2008.11.19 04:29:35.242,1.51995,1.5205,4.60,1.00
2008.11.19 04:29:35.356,1.5199,1.52045,4.60,1.00
2008.11.19 04:29:35.862,1.51995,1.52045,4.60,1.00
2008.11.19 04:29:36.152,1.5199,1.52045,4.60,1.00
2008.11.19 04:29:47.429,1.5199,1.52045,7.00,1.00
2008.11.19 04:29:47.759,1.51995,1.52045,1.00,1.00
2008.11.19 04:29:47.879,1.51995,1.5205,5.80,1.00
2008.11.19 04:29:48.229,1.52,1.5205,1.00,1.00
2008.11.19 04:29:50.159,1.51995,1.5205,4.60,1.00
2008.11.19 04:29:50.269,1.51995,1.52025,4.60,1.80
2008.11.19 04:29:50.609,1.51995,1.52065,4.60,1.00
2008.11.19 04:30:25.320,1.5195,1.5198,1.00,1.80
2008.11.19 04:30:25.500,1.5195,1.51985,1.30,1.00
2008.11.19 04:30:25.790,1.5195,1.51995,1.30,7.80
2008.11.19 04:30:26.120,1.5195,1.51995,1.00,5.40
2008.11.19 04:30:26.410,1.5196,1.52015,1.00,1.00
2008.11.19 04:30:26.820,1.51955,1.52015,1.00,1.00
2008.11.19 04:30:27.040,1.5196,1.52015,1.00,1.00
2008.11.19 04:30:27.690,1.5195,1.52005,4.60,1.00
2008.11.19 04:30:29.239,1.51965,1.52005,1.00,1.00
2008.11.19 04:30:29.759,1.51965,1.5201,1.00,1.00
2008.11.19 04:30:29.939,1.51965,1.52015,1.00,1.00
2008.11.19 04:30:32.738,1.5197,1.52015,1.00,1.00
2008.11.19 04:30:32.918,1.5197,1.5202,1.00,1.00
2008.11.19 04:30:45.205,1.51975,1.5202,1.00,1.00
2008.11.19 04:30:46.605,1.51965,1.5202,4.60,1.00
2008.11.19 04:30:46.775,1.51965,1.5201,4.60,1.80
2008.11.19 04:30:47.175,1.51955,1.52005,2.20,1.00
2008.11.19 04:30:47.575,1.51955,1.52005,1.00,1.00
2008.11.19 04:30:49.034,1.5197,1.52015,1.00,1.00
2008.11.19 04:30:49.264,1.5197,1.5202,1.00,8.40
2008.11.19 04:30:49.544,1.5197,1.5202,1.00,1.00
2008.11.19 04:30:49.774,1.51975,1.5202,1.00,1.00
2008.11.19 04:30:57.213,1.5198,1.52025,1.00,8.40
2008.11.19 04:30:57.562,1.51985,1.52025,1.00,1.00
2008.11.19 04:31:02.991,1.5198,1.52025,1.00,1.00
2008.11.19 04:31:03.231,1.51965,1.5202,5.80,1.00
2008.11.19 04:31:07.630,1.51965,1.5202,4.60,1.00
2008.11.19 04:31:08.730,1.5198,1.5202,1.90,1.00
2008.11.19 04:31:08.910,1.51995,1.5203,4.60,1.20
2008.11.19 04:31:23.806,1.5201,1.5203,4.60,1.20
2008.11.19 04:31:27.286,1.52,1.5203,4.60,1.20
2008.11.19 04:31:46.181,1.5201,1.5203,4.60,1.20
2008.11.19 04:31:50.510,1.52,1.5203,4.60,1.20
2008.11.19 04:31:50.790,1.5201,1.5203,4.60,1.20
2008.11.19 04:32:11.095,1.52015,1.52085,4.60,9.10
2008.11.19 04:32:11.325,1.52015,1.52085,4.60,3.10
2008.11.19 04:32:11.545,1.52015,1.52085,4.60,1.00
2008.11.19 04:32:16.813,1.5202,1.5207,4.60,1.00
2008.11.19 04:32:21.143,1.52015,1.52065,4.60,1.00
2008.11.19 04:32:23.612,1.5202,1.5207,4.60,1.00
2008.11.19 04:32:25.121,1.52015,1.52065,4.60,1.00
2008.11.19 04:32:25.481,1.5202,1.5207,4.60,1.00
2008.11.19 04:32:26.121,1.52015,1.52065,4.60,1.00
2008.11.19 04:32:26.521,1.5202,1.5207,4.60,1.00
2008.11.19 04:32:26.851,1.52015,1.52065,4.60,1.00
2008.11.19 04:32:33.729,1.52015,1.5204,4.60,1.20
2008.11.19 04:32:37.028,1.5201,1.5203,4.60,1.20
2008.11.19 04:32:37.428,1.5202,1.5203,4.60,1.20
2008.11.19 04:32:38.178,1.5201,1.5203,13.00,1.20
2008.11.19 04:32:38.568,1.5201,1.5203,4.60,1.20
2008.11.19 04:32:38.918,1.52,1.5203,4.60,1.20
2008.11.19 04:33:09.341,1.52,1.5201,4.60,1.80
2008.11.19 04:33:09.571,1.51995,1.5201,6.00,2.40
2008.11.19 04:33:09.921,1.5198,1.5201,6.00,8.40
2008.11.19 04:33:10.091,1.5198,1.5203,6.00,1.00
2008.11.19 04:33:19.578,1.5198,1.5202,7.00,1.00
2008.11.19 04:33:22.317,1.5198,1.5202,6.00,1.00
2008.11.19 04:33:23.137,1.5198,1.52015,6.00,1.00
2008.11.19 04:33:23.587,1.5198,1.52025,6.00,8.40
2008.11.19 04:33:24.117,1.5198,1.52025,6.00,2.40
2008.11.19 04:33:24.468,1.5198,1.52025,6.00,6.00
2008.11.19 04:33:24.757,1.5198,1.5203,10.60,7.20
2008.11.19 04:33:24.997,1.5199,1.52035,2.40,1.00
2008.11.19 04:33:25.517,1.5199,1.52045,7.00,8.40
2008.11.19 04:33:25.747,1.5199,1.52045,7.00,1.00
2008.11.19 04:33:26.317,1.51995,1.5205,4.60,8.40
2008.11.19 04:33:26.657,1.51995,1.5205,4.60,1.00
2008.11.19 04:33:30.126,1.51995,1.5201,4.60,1.80
2008.11.19 04:33:30.815,1.51995,1.52055,4.60,2.40
2008.11.19 04:33:30.875,1.51995,1.52065,4.60,1.00
2008.11.19 04:33:31.225,1.52,1.52065,1.00,1.00
2008.11.19 04:33:31.455,1.52015,1.5209,4.60,8.40
2008.11.19 04:33:31.675,1.52015,1.5209,4.60,1.00
2008.11.19 04:33:33.255,1.5202,1.52075,4.60,1.00
2008.11.19 04:33:34.924,1.51995,1.52054,10.60,1.00
2008.11.19 04:33:35.035,1.51995,1.5204,6.00,1.00
2008.11.19 04:33:41.573,1.52,1.52035,6.00,1.00
2008.11.19 04:33:42.213,1.52,1.52045,6.00,8.40
2008.11.19 04:33:42.672,1.52,1.52045,6.00,1.00
2008.11.19 04:33:42.943,1.52,1.52055,12.70,1.00
2008.11.19 04:33:43.332,1.52015,1.5207,4.60,6.00
2008.11.19 04:33:43.682,1.5202,1.5207,4.60,6.00
2008.11.19 04:33:44.193,1.52015,1.5207,4.60,6.00
2008.11.19 04:33:44.712,1.5203,1.5207,4.60,6.00
2008.11.19 04:33:44.982,1.52025,1.5207,4.60,6.00
2008.11.19 04:33:45.262,1.5203,1.5207,4.60,6.00
2008.11.19 04:33:48.701,1.5202,1.52055,8.40,1.00
2008.11.19 04:33:48.931,1.5201,1.52065,12.00,8.40
2008.11.19 04:33:49.161,1.5201,1.52065,12.00,1.00
2008.11.19 04:33:51.250,1.5201,1.52065,16.60,1.00
2008.11.19 04:33:53.620,1.52025,1.5207,4.60,6.00
2008.11.19 04:33:55.909,1.5203,1.5207,1.00,6.00
2008.11.19 04:33:56.079,1.52035,1.5207,1.00,6.00
2008.11.19 04:33:56.319,1.52035,1.5207,5.50,6.00
2008.11.19 04:33:57.059,1.52035,1.5207,4.60,6.00
2008.11.19 04:33:57.289,1.5203,1.5207,4.60,6.00
2008.11.19 04:33:59.518,1.52025,1.5207,5.50,6.00
2008.11.19 04:33:59.868,1.52025,1.5207,4.60,6.00
2008.11.19 04:34:00.338,1.5202,1.52065,8.40,1.00
2008.11.19 04:34:00.758,1.52015,1.52065,4.60,1.00
2008.11.19 04:34:01.158,1.5201,1.52065,22.60,1.00
2008.11.19 04:34:01.388,1.5201,1.52055,18.00,1.00
2008.11.19 04:34:01.928,1.5201,1.5205,18.00,1.00
2008.11.19 04:34:02.448,1.5201,1.52055,18.00,1.00
2008.11.19 04:34:05.247,1.5201,1.5205,18.00,1.00
2008.11.19 04:34:12.616,1.5201,1.52055,18.00,1.00
2008.11.19 04:34:14.815,1.5201,1.5206,22.60,1.00
2008.11.19 04:34:15.715,1.5201,1.52065,22.60,1.00
2008.11.19 04:34:16.165,1.52015,1.5207,4.60,6.00
2008.11.19 04:34:16.405,1.5201,1.5206,26.40,1.00
2008.11.19 04:34:16.794,1.5201,1.5206,18.00,1.00
2008.11.19 04:34:18.274,1.5201,1.52059,18.00,1.00
2008.11.19 04:34:18.454,1.5201,1.52045,18.00,1.00
2008.11.19 04:34:22.523,1.5201,1.5205,18.00,8.40
2008.11.19 04:34:22.693,1.5201,1.52055,18.00,1.00
2008.11.19 04:34:23.943,1.5201,1.52045,18.00,1.00
2008.11.19 04:34:29.062,1.5201,1.5205,18.00,8.40
2008.11.19 04:34:29.412,1.5201,1.52055,18.00,1.00
2008.11.19 04:34:30.941,1.5201,1.52045,18.00,1.00
2008.11.19 04:34:32.490,1.5201,1.5205,22.60,8.40
2008.11.19 04:34:32.721,1.5202,1.5205,4.60,8.40
2008.11.19 04:34:33.020,1.5202,1.52075,4.60,6.00
2008.11.19 04:34:37.319,1.52015,1.5207,13.00,6.00
2008.11.19 04:34:37.489,1.52015,1.5207,10.60,6.00
2008.11.19 04:34:37.789,1.52015,1.5207,4.60,6.00
2008.11.19 04:34:45.537,1.52015,1.52045,4.60,1.80
2008.11.19 04:34:45.757,1.5201,1.52045,20.40,1.80
2008.11.19 04:34:45.997,1.5201,1.52045,18.00,1.80
2008.11.19 04:34:46.227,1.51975,1.52045,1.00,1.80
2008.11.19 04:34:49.167,1.51985,1.52035,1.00,1.00
2008.11.19 04:34:49.526,1.52,1.5205,4.60,1.20
2008.11.19 04:34:52.556,1.52,1.5204,4.60,6.00
2008.11.19 04:34:52.966,1.51985,1.52025,1.00,1.80
2008.11.19 04:35:00.004,1.51985,1.5203,1.00,1.00
2008.11.19 04:35:00.354,1.5199,1.5204,4.60,8.40
2008.11.19 04:35:00.634,1.52,1.52055,4.60,1.00
2008.11.19 04:35:03.413,1.51995,1.5205,13.00,1.00
2008.11.19 04:35:03.823,1.51995,1.5205,7.00,1.00
2008.11.19 04:35:04.293,1.51995,1.5205,4.60,1.00
2008.11.19 04:35:04.623,1.52005,1.5206,4.60,20.40
2008.11.19 04:35:04.923,1.52005,1.5206,4.60,18.00
2008.11.19 04:35:05.143,1.5201,1.5206,4.60,12.00
2008.11.19 04:35:25.398,1.52005,1.52055,4.60,1.00
2008.11.19 04:35:25.728,1.51995,1.52045,4.60,1.00
2008.11.19 04:35:26.198,1.5199,1.52045,10.60,1.00
2008.11.19 04:35:28.747,1.51995,1.52045,4.60,1.00
2008.11.19 04:35:29.047,1.5201,1.52055,4.60,6.00
2008.11.19 04:35:29.377,1.5201,1.5206,4.60,12.00
2008.11.19 04:35:29.677,1.52005,1.5206,4.60,12.00
2008.11.19 04:35:30.677,1.52015,1.5206,4.60,12.00
2008.11.19 04:35:34.286,1.5201,1.52055,2.40,1.00
2008.11.19 04:35:34.516,1.52005,1.52055,4.60,1.00
2008.11.19 04:35:34.986,1.52015,1.5206,4.60,12.00
2008.11.19 04:35:43.943,1.5201,1.5206,13.00,12.00
2008.11.19 04:35:44.273,1.5201,1.5206,4.60,12.00
2008.11.19 04:35:44.503,1.52015,1.5206,4.60,12.00
2008.11.19 04:35:46.633,1.5201,1.5206,4.60,12.00
2008.11.19 04:35:50.002,1.5201,1.5206,4.60,13.20
2008.11.19 04:35:50.242,1.5201,1.52045,4.60,2.40
2008.11.19 04:35:50.472,1.5201,1.52045,4.60,3.60
2008.11.19 04:35:50.582,1.5201,1.5204,4.60,1.20
2008.11.19 04:35:50.882,1.5201,1.5203,4.60,1.20
2008.11.19 04:35:51.182,1.51985,1.5203,6.00,1.20
2008.11.19 04:35:51.412,1.51985,1.5202,6.00,1.00
2008.11.19 04:35:58.060,1.5199,1.5203,6.00,8.40
2008.11.19 04:35:58.230,1.5199,1.5203,6.00,8.40
2008.11.19 04:35:58.530,1.5199,1.5204,6.00,1.00
2008.11.19 04:36:13.326,1.5199,1.52045,10.60,1.00
2008.11.19 04:36:13.616,1.51995,1.5205,4.60,1.00
2008.11.19 04:36:17.795,1.52,1.52055,4.60,8.40
2008.11.19 04:36:18.035,1.52,1.52055,4.60,1.00
2008.11.19 04:36:18.435,1.5201,1.5206,4.60,1.00
2008.11.19 04:36:18.655,1.52015,1.52065,4.60,6.00
2008.11.19 04:36:18.825,1.52015,1.52065,4.60,1.00
2008.11.19 04:36:20.095,1.5202,1.52075,4.60,8.40
2008.11.19 04:36:20.615,1.52025,1.52075,4.60,1.00
2008.11.19 04:36:21.064,1.5202,1.52075,4.60,1.00
2008.11.19 04:36:21.285,1.52025,1.52075,4.60,1.00
2008.11.19 04:36:21.524,1.5202,1.52075,4.60,1.00
2008.11.19 04:36:22.564,1.52025,1.52075,4.60,1.00
2008.11.19 04:36:23.024,1.52025,1.52075,4.60,8.40
2008.11.19 04:36:23.304,1.5201,1.52065,4.60,1.00
2008.11.19 04:36:23.594,1.52015,1.5207,4.60,8.40
2008.11.19 04:36:23.933,1.52015,1.5207,4.60,1.00
2008.11.19 04:36:24.633,1.5202,1.52075,4.60,2.40
2008.11.19 04:36:24.933,1.5202,1.52075,4.60,1.00
2008.11.19 04:36:25.763,1.5202,1.52075,4.60,2.40
2008.11.19 04:36:26.003,1.52015,1.5207,4.60,1.00
2008.11.19 04:36:27.683,1.52005,1.52055,8.40,1.00
2008.11.19 04:36:28.203,1.51995,1.5205,13.00,1.00
2008.11.19 04:36:28.543,1.51995,1.5205,10.60,1.00
2008.11.19 04:36:29.003,1.5201,1.52065,4.60,1.00
2008.11.19 04:36:29.463,1.52,1.52055,4.60,1.00
2008.11.19 04:36:29.752,1.51995,1.5205,4.60,1.00
2008.11.19 04:36:30.372,1.52,1.52055,4.60,8.40
2008.11.19 04:36:30.732,1.52,1.52055,4.60,1.00
2008.11.19 04:36:31.352,1.5201,1.5206,4.60,1.00
2008.11.19 04:36:31.872,1.52,1.52055,13.00,1.00
2008.11.19 04:36:32.572,1.5201,1.5206,4.60,1.00
2008.11.19 04:36:33.491,1.52,1.5205,8.40,1.00
2008.11.19 04:36:33.781,1.51995,1.5205,4.60,1.00
2008.11.19 04:36:38.590,1.5199,1.52045,25.00,1.00
2008.11.19 04:36:38.941,1.5199,1.52045,16.60,1.00
2008.11.19 04:36:40.350,1.51995,1.5205,4.60,1.00
2008.11.19 04:36:44.519,1.52,1.52055,4.60,1.00
2008.11.19 04:36:53.337,1.52005,1.52055,4.60,1.00
2008.11.19 04:36:53.516,1.52,1.52055,4.60,1.00
2008.11.19 04:37:26.739,1.52005,1.5206,4.60,1.00
2008.11.19 04:37:27.119,1.52,1.52055,13.00,1.00
2008.11.19 04:37:27.468,1.52,1.52055,4.60,1.00
2008.11.19 04:37:27.918,1.52005,1.5206,4.60,1.00
2008.11.19 04:38:16.366,1.5201,1.52065,4.60,1.00
2008.11.19 04:38:16.886,1.52005,1.5206,13.00,1.00
2008.11.19 04:38:17.066,1.52005,1.5206,4.60,1.00
2008.11.19 04:38:23.245,1.52,1.52055,13.00,1.00
2008.11.19 04:38:23.765,1.52005,1.5206,4.60,1.00
2008.11.19 04:38:24.645,1.52,1.52055,13.00,1.00
2008.11.19 04:38:25.244,1.52,1.52055,4.60,1.00
2008.11.19 04:38:27.484,1.51995,1.5205,13.00,1.00
2008.11.19 04:38:27.714,1.51995,1.5205,4.60,1.00
2008.11.19 04:38:27.944,1.51995,1.5205,4.60,8.40
2008.11.19 04:38:28.204,1.51995,1.52044,4.60,1.00
2008.11.19 04:38:28.664,1.5199,1.52025,24.00,1.00
2008.11.19 04:38:29.253,1.5199,1.5203,24.00,1.00
2008.11.19 04:38:29.713,1.5199,1.52025,24.00,1.00
2008.11.19 04:38:29.994,1.5199,1.52035,24.00,1.00
2008.11.19 04:38:30.333,1.5199,1.5203,24.00,1.00
2008.11.19 04:38:35.452,1.5199,1.52035,24.00,1.00
2008.11.19 04:38:36.102,1.5199,1.5203,24.00,1.00
2008.11.19 04:38:36.322,1.5199,1.52035,24.00,1.00
2008.11.19 04:38:36.942,1.5199,1.52045,28.60,1.00
2008.11.19 04:38:37.292,1.5199,1.52035,24.00,1.00
2008.11.19 04:38:38.232,1.5199,1.52045,28.60,8.40
2008.11.19 04:38:38.411,1.5199,1.52045,28.60,1.00
2008.11.19 04:38:38.981,1.5199,1.52045,28.60,6.00
2008.11.19 04:38:39.561,1.51995,1.52035,1.00,1.00
2008.11.19 04:38:39.961,1.52,1.5206,4.60,1.00
2008.11.19 04:38:40.581,1.52005,1.52065,4.60,1.00
2008.11.19 04:38:42.130,1.52,1.52055,4.60,1.00
2008.11.19 04:38:51.778,1.52005,1.5206,4.60,1.00
2008.11.19 04:38:57.327,1.52,1.52055,4.60,1.00
2008.11.19 04:39:01.876,1.52005,1.5206,4.60,1.00
2008.11.19 04:39:02.505,1.52,1.52055,13.00,1.00
2008.11.19 04:39:02.735,1.52,1.52055,10.60,1.00
2008.11.19 04:39:03.065,1.52005,1.5206,4.60,1.00
2008.11.19 04:39:07.834,1.5201,1.52065,4.60,1.00
2008.11.19 04:39:14.383,1.52015,1.52065,4.60,1.00
2008.11.19 04:39:14.903,1.5202,1.5207,4.60,6.00
2008.11.19 04:39:20.641,1.52015,1.52055,8.40,1.00
2008.11.19 04:39:20.821,1.52015,1.5205,8.40,1.80
2008.11.19 04:39:21.101,1.52,1.5205,4.60,1.80
2008.11.19 04:39:21.211,1.52,1.52044,4.60,1.00
2008.11.19 04:39:21.571,1.51995,1.52044,4.60,1.00
2008.11.19 04:39:23.040,1.5199,1.5204,34.60,1.00
2008.11.19 04:39:26.950,1.52,1.5205,4.60,8.40
2008.11.19 04:39:27.130,1.52,1.5205,4.60,2.40
2008.11.19 04:39:27.359,1.52,1.52055,4.60,1.00
2008.11.19 04:39:28.229,1.52005,1.5206,4.60,1.00
2008.11.19 04:39:30.259,1.5201,1.52065,4.60,1.00
2008.11.19 04:39:30.558,1.52005,1.5206,13.00,1.00
2008.11.19 04:39:30.789,1.5201,1.52065,4.60,1.00
2008.11.19 04:39:32.268,1.52005,1.5206,13.00,1.00
2008.11.19 04:39:32.618,1.52005,1.5206,4.60,1.00
2008.11.19 04:39:36.537,1.52005,1.5206,4.60,1.80
2008.11.19 04:39:36.937,1.52,1.52055,13.00,1.00
2008.11.19 04:39:37.108,1.52,1.52054,4.60,1.00
2008.11.19 04:39:43.615,1.52005,1.5206,4.60,1.00
2008.11.19 04:39:43.725,1.5201,1.52065,4.60,1.00
2008.11.19 04:39:44.825,1.5202,1.52075,4.60,6.00
2008.11.19 04:39:45.115,1.5202,1.52075,4.60,1.00
2008.11.19 04:39:57.562,1.5202,1.52069,4.60,1.00
2008.11.19 04:39:57.682,1.5201,1.52065,4.60,1.00
2008.11.19 04:39:57.802,1.52005,1.5206,7.00,1.00
2008.11.19 04:39:57.982,1.52005,1.5206,4.60,1.00
2008.11.19 04:40:02.701,1.5201,1.52065,4.60,1.00
2008.11.19 04:40:03.221,1.52005,1.5206,4.60,1.00
2008.11.19 04:40:12.309,1.5201,1.52065,4.60,1.00
2008.11.19 04:40:12.708,1.52005,1.5206,4.60,1.00
2008.11.19 04:40:16.228,1.5201,1.52065,4.60,1.00
2008.11.19 04:40:16.518,1.52005,1.5206,4.60,1.00
2008.11.19 04:40:19.047,1.5201,1.52065,4.60,1.00
2008.11.19 04:40:19.467,1.52005,1.5206,13.00,1.00
2008.11.19 04:40:19.697,1.52005,1.5206,4.60,1.00
2008.11.19 04:40:21.386,1.5201,1.52065,4.60,1.00
2008.11.19 04:40:21.666,1.52005,1.5206,4.60,1.00
2008.11.19 04:40:28.075,1.5201,1.52065,4.60,1.00
2008.11.19 04:40:28.485,1.52005,1.5206,13.00,1.00
2008.11.19 04:40:28.604,1.52005,1.5206,10.60,1.00
2008.11.19 04:40:28.995,1.52005,1.5206,4.60,1.00
2008.11.19 04:40:42.291,1.52005,1.52055,4.60,1.00
2008.11.19 04:40:42.511,1.52,1.52055,4.60,1.00
2008.11.19 04:40:42.791,1.52005,1.5206,4.60,1.00
2008.11.19 04:40:43.011,1.52,1.52055,7.00,1.00
2008.11.19 04:40:43.241,1.52,1.52055,4.60,1.00
2008.11.19 04:40:47.640,1.5201,1.52065,4.60,8.40
2008.11.19 04:40:47.990,1.5201,1.52065,4.60,2.40
2008.11.19 04:40:48.160,1.52005,1.5206,4.60,1.00
2008.11.19 04:40:49.999,1.5201,1.52065,4.60,1.00
2008.11.19 04:40:58.207,1.5201,1.52065,5.70,1.00
2008.11.19 04:40:58.437,1.5202,1.52074,4.60,1.00
2008.11.19 04:40:58.727,1.52015,1.5207,5.50,1.00
2008.11.19 04:40:58.947,1.52025,1.52075,4.60,1.00
2008.11.19 04:41:01.427,1.52025,1.5208,4.60,1.00
2008.11.19 04:41:02.246,1.52025,1.5208,5.50,1.00
2008.11.19 04:41:05.276,1.52025,1.52075,1.00,1.00
2008.11.19 04:41:05.456,1.5204,1.52075,1.00,1.00
2008.11.19 04:41:05.916,1.5204,1.5208,1.00,8.40
2008.11.19 04:41:06.085,1.5204,1.52085,1.00,1.00
2008.11.19 04:41:06.555,1.5204,1.52085,1.90,1.00
2008.11.19 04:41:07.715,1.52035,1.52085,5.50,1.00
2008.11.19 04:41:07.935,1.52035,1.5208,1.00,1.00
2008.11.19 04:41:08.455,1.52025,1.52075,5.50,1.00
2008.11.19 04:41:12.674,1.52025,1.52075,4.60,1.00
2008.11.19 04:41:12.734,1.52015,1.5207,7.90,1.00
2008.11.19 04:41:12.904,1.52015,1.5207,5.50,1.00
2008.11.19 04:41:13.474,1.52015,1.52065,4.60,1.00
2008.11.19 04:41:14.044,1.5201,1.52065,4.60,1.00
2008.11.19 04:41:24.871,1.5201,1.52065,5.70,1.00
2008.11.19 04:41:25.041,1.5201,1.52065,6.60,1.00
2008.11.19 04:41:25.391,1.52015,1.5207,4.60,1.00
2008.11.19 04:41:26.081,1.52015,1.5207,5.50,1.00
2008.11.19 04:41:30.150,1.5202,1.52075,4.60,1.00
2008.11.19 04:41:36.068,1.52025,1.52075,4.60,1.00
2008.11.19 04:41:37.688,1.5202,1.52075,4.60,1.00
2008.11.19 04:41:40.358,1.5202,1.52064,4.60,1.00
2008.11.19 04:41:40.537,1.52015,1.5206,1.00,1.80
2008.11.19 04:41:40.707,1.5201,1.5206,6.60,1.80
2008.11.19 04:41:45.186,1.5201,1.5205,1.00,1.80
2008.11.19 04:41:48.565,1.5203,1.52055,1.00,1.00
2008.11.19 04:41:48.725,1.52,1.5206,4.60,1.00
2008.11.19 04:41:48.845,1.52,1.5206,5.70,1.80
2008.11.19 04:41:49.125,1.52,1.5206,6.60,1.80
2008.11.19 04:42:03.852,1.5201,1.5206,1.90,1.80
2008.11.19 04:42:04.411,1.5201,1.5206,6.60,1.80
2008.11.19 04:42:08.010,1.52005,1.52055,5.50,1.00
2008.11.19 04:42:08.300,1.52005,1.52055,1.00,1.00
2008.11.19 04:42:13.429,1.52,1.5205,22.60,1.00
2008.11.19 04:42:14.299,1.52,1.5205,23.70,1.00
2008.11.19 04:42:14.539,1.52005,1.52054,4.60,1.00
2008.11.19 04:42:14.769,1.52,1.5205,18.00,1.00
2008.11.19 04:42:29.035,1.52,1.5205,18.00,1.80
2008.11.19 04:42:29.246,1.52,1.5204,18.00,1.00
2008.11.19 04:42:32.205,1.52,1.52045,18.00,1.00
2008.11.19 04:42:45.022,1.52,1.5205,18.00,1.00
2008.11.19 04:42:49.701,1.52005,1.52054,1.00,1.00
2008.11.19 04:42:50.041,1.52,1.5205,18.00,1.00
2008.11.19 04:42:53.220,1.52,1.52054,22.60,1.00
2008.11.19 04:42:54.729,1.52,1.5205,18.00,1.00
2008.11.19 04:42:57.189,1.52,1.52055,22.60,1.00
2008.11.19 04:42:57.539,1.5201,1.52065,4.60,6.00
2008.11.19 04:42:57.709,1.5201,1.52065,4.60,1.00
2008.11.19 04:42:59.448,1.52005,1.52055,4.60,1.00
2008.11.19 04:42:59.728,1.52,1.52055,22.60,1.00
2008.11.19 04:43:03.757,1.52,1.5205,22.60,1.00
2008.11.19 04:43:06.747,1.52005,1.52054,4.60,1.00
2008.11.19 04:43:07.036,1.52005,1.52055,4.60,1.00
2008.11.19 04:43:07.436,1.52,1.52055,22.60,1.00
2008.11.19 04:43:13.795,1.52005,1.5206,4.60,1.00
2008.11.19 04:43:14.145,1.5201,1.52065,4.60,1.00
2008.11.19 04:43:28.981,1.52005,1.5206,4.60,1.00
2008.11.19 04:43:30.581,1.52,1.5205,26.40,1.00
2008.11.19 04:43:30.980,1.52005,1.5206,4.60,8.40
2008.11.19 04:43:31.211,1.52005,1.5206,4.60,2.40
2008.11.19 04:43:31.501,1.52005,1.5206,4.60,1.00
2008.11.19 04:43:36.419,1.52005,1.5206,4.60,1.80
2008.11.19 04:43:36.589,1.52,1.52045,26.40,1.00
2008.11.19 04:43:36.759,1.52,1.52045,18.00,1.00
2008.11.19 04:43:38.729,1.52,1.5204,18.00,1.00
2008.11.19 04:43:41.198,1.52,1.52045,18.00,1.00
2008.11.19 04:43:41.488,1.52,1.5204,18.00,1.00
2008.11.19 04:43:42.788,1.52,1.5204,18.00,1.80
2008.11.19 04:43:42.958,1.52,1.5203,18.00,1.00
2008.11.19 04:43:43.718,1.52,1.5204,18.00,1.00
2008.11.19 04:43:44.067,1.52,1.52035,18.00,1.00
2008.11.19 04:43:45.377,1.52,1.5204,18.00,1.00
2008.11.19 04:43:45.597,1.52,1.52045,18.00,1.00
2008.11.19 04:43:46.127,1.52,1.5204,18.00,1.00
2008.11.19 04:43:50.496,1.52,1.52035,18.00,1.00
2008.11.19 04:43:50.916,1.52,1.5204,18.00,1.00
2008.11.19 04:43:58.124,1.52,1.5204,18.00,1.00
2008.11.19 04:43:59.124,1.52,1.52045,18.00,1.00
2008.11.19 04:43:59.484,1.52,1.52055,22.60,8.40
2008.11.19 04:43:59.713,1.52,1.52055,22.60,1.00
2008.11.19 04:44:02.553,1.52,1.52055,23.80,1.00
2008.11.19 04:44:02.893,1.52005,1.5206,4.60,1.00
2008.11.19 04:44:03.063,1.5201,1.52065,4.60,1.00
2008.11.19 04:44:03.443,1.52005,1.5206,13.00,1.00
2008.11.19 04:44:03.663,1.52005,1.5206,4.60,1.00
2008.11.19 04:44:05.092,1.52,1.52055,23.80,1.00
2008.11.19 04:44:05.512,1.52005,1.5206,4.60,1.00
2008.11.19 04:44:06.132,1.52,1.52055,23.80,1.00
2008.11.19 04:44:07.802,1.52005,1.5206,4.60,1.00
2008.11.19 04:44:10.121,1.52005,1.5206,14.20,1.00
2008.11.19 04:44:10.531,1.5202,1.5207,4.60,24.00
2008.11.19 04:44:15.600,1.5201,1.5206,8.40,1.00
2008.11.19 04:44:15.950,1.52005,1.5206,4.60,1.00
2008.11.19 04:44:20.069,1.52,1.5205,18.00,1.00
2008.11.19 04:44:21.389,1.52,1.52055,22.60,8.40
2008.11.19 04:44:21.689,1.52,1.52055,22.60,2.40
2008.11.19 04:44:21.928,1.52,1.5205,18.00,1.00
2008.11.19 04:44:23.268,1.52,1.52054,22.60,1.00
2008.11.19 04:44:23.448,1.52,1.52055,22.60,6.00
2008.11.19 04:44:23.568,1.52,1.52055,22.60,1.00
2008.11.19 04:44:26.277,1.52,1.52055,25.00,1.00
2008.11.19 04:44:26.617,1.52005,1.5206,4.60,1.00
2008.11.19 04:44:27.247,1.52005,1.5206,4.60,1.80
2008.11.19 04:44:27.477,1.52,1.52055,22.60,1.00
2008.11.19 04:44:27.647,1.52,1.52054,22.60,1.00
2008.11.19 04:44:27.877,1.5201,1.52054,1.00,1.00
2008.11.19 04:44:28.047,1.5201,1.5206,1.00,1.00
2008.11.19 04:44:28.157,1.5201,1.52064,5.70,1.00
2008.11.19 04:44:29.327,1.52015,1.52065,1.00,1.00
2008.11.19 04:44:29.716,1.5202,1.5207,4.60,24.00
2008.11.19 04:44:30.226,1.52015,1.52065,1.00,1.00
2008.11.19 04:44:30.726,1.5202,1.5207,4.60,24.00
2008.11.19 04:44:31.426,1.5202,1.5207,4.60,25.80
2008.11.19 04:44:31.656,1.5201,1.5206,6.00,1.00
2008.11.19 04:44:31.896,1.52005,1.52054,4.60,1.00
2008.11.19 04:44:32.076,1.52,1.52045,38.40,1.00
2008.11.19 04:44:32.236,1.52,1.52045,30.00,1.00
2008.11.19 04:44:33.445,1.52,1.52044,30.00,1.00
2008.11.19 04:44:33.666,1.52,1.5204,30.00,1.00
2008.11.19 04:44:34.065,1.52,1.5203,30.00,1.80
2008.11.19 04:44:35.475,1.52,1.52035,30.00,1.00
2008.11.19 04:44:35.695,1.52,1.5204,30.00,1.00
2008.11.19 04:44:35.875,1.52,1.5203,30.00,1.80
2008.11.19 04:44:36.105,1.52,1.5203,30.00,1.00
2008.11.19 04:44:36.515,1.52,1.52035,30.00,8.40
2008.11.19 04:44:36.795,1.52,1.52045,30.00,1.00
2008.11.19 04:44:37.195,1.52,1.5205,30.00,1.00
2008.11.19 04:44:39.514,1.52,1.52055,34.60,2.40
2008.11.19 04:44:39.804,1.52005,1.52055,4.60,1.00
2008.11.19 04:44:40.034,1.52005,1.5206,4.60,6.00
2008.11.19 04:44:40.324,1.5202,1.5206,4.60,6.00
2008.11.19 04:44:43.783,1.5202,1.5206,4.60,7.80
2008.11.19 04:44:43.843,1.51995,1.52055,34.60,1.00
2008.11.19 04:44:43.963,1.51995,1.5205,34.60,1.80
2008.11.19 04:44:44.233,1.51995,1.52054,34.60,1.00
2008.11.19 04:44:44.343,1.51995,1.5205,30.00,1.00
2008.11.19 04:44:45.013,1.52,1.52054,34.60,1.00
2008.11.19 04:44:46.592,1.52,1.52045,30.00,1.00
2008.11.19 04:44:47.742,1.52,1.52055,34.60,8.40
2008.11.19 04:44:47.972,1.52,1.52055,34.60,1.00
2008.11.19 04:44:48.092,1.5201,1.5206,4.60,6.00
2008.11.19 04:44:54.091,1.5202,1.5206,4.60,6.00
2008.11.19 04:44:57.740,1.5201,1.5206,13.00,6.00
2008.11.19 04:44:58.150,1.5201,1.5206,4.60,6.00
2008.11.19 04:45:00.209,1.5202,1.5206,4.60,6.00
2008.11.19 04:45:04.088,1.52015,1.5206,13.00,6.00
2008.11.19 04:45:04.558,1.52015,1.5206,4.60,6.00
2008.11.19 04:45:04.858,1.52025,1.5206,5.50,6.00
2008.11.19 04:45:05.378,1.52025,1.5206,1.00,6.00
2008.11.19 04:45:05.608,1.52025,1.5206,5.50,6.00
2008.11.19 04:45:14.875,1.5202,1.5206,8.40,6.00
2008.11.19 04:45:15.106,1.52015,1.5206,4.60,6.00
2008.11.19 04:45:16.095,1.5201,1.5206,16.60,6.00
2008.11.19 04:45:16.335,1.5201,1.5206,10.60,6.00
2008.11.19 04:45:16.625,1.5202,1.5206,4.60,6.00
2008.11.19 04:45:18.834,1.5202,1.5206,5.70,6.00
2008.11.19 04:45:19.125,1.52025,1.5206,4.60,6.00
2008.11.19 04:45:19.364,1.52025,1.5206,5.50,6.00
2008.11.19 04:45:20.614,1.52025,1.5206,4.60,6.00
2008.11.19 04:45:21.874,1.5202,1.5206,4.60,6.00
2008.11.19 04:45:22.044,1.52015,1.5206,8.40,6.00
2008.11.19 04:45:22.384,1.52025,1.5206,4.60,6.00
2008.11.19 04:45:24.033,1.5202,1.5206,1.00,6.00
2008.11.19 04:45:27.083,1.52035,1.52074,1.00,1.00
2008.11.19 04:45:27.992,1.52035,1.5208,1.00,1.80
2008.11.19 04:45:30.872,1.5204,1.5208,1.00,1.80
2008.11.19 04:45:31.972,1.5204,1.5208,1.00,1.80
2008.11.19 04:45:33.941,1.5204,1.5209,1.90,1.80
2008.11.19 04:45:37.160,1.5204,1.5209,1.90,1.80
2008.11.19 04:45:44.808,1.52045,1.521,5.50,8.40
2008.11.19 04:45:44.968,1.52055,1.521,4.60,6.00
2008.11.19 04:45:45.138,1.52055,1.5211,4.60,7.20
2008.11.19 04:45:45.418,1.5205,1.52105,4.60,1.00
2008.11.19 04:45:47.548,1.52065,1.52105,1.90,1.00
2008.11.19 04:45:47.607,1.52065,1.5211,1.90,7.20
2008.11.19 04:45:48.937,1.52065,1.5211,4.60,7.20
2008.11.19 04:45:49.117,1.5206,1.5211,2.40,7.20
2008.11.19 04:45:49.287,1.52055,1.52105,4.60,1.00
2008.11.19 04:45:49.617,1.5205,1.52105,4.60,1.00
2008.11.19 04:45:56.815,1.52055,1.5211,4.60,7.20
2008.11.19 04:45:57.496,1.52055,1.52105,4.60,1.00
2008.11.19 04:45:58.135,1.5205,1.52105,4.60,1.00
2008.11.19 04:45:58.405,1.5205,1.52104,4.60,1.00
2008.11.19 04:45:58.465,1.52045,1.521,4.60,1.00
2008.11.19 04:45:58.685,1.5204,1.5209,2.40,1.00
2008.11.19 04:45:58.865,1.52035,1.5209,4.60,1.00
2008.11.19 04:45:59.035,1.5204,1.5209,1.00,1.00
2008.11.19 04:45:59.255,1.5205,1.521,4.60,8.40
2008.11.19 04:45:59.765,1.5205,1.521,4.60,1.00
2008.11.19 04:46:00.035,1.52035,1.5209,4.60,1.00
2008.11.19 04:46:05.553,1.52045,1.52095,4.60,1.00
2008.11.19 04:46:11.192,1.5203,1.5208,6.00,1.00
2008.11.19 04:46:11.672,1.5203,1.52075,6.00,1.00
2008.11.19 04:46:12.712,1.5203,1.5208,6.00,8.40
2008.11.19 04:46:13.181,1.5203,1.52075,6.00,1.00
2008.11.19 04:46:14.791,1.5203,1.5208,6.00,1.00
2008.11.19 04:46:15.371,1.5203,1.52085,10.60,8.40
2008.11.19 04:46:15.811,1.52035,1.5209,4.60,1.00
2008.11.19 04:46:18.420,1.52045,1.52095,4.60,1.00
2008.11.19 04:46:21.909,1.52045,1.52095,5.80,1.00
2008.11.19 04:46:21.969,1.52055,1.52104,4.60,1.00
2008.11.19 04:46:22.189,1.52055,1.5211,4.60,1.00
2008.11.19 04:46:22.419,1.52055,1.521,4.60,1.80
2008.11.19 04:46:22.809,1.52045,1.521,13.90,1.80
2008.11.19 04:46:22.869,1.52045,1.521,7.90,1.80
2008.11.19 04:46:22.919,1.52045,1.521,5.50,1.80
2008.11.19 04:46:23.719,1.52045,1.52094,4.60,1.00
2008.11.19 04:46:23.949,1.5204,1.52094,4.60,1.00
2008.11.19 04:46:26.198,1.5203,1.52085,4.60,1.00
2008.11.19 04:46:28.578,1.52025,1.5208,13.00,1.00
2008.11.19 04:46:28.698,1.52025,1.5208,4.60,1.00
2008.11.19 04:46:29.548,1.5203,1.52085,4.60,8.40
2008.11.19 04:46:29.717,1.5203,1.52085,4.60,1.00
2008.11.19 04:46:34.336,1.52025,1.5208,13.00,1.00
2008.11.19 04:46:34.516,1.52025,1.5208,7.00,1.00
2008.11.19 04:46:34.816,1.52025,1.5208,4.60,1.00
2008.11.19 04:46:35.776,1.5203,1.52085,4.60,6.00
2008.11.19 04:46:35.956,1.5203,1.52085,4.60,1.00
2008.11.19 04:46:37.176,1.52025,1.5208,7.00,1.00
2008.11.19 04:46:37.356,1.52025,1.52079,4.60,1.00
2008.11.19 04:46:37.526,1.5202,1.5206,18.00,1.00
2008.11.19 04:46:38.805,1.5202,1.52065,18.00,6.00
2008.11.19 04:46:39.075,1.5202,1.52065,18.00,1.00
2008.11.19 04:46:41.545,1.52025,1.52075,4.60,8.40
2008.11.19 04:46:41.835,1.52025,1.5208,4.60,1.00
2008.11.19 04:46:42.125,1.5203,1.52085,4.60,1.20
2008.11.19 04:46:42.414,1.5203,1.52085,4.60,1.00
2008.11.19 04:46:42.584,1.52035,1.52085,4.60,1.00
2008.11.19 04:46:42.984,1.52035,1.5209,4.60,6.00
2008.11.19 04:46:43.864,1.52025,1.52075,13.00,1.00
2008.11.19 04:46:44.044,1.52025,1.5208,13.00,1.00
2008.11.19 04:46:44.284,1.52025,1.5208,4.60,1.00
2008.11.19 04:46:46.864,1.5202,1.52065,18.00,1.00
2008.11.19 04:46:47.103,1.5202,1.52065,18.00,1.80
2008.11.19 04:46:47.513,1.5202,1.52065,18.00,1.80
2008.11.19 04:46:47.744,1.5202,1.52065,18.90,1.80
2008.11.19 04:46:48.323,1.5202,1.5206,18.00,1.80
2008.11.19 04:46:51.072,1.5202,1.5206,19.00,1.80
2008.11.19 04:46:51.312,1.5202,1.52065,25.00,1.00
2008.11.19 04:46:51.432,1.52025,1.5208,4.60,1.20
2008.11.19 04:46:51.542,1.52025,1.5208,10.60,1.20
2008.11.19 04:46:51.662,1.52035,1.5208,4.60,1.20
2008.11.19 04:46:55.561,1.52035,1.5208,5.80,1.20
2008.11.19 04:46:55.731,1.52045,1.5208,4.60,1.20
2008.11.19 04:47:05.099,1.52035,1.5208,4.60,1.20
2008.11.19 04:47:19.546,1.5203,1.5208,4.60,1.20
2008.11.19 04:47:19.936,1.52035,1.5208,4.60,1.20
2008.11.19 04:47:20.805,1.5203,1.5208,4.60,1.20
2008.11.19 04:47:21.035,1.52035,1.5208,4.60,1.20
2008.11.19 04:47:22.475,1.5203,1.5208,4.60,1.20
2008.11.19 04:47:22.775,1.52035,1.5208,4.60,1.20
2008.11.19 04:47:25.824,1.5203,1.5208,4.60,1.20
2008.11.19 04:47:27.683,1.52025,1.5208,4.60,1.20
2008.11.19 04:47:38.281,1.52025,1.5208,4.60,7.20
2008.11.19 04:47:38.341,1.5202,1.52075,29.80,1.00
2008.11.19 04:47:41.660,1.52025,1.5208,4.60,9.60
2008.11.19 04:47:41.890,1.52025,1.5208,4.60,7.20
2008.11.19 04:47:42.060,1.5203,1.5208,4.60,1.20
2008.11.19 04:47:43.430,1.52025,1.5208,4.60,1.20
2008.11.19 04:47:44.579,1.52035,1.5208,4.60,1.20
2008.11.19 04:47:45.129,1.5203,1.5208,4.60,1.20
2008.11.19 04:47:57.107,1.52035,1.5208,4.60,1.20
2008.11.19 04:48:20.901,1.5204,1.5208,4.60,1.20
2008.11.19 04:48:25.390,1.52055,1.5208,4.60,1.20
2008.11.19 04:48:25.680,1.5205,1.5208,4.60,1.20
2008.11.19 04:48:28.959,1.52045,1.5208,4.60,1.20
2008.11.19 04:48:29.229,1.5204,1.5208,4.60,1.20
2008.11.19 04:48:29.808,1.52055,1.5208,4.60,1.20
2008.11.19 04:48:30.079,1.5206,1.5208,1.00,1.20
2008.11.19 04:48:30.968,1.5203,1.5208,4.60,1.20
2008.11.19 04:48:33.267,1.52035,1.5208,4.60,1.20
2008.11.19 04:48:34.827,1.5204,1.5208,4.60,1.20
2008.11.19 04:48:38.027,1.52045,1.5208,1.00,1.20
2008.11.19 04:48:38.087,1.52045,1.5208,5.50,1.20
2008.11.19 04:48:39.536,1.52045,1.5208,4.60,1.20
2008.11.19 04:48:49.804,1.5205,1.5208,4.60,1.20
2008.11.19 04:48:50.433,1.5205,1.5208,5.70,1.20
2008.11.19 04:48:50.773,1.52055,1.5208,4.60,1.20
2008.11.19 04:48:51.003,1.5205,1.5208,4.60,1.20
2008.11.19 04:48:53.183,1.52045,1.5208,4.60,1.20
2008.11.19 04:48:55.162,1.5205,1.5208,4.60,1.20
2008.11.19 04:49:01.291,1.5205,1.5208,6.70,1.20
2008.11.19 04:49:01.471,1.52055,1.5208,4.60,1.20
2008.11.19 04:49:01.691,1.5206,1.5208,1.00,1.20
2008.11.19 04:49:12.379,1.52065,1.5208,1.00,1.20
2008.11.19 04:49:12.490,1.52055,1.5208,4.60,1.20
2008.11.19 04:49:14.088,1.52065,1.5208,1.00,1.20
2008.11.19 04:49:14.268,1.5207,1.5208,1.00,1.20
2008.11.19 04:49:14.718,1.52065,1.5208,1.00,1.20
2008.11.19 04:49:16.617,1.5206,1.5208,4.60,1.20
2008.11.19 04:49:16.787,1.52025,1.5208,13.00,1.20
2008.11.19 04:49:17.187,1.5202,1.5208,28.60,1.20
2008.11.19 04:49:17.417,1.5202,1.5208,22.60,1.20
2008.11.19 04:49:17.877,1.5203,1.52075,18.00,1.00
2008.11.19 04:49:20.476,1.5203,1.5208,22.60,9.60
2008.11.19 04:49:20.716,1.5203,1.5208,22.60,1.20
2008.11.19 04:49:30.184,1.5203,1.5208,18.00,1.20
2008.11.19 04:49:30.714,1.5203,1.52075,18.00,1.00
2008.11.19 04:49:35.963,1.5203,1.5208,18.00,3.60
2008.11.19 04:49:36.312,1.5203,1.52075,18.00,1.00
2008.11.19 04:49:36.992,1.5203,1.5208,18.00,1.20
2008.11.19 04:49:41.851,1.5203,1.5208,22.60,1.20
2008.11.19 04:50:00.707,1.5203,1.5208,31.00,1.20
2008.11.19 04:50:01.007,1.5203,1.5208,22.60,1.20
2008.11.19 04:50:01.946,1.5203,1.52065,18.00,1.00
2008.11.19 04:50:02.806,1.5203,1.5207,18.00,1.00
2008.11.19 04:50:03.096,1.5203,1.5207,18.00,8.40
2008.11.19 04:50:03.316,1.5203,1.5207,18.00,1.00
2008.11.19 04:50:03.546,1.5203,1.52075,18.00,1.00
2008.11.19 04:50:04.596,1.5203,1.5208,18.00,1.20
2008.11.19 04:50:05.355,1.5203,1.5208,22.60,1.20
2008.11.19 04:50:17.334,1.52035,1.5208,4.60,1.20
2008.11.19 04:50:18.082,1.5203,1.5208,22.60,1.20
2008.11.19 04:50:18.552,1.5203,1.5208,23.80,1.20
2008.11.19 04:50:18.782,1.5204,1.5208,1.00,1.20
2008.11.19 04:50:19.202,1.52045,1.5208,4.60,1.20
2008.11.19 04:50:20.772,1.5203,1.5208,25.00,1.20
2008.11.19 04:50:21.112,1.5203,1.5208,22.60,1.20
2008.11.19 04:50:23.641,1.52035,1.5208,4.60,1.20
2008.11.19 04:50:23.872,1.5203,1.5208,22.60,1.20
2008.11.19 04:50:24.151,1.52035,1.5208,4.60,1.20
2008.11.19 04:50:25.311,1.5203,1.5208,22.60,1.20
2008.11.19 04:50:25.830,1.5203,1.5208,22.60,1.20
2008.11.19 04:50:34.429,1.5203,1.52075,18.00,1.00
2008.11.19 04:50:34.668,1.5203,1.5208,22.60,1.20
2008.11.19 04:50:39.427,1.52035,1.5208,4.60,1.20
2008.11.19 04:51:39.753,1.5203,1.5208,18.00,1.20
2008.11.19 04:51:45.071,1.52035,1.5208,4.60,1.20
2008.11.19 04:52:10.635,1.5203,1.5208,22.60,1.20
2008.11.19 04:52:10.925,1.5203,1.5208,22.60,1.20
2008.11.19 04:52:13.324,1.52035,1.5208,4.60,1.20
2008.11.19 04:52:44.517,1.5203,1.5208,22.60,1.20
2008.11.19 04:52:44.748,1.5203,1.52069,22.60,1.00
2008.11.19 04:52:45.307,1.5203,1.5205,18.00,1.00
2008.11.19 04:52:48.816,1.5203,1.52055,18.00,8.40
2008.11.19 04:52:48.876,1.5203,1.52055,18.00,6.00
2008.11.19 04:52:48.936,1.5203,1.52055,18.00,1.00
2008.11.19 04:52:51.355,1.5203,1.5206,18.00,1.00
2008.11.19 04:53:05.642,1.5203,1.52045,18.00,1.00
2008.11.19 04:53:05.932,1.52005,1.52045,24.00,1.00
2008.11.19 04:53:07.871,1.5201,1.52035,24.00,1.00
2008.11.19 04:53:08.151,1.5201,1.5203,24.00,1.00
2008.11.19 04:53:12.000,1.5201,1.52035,24.00,1.00
2008.11.19 04:53:12.410,1.5201,1.5203,24.00,1.00
2008.11.19 04:53:12.760,1.5201,1.52035,24.00,1.00
2008.11.19 04:53:26.287,1.5197,1.52005,4.60,1.80
2008.11.19 04:53:26.627,1.51955,1.5201,1.00,1.00
2008.11.19 04:53:26.847,1.5198,1.5202,1.20,6.00
2008.11.19 04:53:27.027,1.5198,1.5205,1.20,1.00
2008.11.19 04:53:34.435,1.5198,1.52035,4.60,1.00
2008.11.19 04:53:49.002,1.5199,1.52045,4.60,8.40
2008.11.19 04:53:49.111,1.5199,1.52045,4.60,6.00
2008.11.19 04:53:49.342,1.5199,1.52045,4.60,1.00
2008.11.19 04:53:49.581,1.5198,1.52035,7.00,1.00
2008.11.19 04:53:49.802,1.5198,1.52035,4.60,1.00
2008.11.19 04:54:05.968,1.51975,1.5203,4.60,1.00
2008.11.19 04:54:06.487,1.5197,1.5202,8.40,1.00
2008.11.19 04:54:06.777,1.51965,1.5202,4.60,1.00
2008.11.19 04:54:13.356,1.51975,1.52025,4.60,6.00
2008.11.19 04:54:13.636,1.51975,1.5203,4.60,1.00
2008.11.19 04:54:14.875,1.5198,1.52035,4.60,1.00
2008.11.19 04:54:22.573,1.5199,1.52045,4.60,1.00
2008.11.19 04:54:22.863,1.5199,1.52045,7.00,1.00
2008.11.19 04:54:22.973,1.51995,1.5205,4.60,1.00
2008.11.19 04:54:29.572,1.51995,1.5205,13.00,1.00
2008.11.19 04:54:29.632,1.52,1.52055,4.60,1.00
2008.11.19 04:54:36.770,1.52005,1.52055,4.60,1.00
2008.11.19 04:54:37.380,1.52015,1.52065,4.60,2.40
2008.11.19 04:54:37.560,1.52015,1.5207,4.60,1.00
2008.11.19 04:54:37.900,1.5201,1.5206,4.60,1.00
2008.11.19 04:54:38.130,1.52015,1.5207,4.60,1.00
2008.11.19 04:54:38.360,1.5202,1.52075,4.60,1.00
2008.11.19 04:54:38.539,1.5202,1.52075,7.00,1.00
2008.11.19 04:54:39.009,1.52035,1.5208,4.60,1.00
2008.11.19 04:54:39.400,1.5203,1.5208,4.60,1.00
2008.11.19 04:54:40.419,1.52025,1.52075,8.40,1.00
2008.11.19 04:54:40.640,1.52025,1.5206,2.40,1.00
2008.11.19 04:54:40.929,1.52015,1.5207,4.60,2.40
2008.11.19 04:54:41.389,1.5201,1.52065,4.60,1.00
2008.11.19 04:54:41.739,1.52015,1.5207,4.60,8.40
2008.11.19 04:54:42.029,1.5202,1.52069,4.60,1.00
2008.11.19 04:54:42.309,1.52015,1.52055,8.40,1.00
2008.11.19 04:54:42.549,1.5201,1.52055,2.40,1.00
2008.11.19 04:54:42.768,1.52,1.52055,4.60,1.00
2008.11.19 04:54:49.517,1.52005,1.52055,4.60,1.00
2008.11.19 04:54:50.087,1.52,1.5205,4.60,1.00
2008.11.19 04:54:52.106,1.52,1.52055,4.60,1.00
2008.11.19 04:55:01.914,1.52005,1.5206,4.60,1.00
2008.11.19 04:55:14.461,1.52005,1.52045,4.60,1.80
2008.11.19 04:55:14.751,1.51995,1.5204,1.00,1.00
2008.11.19 04:55:14.981,1.52,1.5205,4.60,8.40
2008.11.19 04:55:15.211,1.52005,1.52065,4.60,6.00
2008.11.19 04:55:42.814,1.52015,1.5206,4.60,6.00
2008.11.19 04:55:42.994,1.5202,1.5206,4.60,6.00
2008.11.19 04:55:43.394,1.5203,1.5206,4.60,6.00
2008.11.19 04:55:43.684,1.5203,1.5206,10.60,6.00
2008.11.19 04:55:43.864,1.52035,1.5206,4.60,6.00
2008.11.19 04:55:44.104,1.5203,1.5206,13.00,6.00
2008.11.19 04:55:44.503,1.5203,1.5206,4.60,6.00
2008.11.19 04:55:45.363,1.52035,1.5206,4.60,6.00
2008.11.19 04:55:46.513,1.5203,1.5206,4.60,6.00
2008.11.19 04:55:46.863,1.52025,1.5206,10.60,6.00
2008.11.19 04:55:47.373,1.52025,1.5206,4.60,6.00
2008.11.19 04:55:47.703,1.5202,1.5206,4.60,6.00
2008.11.19 04:55:48.613,1.5201,1.5206,19.00,6.00
2008.11.19 04:55:48.783,1.5201,1.5206,10.60,6.00
2008.11.19 04:55:48.903,1.5201,1.5206,10.60,6.00
2008.11.19 04:55:49.472,1.5201,1.5206,6.00,6.00
2008.11.19 04:55:49.832,1.5201,1.52055,6.00,1.00
2008.11.19 04:55:50.452,1.5201,1.5206,10.60,6.00
2008.11.19 04:55:58.361,1.5202,1.5206,4.60,6.00
2008.11.19 04:55:58.580,1.52025,1.5206,4.60,6.00
2008.11.19 04:56:02.389,1.5202,1.5206,7.00,6.00
2008.11.19 04:56:02.679,1.5202,1.5206,4.60,6.00
2008.11.19 04:56:04.989,1.52025,1.5206,4.60,6.00
2008.11.19 04:56:06.168,1.5202,1.5206,4.60,6.00
2008.11.19 04:56:15.996,1.52025,1.5206,4.60,6.00
2008.11.19 04:56:18.635,1.52015,1.5206,8.40,6.00
2008.11.19 04:56:18.855,1.5201,1.5206,10.60,6.00
2008.11.19 04:56:18.955,1.5201,1.5206,10.60,6.00
2008.11.19 04:56:22.515,1.5201,1.52055,6.00,1.00
2008.11.19 04:56:26.124,1.5201,1.5206,6.00,6.00
2008.11.19 04:56:26.693,1.5202,1.5206,1.00,6.00
2008.11.19 04:56:26.873,1.52025,1.5206,4.60,6.00
2008.11.19 04:56:27.263,1.52025,1.5206,5.50,6.00
2008.11.19 04:56:28.173,1.5201,1.5206,25.00,6.00
2008.11.19 04:56:28.333,1.5201,1.5206,19.00,6.00
2008.11.19 04:56:28.513,1.5201,1.5206,16.60,6.00
2008.11.19 04:56:29.013,1.5201,1.52055,12.00,1.00
2008.11.19 04:56:32.302,1.5201,1.5206,12.00,6.00
2008.11.19 04:56:38.341,1.5201,1.5206,16.60,6.00
2008.11.19 04:56:39.260,1.52025,1.5206,4.60,6.00
2008.11.19 04:56:41.680,1.5201,1.5206,25.00,6.00
2008.11.19 04:56:42.090,1.5201,1.5206,16.60,6.00
2008.11.19 04:56:42.320,1.5202,1.5206,4.60,6.00
2008.11.19 04:56:51.097,1.5203,1.5206,4.60,6.00
2008.11.19 04:56:51.667,1.52035,1.5206,4.60,6.00
2008.11.19 04:56:54.327,1.5203,1.5206,8.40,6.00
2008.11.19 04:56:54.607,1.5203,1.5206,4.60,6.00
2008.11.19 04:56:54.937,1.52025,1.5206,4.60,6.00
2008.11.19 04:57:05.484,1.52015,1.5206,9.30,6.00
2008.11.19 04:57:05.704,1.52015,1.5206,6.00,6.00
2008.11.19 04:57:05.824,1.5201,1.5206,22.60,6.00
2008.11.19 04:57:07.543,1.5201,1.5206,25.00,6.00
2008.11.19 04:57:07.653,1.5202,1.5206,4.60,6.00
2008.11.19 04:57:08.103,1.5201,1.5206,26.40,6.00
2008.11.19 04:57:08.213,1.5201,1.5206,18.00,6.00
2008.11.19 04:57:13.202,1.5201,1.5205,18.00,1.00
2008.11.19 04:57:13.472,1.5201,1.52055,18.00,1.00
2008.11.19 04:57:15.562,1.5201,1.5206,18.00,6.00
2008.11.19 04:57:16.021,1.5201,1.52055,18.00,1.00
2008.11.19 04:57:18.762,1.5201,1.5205,18.00,1.00
2008.11.19 04:57:20.010,1.5201,1.5206,22.60,6.00
2008.11.19 04:57:26.869,1.5201,1.52055,18.00,1.00
2008.11.19 04:57:37.207,1.5201,1.5205,18.00,1.00
2008.11.19 04:57:38.306,1.5201,1.5206,18.00,14.40
2008.11.19 04:57:38.476,1.5201,1.5206,18.00,6.00
2008.11.19 04:57:39.226,1.52015,1.5206,4.60,6.00
2008.11.19 04:57:39.406,1.5202,1.5206,4.60,6.00
2008.11.19 04:57:40.496,1.52025,1.5206,4.60,6.00
2008.11.19 04:57:41.056,1.5202,1.5206,4.60,6.00
2008.11.19 04:57:41.575,1.5202,1.5206,10.60,6.00
2008.11.19 04:57:42.145,1.5202,1.5206,4.60,6.00
2008.11.19 04:57:44.385,1.52015,1.5206,8.40,6.00
2008.11.19 04:57:44.625,1.5201,1.5206,22.60,6.00
2008.11.19 04:57:44.985,1.5201,1.52055,18.00,1.00
2008.11.19 04:58:57.077,1.5201,1.5206,18.00,6.00
2008.11.19 04:58:57.257,1.5201,1.52055,18.00,1.00
2008.11.19 04:58:57.607,1.5201,1.5206,22.60,6.00
2008.11.19 04:58:57.877,1.5201,1.5206,18.00,6.00
2008.11.19 04:58:58.637,1.5201,1.5206,22.60,6.00
2008.11.19 04:59:10.164,1.5201,1.5206,18.00,6.00
2008.11.19 04:59:10.944,1.5201,1.5206,22.60,6.00
2008.11.19 04:59:11.174,1.5201,1.5206,18.00,6.00
2008.11.19 04:59:11.844,1.5201,1.5206,22.60,6.00
2008.11.19 04:59:12.194,1.5201,1.5206,23.50,6.00
2008.11.19 04:59:13.443,1.52015,1.5206,4.60,6.00
2008.11.19 04:59:13.783,1.5201,1.5206,29.50,6.00
2008.11.19 04:59:13.963,1.52015,1.5206,5.50,6.00
2008.11.19 04:59:15.343,1.52015,1.5206,4.60,6.00
2008.11.19 04:59:22.741,1.5202,1.5206,4.60,6.00
2008.11.19 04:59:22.981,1.52015,1.5206,5.50,6.00
2008.11.19 04:59:23.141,1.52015,1.5206,4.60,6.00
2008.11.19 04:59:35.528,1.52015,1.5206,5.50,6.00
2008.11.19 04:59:35.818,1.5202,1.5206,4.60,6.00
2008.11.19 04:59:36.278,1.52015,1.5206,4.60,6.00
2008.11.19 04:59:38.927,1.5202,1.5206,6.70,6.00
2008.11.19 04:59:39.147,1.5202,1.5206,5.50,6.00
2008.11.19 04:59:39.267,1.5202,1.5206,4.60,6.00
2008.11.19 04:59:39.387,1.52015,1.5206,10.60,6.00
2008.11.19 04:59:39.617,1.52015,1.5206,4.60,6.00
2008.11.19 04:59:41.387,1.52015,1.5206,5.80,6.00
2008.11.19 04:59:41.566,1.52025,1.5206,5.50,6.00
2008.11.19 04:59:41.676,1.5202,1.5206,4.60,6.00
2008.11.19 04:59:42.296,1.52015,1.5206,4.60,6.00
2008.11.19 04:59:43.376,1.5201,1.5206,25.00,6.00
2008.11.19 04:59:43.546,1.5201,1.5206,22.60,6.00
2008.11.19 04:59:46.515,1.5201,1.5206,23.50,6.00
2008.11.19 04:59:46.685,1.52015,1.5206,4.60,6.00
2008.11.19 04:59:53.084,1.5202,1.5206,4.60,6.00
2008.11.19 04:59:53.323,1.52015,1.5206,4.60,6.00
2008.11.19 04:59:57.832,1.5202,1.5206,4.60,6.00
2008.11.19 04:59:58.842,1.52015,1.5206,1.00,6.00
2008.11.19 04:59:58.962,1.5201,1.5206,23.50,6.00
2008.11.19 04:59:59.362,1.52015,1.5206,4.60,6.00
