2010.10.14 23:00:00.561,1.3411,1.3415,1.00,2.70
2010.10.14 23:00:01.463,1.3411,1.3415,1.60,1.60
2010.10.14 23:00:01.769,1.34115,1.3415,1.60,1.60
2010.10.14 23:00:02.789,1.3412,1.3415,1.00,2.40
2010.10.14 23:00:03.137,1.3412,1.34145,1.60,1.00
2010.10.14 23:00:05.534,1.3412,1.34145,1.00,1.10
2010.10.14 23:00:12.042,1.34105,1.34135,3.20,1.10
2010.10.14 23:00:12.146,1.34105,1.34135,1.60,1.10
2010.10.14 23:00:12.353,1.341,1.34135,8.45,1.10
2010.10.14 23:00:19.001,1.34105,1.34135,1.60,1.00
2010.10.14 23:00:19.739,1.3411,1.34135,1.00,1.00
2010.10.14 23:00:19.964,1.34115,1.3414,1.00,1.10
2010.10.14 23:00:24.815,1.34105,1.34135,3.20,1.10
2010.10.14 23:00:28.384,1.3411,1.34135,1.00,1.00
2010.10.14 23:00:28.929,1.34115,1.3414,1.00,1.00
2010.10.14 23:00:29.372,1.34115,1.34145,1.00,2.70
2010.10.14 23:00:30.086,1.34115,1.34145,1.60,2.70
2010.10.14 23:00:30.387,1.3412,1.34145,1.00,2.70
2010.10.14 23:00:32.974,1.34115,1.3414,1.60,1.00
2010.10.14 23:00:41.596,1.3411,1.3414,1.60,1.10
2010.10.14 23:00:42.191,1.3411,1.34135,1.60,1.00
2010.10.14 23:00:43.929,1.3411,1.34135,1.00,1.10
2010.10.14 23:00:50.010,1.3411,1.34135,1.60,1.00
2010.10.14 23:00:58.540,1.34115,1.3414,1.00,1.10
2010.10.14 23:01:02.670,1.3411,1.34135,1.60,1.00
2010.10.14 23:01:08.251,1.3411,1.34135,1.00,1.10
2010.10.14 23:01:11.594,1.3411,1.34135,1.60,1.00
2010.10.14 23:01:17.967,1.3411,1.34135,1.00,1.00
2010.10.14 23:01:17.997,1.34105,1.34135,2.40,1.10
2010.10.14 23:01:18.090,1.34105,1.34135,1.60,1.10
2010.10.14 23:01:25.627,1.34105,1.3413,1.60,1.00
2010.10.14 23:01:25.796,1.34105,1.34135,2.40,1.00
2010.10.14 23:01:37.332,1.34105,1.34135,3.20,1.00
2010.10.14 23:01:40.348,1.3411,1.34135,1.00,1.00
2010.10.14 23:01:40.932,1.3411,1.34135,1.60,1.00
2010.10.14 23:01:41.270,1.3411,1.3414,1.60,1.10
2010.10.14 23:01:53.340,1.3411,1.3414,1.00,1.10
2010.10.14 23:01:53.461,1.3411,1.34135,1.00,1.00
2010.10.14 23:02:09.654,1.34105,1.34135,3.20,1.00
2010.10.14 23:02:11.136,1.34105,1.34135,2.40,1.00
2010.10.14 23:02:26.812,1.34105,1.34135,3.20,1.00
2010.10.14 23:02:44.120,1.3411,1.34135,1.60,1.00
2010.10.14 23:02:44.821,1.34115,1.3414,1.00,1.10
2010.10.14 23:02:46.008,1.34115,1.3414,1.00,1.00
2010.10.14 23:03:21.369,1.34115,1.3414,1.00,1.10
2010.10.14 23:03:25.568,1.3411,1.34135,1.60,1.00
2010.10.14 23:03:29.844,1.3411,1.34135,1.00,1.00
2010.10.14 23:03:30.630,1.3411,1.34135,1.60,1.00
2010.10.14 23:03:33.829,1.3411,1.3414,1.60,1.10
2010.10.14 23:03:41.473,1.34115,1.3414,1.00,1.10
2010.10.14 23:03:54.145,1.3411,1.34135,1.60,1.00
2010.10.14 23:03:55.813,1.3411,1.34135,1.00,1.00
2010.10.14 23:04:09.807,1.34105,1.34135,3.20,1.00
2010.10.14 23:04:18.768,1.34105,1.34135,1.60,1.00
2010.10.14 23:04:18.967,1.34105,1.3413,1.60,1.10
2010.10.14 23:04:44.827,1.341,1.3413,7.45,1.10
2010.10.14 23:04:45.434,1.34105,1.3413,1.00,1.10
2010.10.14 23:04:46.281,1.34105,1.3413,2.40,1.10
2010.10.14 23:04:47.688,1.34105,1.3413,1.60,1.10
2010.10.14 23:04:48.214,1.34105,1.34135,1.60,1.50
2010.10.14 23:04:48.403,1.3411,1.34135,1.60,1.00
2010.10.14 23:04:50.578,1.34115,1.3414,1.00,2.70
2010.10.14 23:04:50.974,1.34115,1.3414,1.00,1.90
2010.10.14 23:04:52.066,1.34115,1.3414,1.00,2.70
2010.10.14 23:04:54.530,1.3411,1.3414,1.60,2.70
2010.10.14 23:05:00.095,1.34115,1.3414,1.00,1.60
2010.10.14 23:05:00.417,1.34115,1.3414,1.60,1.60
2010.10.14 23:05:00.733,1.3412,1.3414,1.00,1.60
2010.10.14 23:05:04.669,1.34115,1.3414,1.60,1.60
2010.10.14 23:05:06.123,1.34115,1.3414,1.00,2.70
2010.10.14 23:05:08.965,1.3411,1.3414,1.60,2.70
2010.10.14 23:05:10.913,1.34105,1.3413,2.40,1.00
2010.10.14 23:05:12.329,1.34105,1.3413,3.20,1.00
2010.10.14 23:05:14.904,1.34105,1.3413,1.60,1.00
2010.10.14 23:05:17.332,1.341,1.3413,5.45,1.00
2010.10.14 23:05:17.542,1.34105,1.3413,1.60,1.00
2010.10.14 23:05:17.761,1.341,1.34125,5.45,1.00
2010.10.14 23:05:20.302,1.341,1.34125,6.45,1.00
2010.10.14 23:05:34.019,1.341,1.34125,7.45,1.00
2010.10.14 23:05:34.323,1.341,1.34125,6.45,1.00
2010.10.14 23:05:40.702,1.34105,1.34125,1.60,1.00
2010.10.14 23:05:56.120,1.341,1.34125,5.45,1.00
2010.10.14 23:05:56.463,1.341,1.34125,2.45,1.00
2010.10.14 23:06:00.680,1.341,1.34125,4.45,1.00
2010.10.14 23:06:11.703,1.341,1.34125,3.45,1.10
2010.10.14 23:06:12.601,1.341,1.34125,3.45,1.00
2010.10.14 23:06:15.110,1.341,1.34125,3.45,1.10
2010.10.14 23:06:37.911,1.341,1.34125,2.45,1.10
2010.10.14 23:06:39.331,1.341,1.34125,0.45,1.10
2010.10.14 23:06:39.821,1.341,1.3412,2.45,1.00
2010.10.14 23:06:40.481,1.341,1.3412,0.45,1.00
2010.10.14 23:06:42.276,1.341,1.34125,2.45,1.90
2010.10.14 23:06:42.493,1.34105,1.34125,1.60,1.60
2010.10.14 23:06:42.932,1.34105,1.3413,1.60,1.60
2010.10.14 23:06:51.645,1.34105,1.34135,1.60,2.70
2010.10.14 23:06:51.862,1.34105,1.34125,1.00,1.00
2010.10.14 23:06:52.062,1.34105,1.34125,1.00,1.90
2010.10.14 23:06:52.386,1.341,1.34125,2.45,1.90
2010.10.14 23:06:55.222,1.341,1.3412,0.45,1.00
2010.10.14 23:06:59.769,1.341,1.3412,0.45,2.70
2010.10.14 23:07:00.112,1.341,1.34115,0.45,1.00
2010.10.14 23:07:07.740,1.341,1.3411,0.45,1.90
2010.10.14 23:07:10.381,1.341,1.3411,0.45,1.00
2010.10.14 23:07:12.287,1.341,1.3411,0.45,1.10
2010.10.14 23:07:12.986,1.341,1.3411,0.45,2.70
2010.10.14 23:07:13.174,1.341,1.3411,0.45,1.10
2010.10.14 23:07:14.493,1.341,1.3411,0.45,1.00
2010.10.14 23:07:17.769,1.341,1.34115,0.45,2.70
2010.10.14 23:07:24.388,1.341,1.3411,0.45,1.00
2010.10.14 23:07:24.920,1.341,1.34115,0.45,2.70
2010.10.14 23:07:25.724,1.341,1.3411,0.45,1.00
2010.10.14 23:07:26.244,1.341,1.3411,0.45,1.90
2010.10.14 23:07:35.516,1.341,1.34105,0.45,1.00
2010.10.14 23:07:36.026,1.341,1.34105,0.45,1.10
2010.10.14 23:07:36.375,1.34075,1.341,2.40,1.00
2010.10.14 23:07:38.409,1.3408,1.34105,1.60,1.00
2010.10.14 23:07:40.185,1.34075,1.34105,1.60,1.00
2010.10.14 23:07:40.388,1.3407,1.34105,5.60,2.40
2010.10.14 23:08:00.852,1.34075,1.34105,1.60,2.40
2010.10.14 23:08:03.882,1.34075,1.34105,1.60,1.00
2010.10.14 23:08:04.362,1.3408,1.34105,1.60,1.00
2010.10.14 23:08:06.511,1.34075,1.341,1.60,1.00
2010.10.14 23:08:07.994,1.3407,1.34095,1.60,1.00
2010.10.14 23:08:09.952,1.3407,1.341,1.60,1.00
2010.10.14 23:08:10.193,1.3407,1.34095,1.60,1.00
2010.10.14 23:08:14.755,1.3407,1.3409,1.60,1.00
2010.10.14 23:08:14.982,1.3406,1.3409,3.60,1.00
2010.10.14 23:08:15.193,1.3406,1.3409,3.60,2.40
2010.10.14 23:08:15.412,1.3406,1.34085,2.80,1.00
2010.10.14 23:08:15.618,1.3406,1.34085,1.60,1.00
2010.10.14 23:08:16.738,1.3406,1.34085,2.40,1.00
2010.10.14 23:08:23.571,1.3406,1.34085,4.80,1.00
2010.10.14 23:08:23.661,1.34065,1.3409,1.60,1.00
2010.10.14 23:08:31.871,1.34065,1.3409,2.40,1.00
2010.10.14 23:08:33.283,1.34065,1.3409,1.60,1.00
2010.10.14 23:08:34.970,1.34065,1.3409,2.40,1.00
2010.10.14 23:08:42.009,1.34065,1.3409,1.60,1.00
2010.10.14 23:08:44.234,1.34065,1.34095,4.00,1.00
2010.10.14 23:08:45.050,1.3407,1.34095,1.60,1.00
2010.10.14 23:09:11.642,1.34075,1.34095,1.60,1.00
2010.10.14 23:09:13.112,1.34075,1.341,1.60,1.00
2010.10.14 23:09:32.695,1.3407,1.341,3.20,1.00
2010.10.14 23:09:32.894,1.34075,1.341,1.60,2.40
2010.10.14 23:09:33.095,1.34075,1.341,1.60,1.60
2010.10.14 23:09:37.352,1.3407,1.341,3.20,2.40
2010.10.14 23:09:38.013,1.3407,1.341,3.20,1.00
2010.10.14 23:09:38.634,1.34075,1.341,1.60,1.00
2010.10.14 23:09:46.957,1.3407,1.341,1.60,1.00
2010.10.14 23:09:47.105,1.34065,1.34095,3.20,1.00
2010.10.14 23:09:47.368,1.34065,1.341,3.20,6.00
2010.10.14 23:09:47.924,1.3407,1.341,1.60,2.40
2010.10.14 23:09:48.189,1.3407,1.341,3.20,1.00
2010.10.14 23:09:48.495,1.34075,1.341,1.60,1.00
2010.10.14 23:09:56.196,1.34075,1.341,2.40,1.00
2010.10.14 23:10:06.287,1.34075,1.341,1.60,1.00
2010.10.14 23:10:12.968,1.34075,1.34095,1.60,1.00
2010.10.14 23:10:21.253,1.3407,1.34095,1.00,2.40
2010.10.14 23:10:21.412,1.34065,1.34095,3.20,3.20
2010.10.14 23:10:24.038,1.3407,1.34095,1.60,3.20
2010.10.14 23:10:30.370,1.3407,1.34095,1.60,2.40
2010.10.14 23:10:41.141,1.3407,1.3409,1.60,1.60
2010.10.14 23:10:54.262,1.3407,1.3409,1.00,1.60
2010.10.14 23:10:54.413,1.3407,1.3409,1.60,1.60
2010.10.14 23:10:56.051,1.3407,1.3409,1.80,1.60
2010.10.14 23:10:56.234,1.3407,1.341,1.60,2.40
2010.10.14 23:10:57.027,1.34075,1.341,3.20,1.60
2010.10.14 23:11:01.162,1.3408,1.341,1.60,1.60
2010.10.14 23:11:39.396,1.3408,1.341,2.40,1.60
2010.10.14 23:11:39.581,1.3408,1.34105,2.40,2.40
2010.10.14 23:12:23.295,1.3408,1.34105,1.60,2.40
2010.10.14 23:12:23.564,1.3408,1.341,1.60,1.60
2010.10.14 23:12:24.192,1.3408,1.341,2.40,1.60
2010.10.14 23:12:30.273,1.3408,1.34105,2.40,2.40
2010.10.14 23:12:48.105,1.3408,1.34105,1.00,2.40
2010.10.14 23:12:48.698,1.3408,1.34105,1.60,2.40
2010.10.14 23:12:54.350,1.34085,1.3411,1.60,1.60
2010.10.14 23:12:54.796,1.34085,1.3411,3.20,1.60
2010.10.14 23:12:55.196,1.34085,1.3411,2.40,2.40
2010.10.14 23:12:55.550,1.34085,1.3411,1.60,2.40
2010.10.14 23:13:07.102,1.34085,1.34105,1.60,1.00
2010.10.14 23:13:22.373,1.3408,1.341,1.60,1.00
2010.10.14 23:13:31.963,1.3408,1.34105,1.60,1.00
2010.10.14 23:13:34.543,1.3408,1.34105,2.40,1.00
2010.10.14 23:13:35.079,1.3408,1.3411,3.20,2.40
2010.10.14 23:13:46.067,1.3408,1.34105,1.60,1.00
2010.10.14 23:13:46.272,1.3408,1.341,1.60,1.00
2010.10.14 23:13:49.106,1.3408,1.34105,1.60,1.00
2010.10.14 23:13:53.084,1.3408,1.341,1.60,1.00
2010.10.14 23:14:03.171,1.34075,1.341,2.40,1.00
2010.10.14 23:14:03.317,1.34075,1.341,1.60,1.00
2010.10.14 23:14:04.146,1.3407,1.341,2.40,1.00
2010.10.14 23:14:04.327,1.3407,1.34095,1.60,1.00
2010.10.14 23:14:12.162,1.34065,1.34095,2.40,1.00
2010.10.14 23:14:12.375,1.34065,1.3409,1.60,1.00
2010.10.14 23:14:17.498,1.34065,1.34095,5.60,1.00
2010.10.14 23:14:18.134,1.3407,1.34095,1.60,1.00
2010.10.14 23:14:20.054,1.3407,1.341,1.60,5.60
2010.10.14 23:14:20.239,1.3407,1.341,1.60,1.00
2010.10.14 23:14:20.708,1.3407,1.34095,1.00,4.00
2010.10.14 23:14:20.944,1.34065,1.34095,3.20,5.60
2010.10.14 23:14:26.433,1.34065,1.3409,3.20,1.00
2010.10.14 23:14:26.586,1.34065,1.34085,3.20,2.40
2010.10.14 23:14:26.996,1.34065,1.3409,1.60,6.40
2010.10.14 23:14:27.228,1.3406,1.3409,3.20,2.40
2010.10.14 23:14:29.603,1.3406,1.34085,3.20,1.00
2010.10.14 23:14:32.993,1.3406,1.34085,1.60,1.00
2010.10.14 23:14:33.233,1.34055,1.34085,3.20,1.60
2010.10.14 23:14:33.402,1.34055,1.34085,2.40,5.60
2010.10.14 23:14:34.993,1.34055,1.3408,2.40,1.00
2010.10.14 23:14:35.091,1.34055,1.3408,2.60,1.00
2010.10.14 23:14:35.292,1.34055,1.3408,2.40,1.00
2010.10.14 23:14:35.392,1.34055,1.34085,3.20,1.00
2010.10.14 23:14:35.581,1.3406,1.34085,1.60,1.00
2010.10.14 23:14:35.912,1.3406,1.34085,1.60,1.60
2010.10.14 23:14:35.982,1.34055,1.34085,3.20,1.60
2010.10.14 23:14:36.123,1.34055,1.34085,3.20,4.00
2010.10.14 23:14:36.311,1.34055,1.34085,3.20,5.60
2010.10.14 23:14:46.971,1.3406,1.34085,1.00,5.60
2010.10.14 23:14:47.122,1.3406,1.34085,1.00,4.00
2010.10.14 23:14:47.274,1.3406,1.34085,1.00,3.20
2010.10.14 23:14:47.423,1.3406,1.34085,1.00,1.00
2010.10.14 23:14:47.563,1.3406,1.34085,2.40,1.00
2010.10.14 23:14:48.124,1.3406,1.34085,2.40,1.60
2010.10.14 23:14:48.403,1.34055,1.34085,3.20,2.40
2010.10.14 23:14:48.691,1.34055,1.34085,3.20,4.00
2010.10.14 23:14:50.283,1.3406,1.34085,1.00,4.00
2010.10.14 23:14:50.475,1.3406,1.34085,1.00,2.40
2010.10.14 23:14:50.664,1.3406,1.3409,1.60,1.00
2010.10.14 23:14:51.130,1.34065,1.3409,1.60,1.00
2010.10.14 23:14:51.333,1.34065,1.34095,2.40,2.40
2010.10.14 23:14:51.974,1.34065,1.3409,2.40,1.00
2010.10.14 23:14:54.956,1.3406,1.3409,3.20,1.00
2010.10.14 23:14:55.310,1.34065,1.3409,1.00,1.00
2010.10.14 23:14:55.657,1.34065,1.3409,2.40,2.40
2010.10.14 23:14:58.012,1.34065,1.3409,2.40,1.00
2010.10.14 23:14:58.253,1.34065,1.34095,3.20,1.00
2010.10.14 23:14:58.757,1.3407,1.34095,1.60,1.00
2010.10.14 23:15:00.862,1.34075,1.34095,1.60,2.40
2010.10.14 23:15:01.911,1.34075,1.3409,1.60,1.00
2010.10.14 23:15:20.080,1.34075,1.34095,1.60,2.40
2010.10.14 23:16:02.704,1.34027,1.34047,1.60,3.20
2010.10.14 23:16:05.342,1.34038,1.34058,6.00,1.60
2010.10.14 23:16:05.488,1.34051,1.34071,1.60,1.60
2010.10.14 23:16:06.184,1.34058,1.34078,1.00,1.00
2010.10.14 23:16:10.956,1.34055,1.34075,1.60,1.60
2010.10.14 23:16:11.307,1.34047,1.34067,1.60,3.20
2010.10.14 23:16:11.657,1.34037,1.34057,1.80,1.60
2010.10.14 23:16:11.734,1.34028,1.34043,1.60,1.60
2010.10.14 23:16:12.072,1.34026,1.34036,1.80,1.60
2010.10.14 23:16:12.141,1.34028,1.34038,1.60,3.20
2010.10.14 23:16:12.212,1.34031,1.34046,1.60,3.20
2010.10.14 23:16:12.281,1.34034,1.34054,1.60,4.20
2010.10.14 23:16:12.353,1.3404,1.3406,1.70,4.20
2010.10.14 23:16:29.151,1.34045,1.3407,1.60,1.60
2010.10.14 23:16:37.743,1.34054,1.34074,1.60,1.60
2010.10.14 23:16:42.972,1.34057,1.34077,1.60,1.60
2010.10.14 23:17:58.101,1.34075,1.34095,1.60,1.60
2010.10.14 23:17:58.880,1.34075,1.34095,1.60,2.40
2010.10.14 23:18:43.372,1.34075,1.34095,1.60,1.00
2010.10.14 23:19:25.864,1.34062,1.34082,3.20,3.20
2010.10.14 23:19:28.873,1.34062,1.34087,1.60,1.60
2010.10.14 23:19:29.839,1.34058,1.34082,3.30,3.20
2010.10.14 23:19:37.162,1.34046,1.34071,4.00,3.20
2010.10.14 23:19:48.813,1.3404,1.34064,3.20,3.20
2010.10.14 23:19:49.803,1.34042,1.34067,4.00,3.20
2010.10.14 23:19:50.075,1.34048,1.34073,3.30,3.20
2010.10.14 23:19:50.633,1.34052,1.34077,3.20,3.20
2010.10.14 23:19:52.869,1.34054,1.3408,3.30,3.20
2010.10.14 23:20:03.457,1.34075,1.341,1.60,2.40
2010.10.14 23:20:03.658,1.34075,1.34095,1.60,1.00
2010.10.14 23:20:14.152,1.34075,1.3409,1.60,1.00
2010.10.14 23:20:50.773,1.3407,1.3409,1.60,1.00
2010.10.14 23:20:51.615,1.34075,1.3409,1.60,1.00
2010.10.14 23:20:51.955,1.3407,1.3409,1.60,1.00
2010.10.14 23:20:53.513,1.34075,1.3409,1.60,1.00
2010.10.14 23:20:58.389,1.3407,1.3409,1.60,1.00
2010.10.14 23:21:03.497,1.3407,1.34085,1.60,1.00
2010.10.14 23:21:03.758,1.34065,1.34085,1.60,1.00
2010.10.14 23:21:04.542,1.3407,1.34085,1.60,1.00
2010.10.14 23:21:06.537,1.3406,1.3408,1.60,1.00
2010.10.14 23:21:06.721,1.3406,1.34075,1.60,1.00
2010.10.14 23:21:10.982,1.3406,1.34075,1.60,1.60
2010.10.14 23:21:11.341,1.3405,1.34065,1.60,1.00
2010.10.14 23:21:13.362,1.34045,1.3406,1.60,1.00
2010.10.14 23:21:13.768,1.34045,1.3406,1.60,1.80
2010.10.14 23:21:14.125,1.34035,1.34065,1.60,2.40
2010.10.14 23:21:14.473,1.3404,1.34065,2.40,2.40
2010.10.14 23:21:19.654,1.3404,1.34065,1.00,4.80
2010.10.14 23:21:20.175,1.3404,1.3406,1.00,1.60
2010.10.14 23:21:20.949,1.3403,1.3406,2.40,6.00
2010.10.14 23:21:21.302,1.34035,1.3406,1.00,1.00
2010.10.14 23:21:21.647,1.34035,1.3406,3.20,2.40
2010.10.14 23:21:22.667,1.34035,1.3406,3.20,1.00
2010.10.14 23:21:23.276,1.3404,1.34065,2.40,3.20
2010.10.14 23:21:34.199,1.3404,1.3406,1.60,4.00
2010.10.14 23:21:34.317,1.3404,1.34055,1.60,1.00
2010.10.14 23:21:34.885,1.34035,1.34055,1.60,1.00
2010.10.14 23:21:36.287,1.34035,1.34055,1.60,1.00
2010.10.14 23:21:37.281,1.34035,1.3406,1.60,1.00
2010.10.14 23:21:37.913,1.3404,1.3406,1.60,1.00
2010.10.14 23:21:40.175,1.3404,1.34065,1.60,3.20
2010.10.14 23:21:40.913,1.34035,1.34055,1.60,1.00
2010.10.14 23:21:41.264,1.34035,1.3406,1.60,2.40
2010.10.14 23:21:43.900,1.34035,1.3406,1.60,3.40
2010.10.14 23:21:44.078,1.3403,1.3406,2.40,5.80
2010.10.14 23:21:45.079,1.3403,1.34055,1.60,4.40
2010.10.14 23:21:45.347,1.34025,1.34055,2.40,4.40
2010.10.14 23:21:46.289,1.34025,1.3405,2.40,1.60
2010.10.14 23:21:46.593,1.3402,1.34045,2.40,1.00
2010.10.14 23:21:46.920,1.3402,1.3404,1.60,1.00
2010.10.14 23:21:47.882,1.3402,1.3404,1.60,2.40
2010.10.14 23:21:48.570,1.3402,1.34035,1.60,1.00
2010.10.14 23:21:49.266,1.34015,1.3404,2.40,2.40
2010.10.14 23:21:49.579,1.34015,1.34035,1.60,1.00
2010.10.14 23:21:49.890,1.34015,1.3404,1.60,2.40
2010.10.14 23:21:50.699,1.34015,1.3404,1.60,1.00
2010.10.14 23:21:51.002,1.34015,1.3404,1.60,2.40
2010.10.14 23:21:51.717,1.3402,1.3404,1.60,1.00
2010.10.14 23:21:53.061,1.34025,1.34045,1.60,1.60
2010.10.14 23:21:53.374,1.34025,1.34045,3.20,1.60
2010.10.14 23:21:54.117,1.3402,1.34045,3.20,2.40
2010.10.14 23:21:54.471,1.3402,1.34045,3.20,1.00
2010.10.14 23:21:55.163,1.34025,1.3405,1.60,2.40
2010.10.14 23:21:57.510,1.34025,1.3405,1.60,1.60
2010.10.14 23:21:59.575,1.34025,1.3405,1.60,4.40
2010.10.14 23:21:59.798,1.34025,1.3405,1.60,4.80
2010.10.14 23:22:00.404,1.34025,1.3405,1.60,4.00
2010.10.14 23:22:00.753,1.3402,1.34045,1.60,1.60
2010.10.14 23:22:01.101,1.3402,1.34045,2.40,1.60
2010.10.14 23:22:02.204,1.3402,1.34045,4.80,1.60
2010.10.14 23:22:02.548,1.3403,1.34055,1.60,2.40
2010.10.14 23:22:05.138,1.3403,1.3405,1.60,1.00
2010.10.14 23:22:05.424,1.3403,1.34055,1.60,2.40
2010.10.14 23:22:06.843,1.3403,1.3405,1.60,1.60
2010.10.14 23:22:08.757,1.34035,1.34055,1.60,1.60
2010.10.14 23:22:09.686,1.3403,1.34055,1.60,3.20
2010.10.14 23:22:10.461,1.3403,1.3405,1.60,1.60
2010.10.14 23:22:14.871,1.34035,1.34055,1.60,1.60
2010.10.14 23:22:19.217,1.34035,1.3406,1.60,1.60
2010.10.14 23:22:22.753,1.34035,1.34055,1.60,1.60
2010.10.14 23:22:24.306,1.3403,1.34055,1.60,3.60
2010.10.14 23:22:24.669,1.3403,1.34055,1.60,1.60
2010.10.14 23:22:24.858,1.34035,1.34055,1.60,1.60
2010.10.14 23:22:27.510,1.34025,1.3405,1.60,4.00
2010.10.14 23:22:28.188,1.34025,1.3405,1.60,1.60
2010.10.14 23:22:28.517,1.3403,1.3405,1.60,1.60
2010.10.14 23:22:30.548,1.3403,1.3405,1.60,4.80
2010.10.14 23:22:30.699,1.34025,1.3405,1.60,1.60
2010.10.14 23:22:30.994,1.3403,1.3405,1.60,1.60
2010.10.14 23:22:32.754,1.3403,1.3405,1.60,1.60
2010.10.14 23:22:33.253,1.3403,1.3405,1.60,1.70
2010.10.14 23:22:34.783,1.3403,1.3405,1.60,1.60
2010.10.14 23:22:36.853,1.3403,1.3405,1.60,1.70
2010.10.14 23:22:37.195,1.3403,1.3405,1.60,1.60
2010.10.14 23:22:37.844,1.3403,1.3405,1.60,2.50
2010.10.14 23:22:39.704,1.3403,1.3405,1.60,3.20
2010.10.14 23:22:39.774,1.3403,1.34045,1.60,2.40
2010.10.14 23:22:40.271,1.3402,1.3405,1.80,3.60
2010.10.14 23:22:40.350,1.34025,1.34045,1.60,1.00
2010.10.14 23:22:40.875,1.34025,1.34045,1.60,2.40
2010.10.14 23:22:41.219,1.34025,1.34045,1.60,2.50
2010.10.14 23:22:41.815,1.34025,1.34045,1.60,2.40
2010.10.14 23:22:42.326,1.34025,1.34045,1.60,2.40
2010.10.14 23:22:43.004,1.3402,1.3404,1.00,1.00
2010.10.14 23:22:43.237,1.3402,1.34045,2.40,4.40
2010.10.14 23:22:43.464,1.34025,1.34045,1.60,2.40
2010.10.14 23:22:45.884,1.34025,1.34045,1.60,2.50
2010.10.14 23:22:46.638,1.34025,1.34045,1.60,3.30
2010.10.14 23:22:46.841,1.34025,1.34045,1.60,2.50
2010.10.14 23:22:47.047,1.34025,1.34045,1.60,3.30
2010.10.14 23:22:47.252,1.3402,1.34035,2.40,1.00
2010.10.14 23:22:47.456,1.34015,1.34035,2.00,1.00
2010.10.14 23:22:47.654,1.34015,1.34035,1.60,2.40
2010.10.14 23:22:48.444,1.34,1.34015,1.60,1.00
2010.10.14 23:22:48.791,1.33995,1.34025,2.40,1.60
2010.10.14 23:22:48.916,1.3399,1.34025,1.00,3.60
2010.10.14 23:22:49.034,1.34,1.34025,1.60,3.60
2010.10.14 23:22:49.155,1.34,1.34025,1.60,4.40
2010.10.14 23:22:49.789,1.34,1.3402,1.60,1.60
2010.10.14 23:22:50.495,1.33995,1.3402,1.60,1.60
2010.10.14 23:22:59.224,1.34,1.34025,1.60,1.60
2010.10.14 23:23:00.987,1.34005,1.34025,1.60,1.60
2010.10.14 23:23:41.898,1.34005,1.34015,1.60,1.00
2010.10.14 23:23:52.520,1.34,1.34015,1.60,1.00
2010.10.14 23:23:54.137,1.34,1.34015,1.60,1.00
2010.10.14 23:23:57.993,1.34005,1.34015,1.60,1.00
2010.10.14 23:23:59.305,1.34005,1.34025,1.60,1.60
2010.10.14 23:23:59.646,1.34,1.34025,1.60,1.60
2010.10.14 23:24:05.577,1.33995,1.34025,1.60,2.40
2010.10.14 23:24:06.072,1.33995,1.3402,1.60,1.60
2010.10.14 23:24:06.417,1.34,1.3402,1.60,1.60
2010.10.14 23:24:25.232,1.33995,1.34015,1.60,1.60
2010.10.14 23:24:26.478,1.3399,1.34015,1.60,1.60
2010.10.14 23:24:26.605,1.3399,1.3401,1.60,1.60
2010.10.14 23:24:26.951,1.3399,1.34015,2.60,1.60
2010.10.14 23:24:27.298,1.33995,1.34015,1.60,1.60
2010.10.14 23:24:27.952,1.33995,1.34005,1.60,1.00
2010.10.14 23:24:28.324,1.3398,1.34,1.60,1.00
2010.10.14 23:24:29.518,1.3398,1.34,1.60,3.20
2010.10.14 23:24:30.357,1.3398,1.34,1.60,1.60
2010.10.14 23:24:30.711,1.33985,1.33995,1.60,1.00
2010.10.14 23:24:31.064,1.33975,1.33995,1.60,1.60
2010.10.14 23:24:31.697,1.33975,1.33995,1.60,3.20
2010.10.14 23:24:35.740,1.3398,1.34,1.60,1.60
2010.10.14 23:24:36.049,1.3398,1.3401,2.60,1.60
2010.10.14 23:24:36.400,1.33985,1.3401,1.60,1.60
2010.10.14 23:24:40.966,1.33985,1.34005,1.60,1.60
2010.10.14 23:24:44.475,1.33985,1.34005,1.60,2.40
2010.10.14 23:24:44.798,1.33985,1.34005,1.60,1.60
2010.10.14 23:24:46.124,1.33985,1.34005,1.60,2.40
2010.10.14 23:24:47.540,1.3398,1.34005,1.60,3.20
2010.10.14 23:24:47.888,1.3398,1.34,1.60,1.60
2010.10.14 23:24:50.703,1.3398,1.33995,1.60,1.60
2010.10.14 23:24:50.952,1.33975,1.33995,1.60,4.00
2010.10.14 23:24:51.696,1.33975,1.33995,1.60,2.40
2010.10.14 23:24:55.648,1.33975,1.33995,1.60,2.40
2010.10.14 23:24:55.992,1.33975,1.33995,1.60,5.60
2010.10.14 23:24:57.024,1.33975,1.33995,1.60,5.70
2010.10.14 23:24:57.374,1.33975,1.33995,1.60,5.60
2010.10.14 23:25:00.898,1.33975,1.33995,1.60,5.60
2010.10.14 23:25:01.043,1.33975,1.33995,1.60,2.40
2010.10.14 23:25:15.267,1.33975,1.33995,1.60,4.00
2010.10.14 23:25:18.049,1.33975,1.33995,1.60,2.40
2010.10.14 23:25:19.385,1.33975,1.33995,1.60,1.00
2010.10.14 23:25:19.538,1.3398,1.34,1.60,5.60
2010.10.14 23:25:19.679,1.3398,1.34,1.60,5.70
2010.10.14 23:25:19.959,1.3398,1.34,1.60,5.60
2010.10.14 23:25:21.491,1.3398,1.34,1.60,2.40
2010.10.14 23:25:26.454,1.3398,1.3399,1.60,1.00
2010.10.14 23:25:26.695,1.3397,1.33995,1.60,3.20
2010.10.14 23:25:27.168,1.33965,1.3399,2.00,1.60
2010.10.14 23:25:27.911,1.3396,1.33985,1.60,1.60
2010.10.14 23:25:28.273,1.3396,1.33985,1.60,2.40
2010.10.14 23:25:28.804,1.3396,1.3398,1.60,1.00
2010.10.14 23:25:28.994,1.3396,1.3398,1.60,2.40
2010.10.14 23:25:31.007,1.3396,1.3398,1.60,2.40
2010.10.14 23:25:31.639,1.3396,1.3398,1.60,7.70
2010.10.14 23:25:31.971,1.33945,1.3397,1.60,1.60
2010.10.14 23:25:37.736,1.3394,1.3397,2.00,5.60
2010.10.14 23:25:37.926,1.3394,1.33965,1.60,1.60
2010.10.14 23:25:38.928,1.3393,1.33955,1.60,1.00
2010.10.14 23:25:39.247,1.33925,1.33955,1.60,1.00
2010.10.14 23:25:39.560,1.3392,1.33955,1.60,1.00
2010.10.14 23:25:40.486,1.3392,1.33955,1.60,2.40
2010.10.14 23:25:44.504,1.33915,1.33955,4.40,2.40
2010.10.14 23:25:44.806,1.33915,1.33955,2.40,2.40
2010.10.14 23:25:45.004,1.33915,1.3395,2.40,1.00
2010.10.14 23:25:45.106,1.33915,1.3395,1.60,1.00
2010.10.14 23:25:45.475,1.33915,1.3395,3.60,1.00
2010.10.14 23:25:46.755,1.33915,1.33955,5.20,2.40
2010.10.14 23:25:50.778,1.3392,1.33955,3.20,1.60
2010.10.14 23:25:51.028,1.33925,1.33955,1.00,1.60
2010.10.14 23:25:52.311,1.33925,1.3395,1.00,1.60
2010.10.14 23:25:53.605,1.33925,1.33955,1.00,1.60
2010.10.14 23:25:53.954,1.3393,1.33955,1.00,1.60
2010.10.14 23:25:54.519,1.3393,1.33955,1.60,1.60
2010.10.14 23:25:54.730,1.3393,1.3395,1.60,1.60
2010.10.14 23:25:55.076,1.3393,1.33955,3.20,1.60
2010.10.14 23:26:04.778,1.3393,1.3396,3.20,1.60
2010.10.14 23:26:05.127,1.3393,1.33955,3.20,1.60
2010.10.14 23:26:16.815,1.3393,1.33955,4.80,1.60
2010.10.14 23:26:16.870,1.33935,1.33965,6.80,1.60
2010.10.14 23:26:17.114,1.3394,1.33965,1.60,1.60
2010.10.14 23:26:17.956,1.3394,1.33965,2.40,1.60
2010.10.14 23:26:23.707,1.3394,1.33965,3.20,1.60
2010.10.14 23:26:24.158,1.3394,1.33965,4.00,1.60
2010.10.14 23:26:25.686,1.3394,1.33965,3.20,1.60
2010.10.14 23:26:26.344,1.3394,1.33965,2.40,1.60
2010.10.14 23:26:27.620,1.3394,1.33965,1.60,1.60
2010.10.14 23:26:39.639,1.3394,1.33965,2.40,1.60
2010.10.14 23:26:40.047,1.33945,1.33965,1.00,1.60
2010.10.14 23:26:40.246,1.3395,1.3397,1.60,1.60
2010.10.14 23:26:40.436,1.3395,1.33975,1.60,1.60
2010.10.14 23:26:47.821,1.33955,1.33975,1.60,1.60
2010.10.14 23:26:57.009,1.33955,1.33975,1.60,2.40
2010.10.14 23:26:57.186,1.3395,1.33975,1.60,1.60
2010.10.14 23:26:58.068,1.3395,1.33975,1.60,2.40
2010.10.14 23:27:00.405,1.3395,1.3397,1.60,1.60
2010.10.14 23:27:54.341,1.3395,1.3397,2.40,1.60
2010.10.14 23:28:05.990,1.3395,1.3397,1.60,1.60
2010.10.14 23:28:09.214,1.3395,1.3397,2.40,1.60
2010.10.14 23:28:09.424,1.3395,1.3397,3.20,1.60
2010.10.14 23:28:22.020,1.3395,1.3397,2.40,1.60
2010.10.14 23:28:23.467,1.3395,1.3397,1.60,1.60
2010.10.14 23:28:24.498,1.3395,1.3397,1.60,2.40
2010.10.14 23:28:29.216,1.3395,1.3397,1.60,1.60
2010.10.14 23:28:35.228,1.3395,1.3397,2.40,1.60
2010.10.14 23:28:35.356,1.3395,1.3397,1.60,1.60
2010.10.14 23:28:39.108,1.3395,1.3397,3.20,1.60
2010.10.14 23:28:41.931,1.3395,1.3397,2.40,1.60
2010.10.14 23:28:44.893,1.3395,1.3397,1.60,1.60
2010.10.14 23:28:52.197,1.3395,1.3397,1.60,2.40
2010.10.14 23:28:56.919,1.3395,1.3397,1.60,1.00
2010.10.14 23:28:57.241,1.3395,1.33975,1.60,2.40
2010.10.14 23:28:57.396,1.33955,1.33975,1.60,2.40
2010.10.14 23:29:21.015,1.33955,1.33975,1.60,1.60
2010.10.14 23:29:24.455,1.3395,1.33975,3.20,1.60
2010.10.14 23:29:25.047,1.3395,1.3397,3.20,1.60
2010.10.14 23:29:32.334,1.3396,1.33975,1.60,1.60
2010.10.14 23:29:32.649,1.3396,1.3398,1.60,1.60
2010.10.14 23:29:32.959,1.3396,1.3399,4.60,2.40
2010.10.14 23:29:33.268,1.33965,1.3399,1.60,2.40
2010.10.14 23:29:34.422,1.33965,1.33985,1.60,1.60
2010.10.14 23:29:35.574,1.33965,1.33985,2.40,1.60
2010.10.14 23:29:39.405,1.33965,1.33985,3.20,1.60
2010.10.14 23:29:46.367,1.3397,1.33985,1.00,1.60
2010.10.14 23:29:46.540,1.33965,1.3399,2.40,2.40
2010.10.14 23:29:48.285,1.33965,1.3399,1.60,2.40
2010.10.14 23:29:51.816,1.33965,1.3399,1.60,1.00
2010.10.14 23:30:04.794,1.33975,1.3399,1.60,1.00
2010.10.14 23:30:06.585,1.33965,1.3399,1.60,2.40
2010.10.14 23:30:07.264,1.3397,1.33995,1.60,2.40
2010.10.14 23:30:10.607,1.33975,1.33995,1.60,2.40
2010.10.14 23:30:11.461,1.33995,1.34,1.00,4.00
2010.10.14 23:30:11.610,1.33995,1.34,2.60,1.00
2010.10.14 23:30:11.994,1.33995,1.34015,2.60,3.60
2010.10.14 23:30:12.151,1.34,1.3402,1.60,1.00
2010.10.14 23:30:12.300,1.34,1.3402,1.60,1.00
2010.10.14 23:30:12.652,1.33995,1.3401,1.00,2.80
2010.10.14 23:30:13.471,1.3399,1.3401,1.60,2.80
2010.10.14 23:30:17.484,1.33985,1.3401,1.60,2.80
2010.10.14 23:30:17.769,1.33985,1.34,1.60,1.00
2010.10.14 23:30:18.190,1.33975,1.34,1.60,1.00
2010.10.14 23:30:18.413,1.33975,1.33995,1.60,1.00
2010.10.14 23:30:19.703,1.33975,1.34,1.60,2.40
2010.10.14 23:30:19.937,1.3398,1.34,1.60,2.40
2010.10.14 23:30:21.400,1.33975,1.33995,1.60,1.00
2010.10.14 23:30:28.424,1.3397,1.33995,1.60,1.00
2010.10.14 23:30:28.878,1.33975,1.34,1.00,1.60
2010.10.14 23:30:29.366,1.3398,1.34,1.60,1.60
2010.10.14 23:30:30.405,1.33975,1.34,3.20,1.60
2010.10.14 23:30:30.987,1.33975,1.33995,2.40,1.60
2010.10.14 23:30:31.791,1.33975,1.33995,3.20,1.60
2010.10.14 23:30:33.088,1.33975,1.33995,3.20,1.60
2010.10.14 23:30:36.765,1.3398,1.33995,1.00,1.60
2010.10.14 23:30:37.602,1.3398,1.33995,1.60,1.60
2010.10.14 23:30:37.960,1.33985,1.34,1.60,1.60
2010.10.14 23:30:38.728,1.33985,1.34005,1.60,1.60
2010.10.14 23:30:39.062,1.33985,1.34005,1.00,1.60
2010.10.14 23:30:39.392,1.3398,1.34005,3.20,1.60
2010.10.14 23:30:41.698,1.3398,1.34005,2.40,1.60
2010.10.14 23:30:41.939,1.3398,1.34005,3.20,1.60
2010.10.14 23:30:42.290,1.3398,1.34005,3.40,1.60
2010.10.14 23:30:42.976,1.3399,1.34005,1.00,1.60
2010.10.14 23:30:43.233,1.3399,1.34015,3.20,1.60
2010.10.14 23:30:54.835,1.3399,1.34015,2.40,1.60
2010.10.14 23:30:54.925,1.3399,1.34015,1.60,2.40
2010.10.14 23:30:56.111,1.33985,1.34015,3.60,2.40
2010.10.14 23:30:56.359,1.33985,1.34015,3.20,2.80
2010.10.14 23:30:56.608,1.33985,1.34005,3.20,1.60
2010.10.14 23:30:58.059,1.33985,1.34005,4.00,1.60
2010.10.14 23:30:58.408,1.33985,1.34005,2.40,1.60
2010.10.14 23:31:00.516,1.33985,1.34005,2.40,1.00
2010.10.14 23:31:01.315,1.33985,1.34005,1.60,1.60
2010.10.14 23:31:01.632,1.34,1.34005,1.00,1.60
2010.10.14 23:31:02.285,1.3401,1.3402,1.60,1.60
2010.10.14 23:31:02.637,1.34015,1.3404,1.60,1.60
2010.10.14 23:31:02.982,1.34015,1.3404,1.60,1.60
2010.10.14 23:31:04.350,1.34015,1.34045,1.60,2.40
2010.10.14 23:31:04.441,1.3402,1.34045,1.00,1.00
2010.10.14 23:31:04.519,1.3402,1.3405,1.00,1.00
2010.10.14 23:31:06.231,1.3402,1.34045,1.00,4.40
2010.10.14 23:31:06.581,1.34015,1.34045,1.00,2.80
2010.10.14 23:31:06.982,1.34015,1.34045,1.00,1.00
2010.10.14 23:31:07.202,1.3402,1.3405,1.00,2.40
2010.10.14 23:31:30.039,1.3402,1.3405,1.00,1.00
2010.10.14 23:31:30.173,1.3402,1.3405,1.00,2.40
2010.10.14 23:31:30.582,1.3402,1.3405,1.60,1.60
2010.10.14 23:31:31.614,1.34025,1.3405,1.00,1.60
2010.10.14 23:31:43.610,1.34025,1.3405,1.00,2.40
2010.10.14 23:31:47.048,1.34025,1.3405,1.00,1.60
2010.10.14 23:31:50.836,1.3403,1.3405,1.00,1.60
2010.10.14 23:32:00.657,1.3403,1.34055,1.00,1.60
2010.10.14 23:32:04.706,1.3403,1.3405,1.00,1.60
2010.10.14 23:32:05.541,1.34035,1.34055,1.00,1.60
2010.10.14 23:32:08.636,1.34035,1.3406,1.00,1.60
2010.10.14 23:32:10.937,1.34035,1.3406,1.00,2.40
2010.10.14 23:32:11.078,1.3403,1.3406,1.00,2.40
2010.10.14 23:32:11.216,1.3403,1.34055,1.00,1.60
2010.10.14 23:32:17.327,1.34025,1.34055,1.60,2.40
2010.10.14 23:32:21.785,1.34025,1.34055,1.60,4.40
2010.10.14 23:32:21.987,1.3402,1.3405,1.60,1.00
2010.10.14 23:32:22.186,1.3402,1.3405,3.20,1.00
2010.10.14 23:32:24.539,1.3402,1.3405,1.60,1.00
2010.10.14 23:32:24.829,1.3402,1.3405,1.00,1.00
2010.10.14 23:32:24.976,1.3402,1.3405,1.00,2.40
2010.10.14 23:32:25.512,1.3402,1.3405,1.60,2.40
2010.10.14 23:32:27.371,1.3402,1.34045,1.00,1.00
2010.10.14 23:32:27.593,1.34015,1.34045,3.20,1.00
2010.10.14 23:32:28.400,1.3402,1.34045,1.00,1.00
2010.10.14 23:32:29.438,1.3402,1.3405,1.60,2.40
2010.10.14 23:32:30.280,1.3402,1.34045,1.00,1.00
2010.10.14 23:32:34.908,1.3402,1.3405,1.60,2.40
2010.10.14 23:32:35.111,1.34025,1.34055,1.00,2.40
2010.10.14 23:32:35.303,1.3403,1.34055,1.60,1.60
2010.10.14 23:32:35.500,1.34035,1.34065,1.60,2.40
2010.10.14 23:32:36.816,1.34035,1.34065,1.60,1.60
2010.10.14 23:32:37.001,1.34035,1.3407,1.60,2.40
2010.10.14 23:32:40.941,1.3403,1.34065,1.60,1.00
2010.10.14 23:32:41.338,1.3403,1.34065,1.60,2.80
2010.10.14 23:32:41.687,1.3403,1.34065,1.60,4.40
2010.10.14 23:32:42.386,1.3403,1.34055,1.60,1.00
2010.10.14 23:32:42.792,1.3403,1.3404,1.60,1.00
2010.10.14 23:32:43.082,1.34,1.34025,1.00,1.00
2010.10.14 23:32:43.748,1.3399,1.3402,1.00,2.40
2010.10.14 23:32:44.093,1.33985,1.34015,3.20,1.00
2010.10.14 23:32:44.885,1.33985,1.34015,2.40,1.00
2010.10.14 23:32:45.233,1.33985,1.3401,2.40,1.00
2010.10.14 23:32:45.987,1.33995,1.3402,3.60,1.00
2010.10.14 23:32:46.676,1.33995,1.34025,6.00,1.00
2010.10.14 23:32:47.010,1.34005,1.3402,1.00,1.00
2010.10.14 23:32:47.734,1.34,1.3402,1.00,1.00
2010.10.14 23:32:48.814,1.34,1.3402,1.00,1.00
2010.10.14 23:32:50.267,1.33995,1.3402,1.00,1.60
2010.10.14 23:32:50.942,1.33995,1.34015,8.40,1.00
2010.10.14 23:32:51.958,1.3401,1.3404,1.00,1.60
2010.10.14 23:32:52.306,1.34005,1.34045,2.40,1.60
2010.10.14 23:32:52.990,1.34005,1.34045,2.40,2.40
2010.10.14 23:32:53.317,1.34005,1.34035,1.60,1.00
2010.10.14 23:32:53.670,1.34005,1.34035,1.00,1.00
2010.10.14 23:32:54.386,1.33995,1.34015,1.20,1.00
2010.10.14 23:32:54.732,1.33995,1.3402,1.60,3.20
2010.10.14 23:32:55.463,1.34005,1.34035,2.70,2.40
2010.10.14 23:32:55.805,1.34005,1.34035,1.50,1.60
2010.10.14 23:32:56.522,1.3401,1.3404,1.60,1.60
2010.10.14 23:32:57.907,1.3401,1.3404,1.60,1.00
2010.10.14 23:32:58.202,1.3401,1.3404,3.20,1.00
2010.10.14 23:33:01.018,1.34,1.3403,2.40,1.00
2010.10.14 23:33:01.833,1.34005,1.3403,1.00,1.00
2010.10.14 23:33:02.180,1.34005,1.34025,1.00,1.00
2010.10.14 23:33:03.152,1.34005,1.3403,1.00,1.00
2010.10.14 23:33:03.809,1.34005,1.3403,1.50,1.00
2010.10.14 23:33:04.818,1.34005,1.34035,2.30,1.60
2010.10.14 23:33:05.153,1.34005,1.34035,2.30,1.00
2010.10.14 23:33:06.580,1.33995,1.34025,6.00,1.00
2010.10.14 23:33:06.981,1.33995,1.3402,4.40,1.00
2010.10.14 23:33:07.238,1.33995,1.3402,4.80,1.00
2010.10.14 23:33:07.481,1.33995,1.34025,5.20,1.00
2010.10.14 23:33:08.252,1.34,1.34025,2.40,1.00
2010.10.14 23:33:08.604,1.34,1.3403,3.20,1.00
2010.10.14 23:33:08.905,1.34,1.3403,4.00,1.00
2010.10.14 23:33:09.614,1.34005,1.3403,2.40,1.00
2010.10.14 23:33:09.960,1.34005,1.34035,2.40,1.00
2010.10.14 23:33:10.710,1.34005,1.34035,3.20,1.00
2010.10.14 23:33:11.071,1.34005,1.3403,1.60,1.00
2010.10.14 23:33:11.765,1.34005,1.34035,3.20,1.00
2010.10.14 23:33:12.114,1.34,1.3403,3.20,1.00
2010.10.14 23:33:12.460,1.34,1.34025,3.20,1.00
2010.10.14 23:33:13.163,1.34,1.34025,2.40,1.00
2010.10.14 23:33:13.516,1.34,1.3403,3.20,1.00
2010.10.14 23:33:14.539,1.34,1.3403,4.00,1.00
2010.10.14 23:33:15.208,1.34005,1.3403,1.00,1.00
2010.10.14 23:33:15.349,1.34005,1.3403,2.40,1.00
2010.10.14 23:33:16.758,1.34005,1.34035,3.20,1.00
2010.10.14 23:33:18.803,1.34005,1.3403,2.40,1.00
2010.10.14 23:33:20.083,1.34005,1.34035,3.20,1.00
2010.10.14 23:33:20.397,1.3401,1.34035,1.00,1.00
2010.10.14 23:33:21.614,1.34015,1.3404,1.60,1.00
2010.10.14 23:33:22.955,1.34015,1.3404,1.00,1.00
2010.10.14 23:33:23.242,1.3401,1.3404,1.60,1.00
2010.10.14 23:33:25.289,1.3402,1.3405,1.00,2.80
2010.10.14 23:33:25.470,1.3402,1.3405,1.00,2.40
2010.10.14 23:33:25.946,1.3402,1.34045,1.00,1.00
2010.10.14 23:33:26.130,1.3402,1.3405,1.00,2.40
2010.10.14 23:33:26.559,1.3402,1.3405,1.60,2.40
2010.10.14 23:33:27.719,1.3402,1.3405,2.40,1.00
2010.10.14 23:33:27.861,1.34025,1.3405,1.00,1.00
2010.10.14 23:33:30.338,1.3403,1.34055,1.00,1.00
2010.10.14 23:33:30.576,1.34035,1.34065,1.00,1.00
2010.10.14 23:33:31.305,1.34035,1.34065,1.00,2.40
2010.10.14 23:33:32.622,1.34035,1.34065,1.60,1.00
2010.10.14 23:33:33.324,1.34045,1.3407,1.00,2.40
2010.10.14 23:33:34.902,1.3403,1.3406,2.40,1.00
2010.10.14 23:33:35.132,1.3403,1.3406,1.60,1.00
2010.10.14 23:33:37.140,1.34035,1.34065,1.60,1.20
2010.10.14 23:33:37.469,1.3405,1.3408,1.60,2.40
2010.10.14 23:33:39.012,1.34055,1.3408,1.00,2.40
2010.10.14 23:33:39.311,1.34055,1.3408,1.00,1.60
2010.10.14 23:33:39.962,1.34055,1.3408,1.60,1.60
2010.10.14 23:33:40.259,1.3406,1.34085,1.00,2.40
2010.10.14 23:33:40.570,1.3406,1.34085,1.00,1.60
2010.10.14 23:33:40.882,1.3406,1.3409,1.00,2.40
2010.10.14 23:33:41.833,1.3406,1.3409,1.60,2.40
2010.10.14 23:33:42.105,1.3406,1.3409,1.60,2.40
2010.10.14 23:33:42.371,1.3406,1.34095,1.60,2.40
2010.10.14 23:33:42.660,1.3406,1.34095,1.60,2.40
2010.10.14 23:33:43.260,1.3406,1.34095,1.60,1.00
2010.10.14 23:33:43.453,1.3406,1.34095,1.60,2.40
2010.10.14 23:33:43.640,1.3406,1.3409,1.60,1.00
2010.10.14 23:33:43.833,1.34055,1.34085,1.60,1.00
2010.10.14 23:33:45.572,1.34055,1.3408,1.00,1.00
2010.10.14 23:34:03.562,1.3405,1.3408,1.60,1.00
2010.10.14 23:34:03.910,1.34045,1.34075,1.60,1.00
2010.10.14 23:34:04.614,1.34045,1.34075,3.20,1.00
2010.10.14 23:34:05.248,1.3405,1.34075,1.00,1.00
2010.10.14 23:34:05.576,1.3405,1.3408,1.60,1.00
2010.10.14 23:34:06.536,1.34055,1.34085,1.60,2.40
2010.10.14 23:34:09.257,1.34055,1.34085,1.60,2.40
2010.10.14 23:34:09.418,1.34055,1.34085,1.60,1.00
2010.10.14 23:34:10.488,1.34055,1.3409,8.00,1.00
2010.10.14 23:34:12.820,1.34065,1.3409,1.00,1.00
2010.10.14 23:34:13.486,1.3406,1.3409,4.00,1.00
2010.10.14 23:34:13.778,1.3406,1.34095,4.00,1.00
2010.10.14 23:34:14.476,1.34065,1.34095,1.60,1.00
2010.10.14 23:34:14.822,1.34065,1.34095,3.20,1.00
2010.10.14 23:34:17.135,1.3407,1.341,3.20,1.00
2010.10.14 23:34:18.206,1.3407,1.34095,3.20,1.00
2010.10.14 23:34:19.717,1.3407,1.34095,1.60,1.00
2010.10.14 23:34:19.988,1.34065,1.34095,3.20,1.00
2010.10.14 23:34:20.557,1.34065,1.341,3.20,1.00
2010.10.14 23:34:20.784,1.34075,1.34105,1.60,1.00
2010.10.14 23:34:21.002,1.3408,1.34105,1.00,1.00
2010.10.14 23:34:22.234,1.3407,1.341,1.60,1.00
2010.10.14 23:34:22.678,1.3407,1.34095,1.60,1.00
2010.10.14 23:34:29.018,1.3407,1.341,1.60,1.00
2010.10.14 23:34:30.291,1.3407,1.341,1.60,1.00
2010.10.14 23:34:32.564,1.34065,1.341,4.00,1.00
2010.10.14 23:34:32.635,1.34065,1.341,1.60,1.00
2010.10.14 23:34:32.705,1.34065,1.341,4.00,1.00
2010.10.14 23:34:33.154,1.3407,1.341,1.60,1.00
2010.10.14 23:34:35.836,1.34065,1.341,2.40,1.00
2010.10.14 23:34:35.885,1.3406,1.341,12.40,1.00
2010.10.14 23:34:36.036,1.3406,1.341,14.80,1.00
2010.10.14 23:34:36.086,1.34065,1.341,4.00,1.00
2010.10.14 23:34:37.045,1.34065,1.34095,1.60,1.00
2010.10.14 23:34:39.130,1.3406,1.34095,2.40,1.00
2010.10.14 23:34:39.311,1.3406,1.34095,4.00,1.00
2010.10.14 23:34:40.925,1.3407,1.34095,1.60,1.00
2010.10.14 23:34:45.338,1.3406,1.34095,4.00,1.00
2010.10.14 23:34:45.948,1.34065,1.34095,1.60,1.00
2010.10.14 23:34:46.415,1.34065,1.34095,1.60,1.00
2010.10.14 23:34:48.804,1.3406,1.34095,2.40,1.00
2010.10.14 23:34:48.994,1.34065,1.34095,1.60,1.00
2010.10.14 23:34:49.180,1.3407,1.34095,1.60,1.00
2010.10.14 23:34:51.708,1.3406,1.34095,5.60,1.00
2010.10.14 23:34:52.181,1.3406,1.34095,7.20,1.00
2010.10.14 23:34:55.006,1.34065,1.34095,2.40,1.00
2010.10.14 23:34:58.029,1.3407,1.341,2.40,1.00
2010.10.14 23:34:58.381,1.3406,1.3409,3.60,1.00
2010.10.14 23:34:58.730,1.3406,1.3409,4.00,1.00
2010.10.14 23:34:59.449,1.3406,1.3408,4.00,1.00
2010.10.14 23:35:01.157,1.3406,1.3408,2.00,1.00
2010.10.14 23:35:01.436,1.3406,1.3409,2.40,1.00
2010.10.14 23:35:03.998,1.3406,1.3409,1.60,1.00
2010.10.14 23:35:04.229,1.3406,1.3409,1.00,1.00
2010.10.14 23:35:04.705,1.34055,1.34085,3.20,1.00
2010.10.14 23:35:04.946,1.34055,1.3408,3.40,1.00
2010.10.14 23:35:05.198,1.34055,1.34085,5.80,1.00
2010.10.14 23:35:06.092,1.34055,1.34085,5.60,1.00
2010.10.14 23:35:07.448,1.3406,1.34095,6.60,1.00
2010.10.14 23:35:07.714,1.3406,1.34095,6.40,1.00
2010.10.14 23:35:07.985,1.34065,1.341,1.60,1.00
2010.10.14 23:35:08.432,1.34065,1.341,4.00,1.00
2010.10.14 23:35:08.759,1.34075,1.34105,1.00,1.00
2010.10.14 23:35:09.766,1.34075,1.3411,4.80,1.00
2010.10.14 23:35:10.462,1.34075,1.3411,3.20,1.00
2010.10.14 23:35:10.811,1.34075,1.3411,4.80,1.00
2010.10.14 23:35:11.556,1.34075,1.34115,8.40,1.00
2010.10.14 23:35:12.201,1.34075,1.3411,7.60,1.00
2010.10.14 23:35:13.303,1.3408,1.34105,2.40,1.00
2010.10.14 23:35:13.858,1.3408,1.341,1.60,1.00
2010.10.14 23:35:14.202,1.34075,1.34105,2.40,1.00
2010.10.14 23:35:14.548,1.34075,1.34105,3.20,1.00
2010.10.14 23:35:15.751,1.34075,1.34105,3.20,1.00
2010.10.14 23:35:16.466,1.34075,1.3411,3.20,1.00
2010.10.14 23:35:18.866,1.3408,1.3411,2.40,1.00
2010.10.14 23:35:19.813,1.3408,1.3411,3.20,1.00
2010.10.14 23:35:22.852,1.3408,1.3411,2.40,1.00
2010.10.14 23:35:23.678,1.3408,1.3411,3.20,1.00
2010.10.14 23:35:25.348,1.34085,1.3411,1.00,1.00
2010.10.14 23:35:25.567,1.34085,1.34115,1.00,1.00
2010.10.14 23:35:25.849,1.34085,1.3411,1.00,1.00
2010.10.14 23:35:26.131,1.3408,1.3411,3.20,1.00
2010.10.14 23:35:27.058,1.34085,1.3411,1.60,1.00
2010.10.14 23:35:33.471,1.34085,1.34115,3.20,1.00
2010.10.14 23:35:35.843,1.34085,1.34115,2.40,1.00
2010.10.14 23:35:37.559,1.34085,1.3411,1.60,1.00
2010.10.14 23:35:38.467,1.34075,1.3411,2.40,1.00
2010.10.14 23:35:38.987,1.3408,1.3411,1.60,1.00
2010.10.14 23:35:39.887,1.3408,1.34105,1.60,1.00
2010.10.14 23:35:40.019,1.3408,1.3411,1.60,1.00
2010.10.14 23:35:40.162,1.3408,1.3411,2.40,1.00
2010.10.14 23:35:40.773,1.3408,1.34115,3.20,1.00
2010.10.14 23:35:41.119,1.3408,1.34115,2.40,1.00
2010.10.14 23:35:42.523,1.34085,1.34115,1.60,1.00
2010.10.14 23:35:43.467,1.34085,1.3411,1.60,1.00
2010.10.14 23:35:47.776,1.3408,1.34105,1.60,1.00
2010.10.14 23:35:48.048,1.3407,1.341,3.20,1.00
2010.10.14 23:35:48.310,1.3407,1.341,2.40,1.00
2010.10.14 23:35:49.373,1.3407,1.34095,1.60,1.00
2010.10.14 23:35:50.441,1.3406,1.34085,1.60,1.00
2010.10.14 23:35:51.838,1.34055,1.3408,1.60,1.00
2010.10.14 23:35:52.022,1.34055,1.34075,1.60,1.00
2010.10.14 23:35:52.912,1.34055,1.3408,1.60,1.00
2010.10.14 23:35:53.214,1.34055,1.34075,2.40,1.00
2010.10.14 23:35:53.521,1.34055,1.3408,2.40,1.00
2010.10.14 23:35:54.170,1.34055,1.3408,4.40,1.00
2010.10.14 23:35:54.521,1.34055,1.3408,4.00,1.00
2010.10.14 23:35:54.872,1.3406,1.34085,1.50,1.00
2010.10.14 23:35:55.931,1.34065,1.3408,1.00,1.00
2010.10.14 23:35:56.651,1.34065,1.34085,1.00,1.00
2010.10.14 23:35:56.995,1.34065,1.3409,1.00,1.00
2010.10.14 23:35:58.028,1.34065,1.3409,2.30,1.00
2010.10.14 23:36:01.169,1.34065,1.34085,2.30,1.00
2010.10.14 23:36:01.289,1.34065,1.34085,1.00,1.00
2010.10.14 23:36:01.410,1.34055,1.34085,3.60,1.00
2010.10.14 23:36:01.688,1.34055,1.34085,3.20,1.00
2010.10.14 23:36:02.441,1.34065,1.34085,1.60,1.00
2010.10.14 23:36:05.152,1.3406,1.34085,1.60,1.00
2010.10.14 23:36:05.657,1.34065,1.34085,1.60,1.00
2010.10.14 23:36:08.526,1.34065,1.3409,1.60,1.00
2010.10.14 23:36:09.499,1.34065,1.34085,1.60,1.00
2010.10.14 23:36:15.473,1.34055,1.3408,2.40,1.00
2010.10.14 23:36:16.018,1.34055,1.34075,1.00,1.00
2010.10.14 23:36:16.265,1.3405,1.3408,1.60,1.00
2010.10.14 23:36:18.338,1.34045,1.3408,3.20,1.00
2010.10.14 23:36:18.637,1.34045,1.3408,1.60,1.00
2010.10.14 23:36:19.616,1.34045,1.34075,1.60,1.00
2010.10.14 23:36:20.457,1.3405,1.34075,1.00,1.00
2010.10.14 23:36:21.176,1.34045,1.34075,1.60,1.00
2010.10.14 23:36:23.462,1.34045,1.34065,1.60,1.00
2010.10.14 23:36:23.523,1.3404,1.34065,1.00,1.60
2010.10.14 23:36:23.640,1.3404,1.34065,1.00,1.00
2010.10.14 23:36:24.433,1.3404,1.3407,1.60,1.00
2010.10.14 23:36:24.778,1.3404,1.3407,1.00,1.00
2010.10.14 23:36:25.118,1.3404,1.3407,1.60,1.00
2010.10.14 23:36:25.826,1.3404,1.34065,1.00,1.00
2010.10.14 23:36:26.392,1.34035,1.3406,2.40,1.00
2010.10.14 23:36:26.781,1.34035,1.34065,2.40,1.00
2010.10.14 23:36:26.998,1.34045,1.3407,1.60,1.60
2010.10.14 23:36:27.201,1.3405,1.34075,1.60,1.60
2010.10.14 23:36:28.302,1.34045,1.34075,1.60,1.60
2010.10.14 23:36:28.874,1.3405,1.3407,1.00,1.00
2010.10.14 23:36:29.452,1.3404,1.34065,1.00,1.00
2010.10.14 23:36:30.979,1.3404,1.3407,1.60,1.00
2010.10.14 23:36:31.849,1.34045,1.34075,1.60,2.40
2010.10.14 23:36:32.517,1.34035,1.3407,1.60,3.20
2010.10.14 23:36:32.817,1.3404,1.3407,1.60,3.20
2010.10.14 23:36:32.968,1.3404,1.3407,1.60,2.40
2010.10.14 23:36:35.021,1.34045,1.34075,1.60,2.40
2010.10.14 23:36:35.456,1.34045,1.34075,1.60,1.00
2010.10.14 23:36:37.583,1.3405,1.3408,1.00,1.00
2010.10.14 23:36:38.021,1.3405,1.3408,1.60,1.00
2010.10.14 23:36:45.488,1.34055,1.34085,1.00,1.00
2010.10.14 23:36:46.132,1.3406,1.3409,1.60,1.00
2010.10.14 23:36:55.777,1.3406,1.34085,1.00,1.00
2010.10.14 23:37:00.089,1.34055,1.34085,1.60,1.00
2010.10.14 23:37:04.202,1.34055,1.34085,1.00,1.00
2010.10.14 23:37:04.557,1.3406,1.34085,1.00,1.00
2010.10.14 23:37:10.988,1.3406,1.3409,1.60,1.00
2010.10.14 23:37:11.875,1.3406,1.34085,1.00,1.00
2010.10.14 23:37:16.186,1.34055,1.34085,1.60,1.00
2010.10.14 23:37:16.256,1.34055,1.34085,3.20,1.00
2010.10.14 23:37:20.611,1.34055,1.34085,1.60,1.00
2010.10.14 23:37:27.018,1.3406,1.3409,1.60,1.00
2010.10.14 23:37:27.238,1.34065,1.34095,1.60,1.00
2010.10.14 23:37:28.012,1.3407,1.34095,1.00,1.00
2010.10.14 23:37:29.380,1.34065,1.34095,1.00,1.00
2010.10.14 23:37:29.814,1.3406,1.3409,2.40,1.00
2010.10.14 23:37:30.177,1.3406,1.34085,1.00,1.00
2010.10.14 23:37:31.456,1.3406,1.3409,1.60,1.00
2010.10.14 23:37:33.282,1.34055,1.34085,1.60,1.00
2010.10.14 23:37:33.534,1.34055,1.3408,1.60,1.00
2010.10.14 23:37:34.610,1.34055,1.34085,1.60,1.00
2010.10.14 23:37:34.957,1.34065,1.34095,1.60,1.00
2010.10.14 23:37:35.300,1.3407,1.34095,1.00,1.00
2010.10.14 23:37:36.331,1.34065,1.34095,1.60,1.00
2010.10.14 23:37:37.565,1.3407,1.34095,1.00,1.00
2010.10.14 23:37:38.693,1.3406,1.3409,3.20,1.00
2010.10.14 23:37:38.939,1.3406,1.3409,2.40,1.00
2010.10.14 23:37:39.184,1.34055,1.3408,1.60,1.00
2010.10.14 23:37:39.795,1.3406,1.3409,1.00,1.00
2010.10.14 23:37:40.149,1.3406,1.3409,1.60,1.00
2010.10.14 23:37:40.499,1.34065,1.34095,1.60,1.00
2010.10.14 23:37:40.849,1.34065,1.341,1.60,2.40
2010.10.14 23:37:41.746,1.3407,1.341,1.60,2.40
2010.10.14 23:37:43.739,1.3407,1.341,1.60,1.60
2010.10.14 23:37:44.249,1.3407,1.341,1.60,2.40
2010.10.14 23:37:50.829,1.34075,1.34105,1.60,1.00
2010.10.14 23:38:01.936,1.34075,1.34105,1.00,1.00
2010.10.14 23:38:02.603,1.3408,1.3411,1.60,2.40
2010.10.14 23:38:03.272,1.34085,1.3411,1.00,2.40
2010.10.14 23:38:06.322,1.34085,1.3411,1.00,1.00
2010.10.14 23:38:07.037,1.3409,1.3412,1.60,2.40
2010.10.14 23:38:07.368,1.3409,1.34115,1.60,1.60
2010.10.14 23:38:08.617,1.3409,1.34115,1.00,1.00
2010.10.14 23:38:10.353,1.34085,1.34115,1.60,1.00
2010.10.14 23:38:12.596,1.34085,1.3411,1.60,1.00
2010.10.14 23:38:13.278,1.34085,1.3411,1.00,1.00
2010.10.14 23:38:18.756,1.34085,1.34115,1.60,1.00
2010.10.14 23:38:19.418,1.34085,1.34115,1.00,1.00
2010.10.14 23:38:19.637,1.3408,1.34115,1.60,1.00
2010.10.14 23:38:20.156,1.3408,1.3411,1.60,1.00
2010.10.14 23:38:25.795,1.34085,1.34115,1.60,1.00
2010.10.14 23:38:27.636,1.34085,1.34115,1.60,2.40
2010.10.14 23:38:28.417,1.3408,1.3411,1.60,1.00
2010.10.14 23:38:30.788,1.34085,1.34115,1.60,2.40
2010.10.14 23:38:31.207,1.3408,1.34115,1.60,2.40
2010.10.14 23:38:31.648,1.3408,1.34115,1.60,4.40
2010.10.14 23:38:31.824,1.34085,1.34115,1.00,4.40
2010.10.14 23:38:33.167,1.34085,1.34115,1.00,5.20
2010.10.14 23:38:33.632,1.3408,1.34115,1.60,5.20
2010.10.14 23:38:33.867,1.3408,1.3411,1.60,1.00
2010.10.14 23:38:34.097,1.3408,1.34105,1.00,1.00
2010.10.14 23:38:34.906,1.34075,1.34105,1.60,1.00
2010.10.14 23:38:36.467,1.3407,1.341,1.60,1.00
2010.10.14 23:38:37.596,1.3408,1.34105,1.00,1.00
2010.10.14 23:38:38.268,1.3408,1.3411,1.60,2.40
2010.10.14 23:38:38.849,1.3408,1.34105,1.00,1.00
2010.10.14 23:38:39.473,1.34075,1.34105,1.00,1.00
2010.10.14 23:38:39.824,1.34075,1.34105,1.60,1.00
2010.10.14 23:38:41.172,1.3408,1.34105,1.00,1.00
2010.10.14 23:38:41.474,1.34075,1.34105,1.00,1.00
2010.10.14 23:38:44.106,1.34075,1.341,1.00,1.00
2010.10.14 23:38:44.198,1.3407,1.341,1.60,1.00
2010.10.14 23:38:47.745,1.34065,1.34095,1.60,1.20
2010.10.14 23:38:48.139,1.3406,1.34095,2.40,1.20
2010.10.14 23:38:48.449,1.3406,1.3409,2.40,1.00
2010.10.14 23:38:48.756,1.3406,1.3409,2.40,1.20
2010.10.14 23:38:49.408,1.3406,1.3409,2.40,1.00
2010.10.14 23:38:50.838,1.3405,1.3408,1.00,1.00
2010.10.14 23:38:51.173,1.3405,1.34075,1.00,1.00
2010.10.14 23:38:57.310,1.3405,1.34075,1.60,1.00
2010.10.14 23:39:00.294,1.3405,1.3408,1.60,1.00
2010.10.14 23:39:08.167,1.34045,1.34075,1.00,1.00
2010.10.14 23:39:10.308,1.3404,1.34075,1.60,1.60
2010.10.14 23:39:10.722,1.3404,1.3407,1.00,1.60
2010.10.14 23:39:11.058,1.34035,1.34065,1.00,1.00
2010.10.14 23:39:11.402,1.3403,1.34065,2.40,1.00
2010.10.14 23:39:12.064,1.3403,1.34065,2.40,1.20
2010.10.14 23:39:12.351,1.34035,1.34065,1.00,1.20
2010.10.14 23:39:12.630,1.3405,1.3407,1.00,1.00
2010.10.14 23:39:13.266,1.3406,1.34085,2.60,1.20
2010.10.14 23:39:13.959,1.34065,1.34085,1.00,1.00
2010.10.14 23:39:17.155,1.34065,1.3408,1.00,1.00
2010.10.14 23:39:17.268,1.34045,1.34055,1.00,1.00
2010.10.14 23:39:17.350,1.3403,1.34055,1.00,1.00
2010.10.14 23:39:17.858,1.34025,1.34055,2.40,1.00
2010.10.14 23:39:18.548,1.34025,1.3405,2.40,1.00
2010.10.14 23:39:19.967,1.34025,1.3405,1.60,1.00
2010.10.14 23:39:21.105,1.34025,1.3405,1.00,1.00
2010.10.14 23:39:23.173,1.3403,1.3406,1.00,1.00
2010.10.14 23:39:23.423,1.34035,1.3406,1.60,1.00
2010.10.14 23:39:26.067,1.3403,1.3406,3.20,1.00
2010.10.14 23:39:26.287,1.34035,1.3406,1.60,1.00
2010.10.14 23:39:34.507,1.34025,1.3405,4.00,1.00
2010.10.14 23:39:39.346,1.34025,1.34045,4.20,1.00
2010.10.14 23:39:40.141,1.34025,1.34045,3.40,1.00
2010.10.14 23:39:40.489,1.34025,1.34045,1.80,1.00
2010.10.14 23:39:49.237,1.34025,1.3404,1.60,1.00
2010.10.14 23:39:49.422,1.34025,1.34045,1.60,1.00
2010.10.14 23:39:50.813,1.34025,1.3404,1.80,1.00
2010.10.14 23:39:51.782,1.34025,1.34045,1.80,1.00
2010.10.14 23:39:52.106,1.34025,1.34045,1.80,1.00
2010.10.14 23:39:54.368,1.34025,1.34045,1.80,1.00
2010.10.14 23:39:57.067,1.34025,1.34045,1.80,1.00
2010.10.14 23:39:57.354,1.34025,1.34045,1.80,1.00
2010.10.14 23:39:58.597,1.34025,1.34045,1.80,1.00
2010.10.14 23:39:59.747,1.3403,1.34045,1.00,1.00
2010.10.14 23:40:00.543,1.34025,1.34045,1.80,1.00
2010.10.14 23:40:00.786,1.34025,1.34045,1.60,1.00
2010.10.14 23:40:02.243,1.3402,1.3404,4.20,4.80
2010.10.14 23:40:02.535,1.34025,1.34045,1.80,1.00
2010.10.14 23:40:02.818,1.3403,1.3405,1.00,1.00
2010.10.14 23:40:03.192,1.3403,1.34055,1.00,1.00
2010.10.14 23:40:03.472,1.3403,1.34055,2.40,1.00
2010.10.14 23:40:05.870,1.3403,1.3405,1.00,1.00
2010.10.14 23:40:06.147,1.34025,1.3405,4.00,1.00
2010.10.14 23:40:06.664,1.3403,1.3406,2.40,1.00
2010.10.14 23:40:08.855,1.3403,1.3406,1.00,1.00
2010.10.14 23:40:09.044,1.3403,1.34055,1.00,1.00
2010.10.14 23:40:09.291,1.3403,1.3406,2.40,1.00
2010.10.14 23:40:10.948,1.34025,1.3405,1.60,1.00
2010.10.14 23:40:12.327,1.34025,1.3405,1.80,1.00
2010.10.14 23:40:12.985,1.34025,1.34045,1.80,1.00
2010.10.14 23:40:13.240,1.34025,1.34045,1.60,1.00
2010.10.14 23:40:14.503,1.34025,1.34045,1.60,4.80
2010.10.14 23:40:15.576,1.34025,1.34045,1.60,4.90
2010.10.14 23:40:15.849,1.34025,1.34045,1.60,4.80
2010.10.14 23:40:16.111,1.34025,1.34045,1.60,4.00
2010.10.14 23:40:16.376,1.3402,1.34025,5.00,1.00
2010.10.14 23:40:17.347,1.34035,1.3405,1.00,1.00
2010.10.14 23:40:17.617,1.3403,1.3406,1.60,1.00
2010.10.14 23:40:18.228,1.3403,1.34055,1.00,1.00
2010.10.14 23:40:18.498,1.3403,1.3406,1.60,1.00
2010.10.14 23:40:19.236,1.34025,1.34055,1.00,1.00
2010.10.14 23:40:19.930,1.34025,1.34055,1.60,1.00
2010.10.14 23:40:20.907,1.3402,1.3405,1.60,1.00
2010.10.14 23:40:21.931,1.34015,1.34045,1.60,1.00
2010.10.14 23:40:22.257,1.34015,1.34045,1.00,1.00
2010.10.14 23:40:22.581,1.34015,1.34045,1.60,1.00
2010.10.14 23:40:28.075,1.3402,1.3405,1.60,1.00
2010.10.14 23:40:33.425,1.3403,1.3406,1.60,1.00
2010.10.14 23:40:34.467,1.34035,1.3406,1.00,1.00
2010.10.14 23:40:37.085,1.34035,1.34065,1.60,2.40
2010.10.14 23:40:38.259,1.34035,1.34065,1.60,1.00
2010.10.14 23:40:38.848,1.34035,1.34065,1.60,2.40
2010.10.14 23:40:38.989,1.3403,1.34065,1.60,2.40
2010.10.14 23:40:39.270,1.3403,1.3406,1.60,1.00
2010.10.14 23:40:40.425,1.34035,1.3406,1.00,1.00
2010.10.14 23:40:41.426,1.34035,1.34065,1.60,1.00
2010.10.14 23:40:42.209,1.34035,1.34065,1.00,1.00
2010.10.14 23:40:42.762,1.34035,1.34065,1.00,2.40
2010.10.14 23:40:43.115,1.34035,1.3406,1.00,1.00
2010.10.14 23:40:44.065,1.3403,1.3406,1.60,1.00
2010.10.14 23:40:56.674,1.34035,1.3406,1.00,1.00
2010.10.14 23:41:03.684,1.34035,1.34065,1.60,1.00
2010.10.14 23:41:03.753,1.3404,1.34065,1.60,1.00
2010.10.14 23:41:03.892,1.3404,1.3407,1.60,1.00
2010.10.14 23:41:04.320,1.34045,1.3407,1.60,1.00
2010.10.14 23:41:05.359,1.34045,1.34075,1.60,2.40
2010.10.14 23:41:06.029,1.34045,1.3407,1.60,4.40
2010.10.14 23:41:06.258,1.34035,1.34065,1.00,1.00
2010.10.14 23:41:06.478,1.34035,1.3406,1.00,1.00
2010.10.14 23:41:07.101,1.3404,1.34065,1.00,1.00
2010.10.14 23:41:07.204,1.3404,1.3407,1.60,2.40
2010.10.14 23:41:07.746,1.3404,1.3407,1.60,1.60
2010.10.14 23:41:08.100,1.34045,1.3407,1.60,1.60
2010.10.14 23:41:10.256,1.34045,1.34075,1.60,2.40
2010.10.14 23:41:12.657,1.3405,1.34075,1.00,1.60
2010.10.14 23:41:13.177,1.3405,1.3408,1.60,1.60
2010.10.14 23:41:13.377,1.34055,1.3408,1.00,1.60
2010.10.14 23:41:13.477,1.34055,1.3408,1.60,1.60
2010.10.14 23:41:16.977,1.3407,1.34095,1.00,2.40
2010.10.14 23:41:17.941,1.34065,1.34095,1.00,2.40
2010.10.14 23:41:18.294,1.3406,1.3409,1.60,2.40
2010.10.14 23:41:19.623,1.3406,1.3409,1.60,1.00
2010.10.14 23:41:19.974,1.34065,1.3409,1.00,1.00
2010.10.14 23:41:21.559,1.3406,1.3409,1.60,2.40
2010.10.14 23:41:21.682,1.3406,1.34085,1.00,1.00
2010.10.14 23:41:21.799,1.34055,1.34085,1.60,1.00
2010.10.14 23:41:25.620,1.34065,1.34095,1.60,1.00
2010.10.14 23:41:25.864,1.34065,1.3409,1.00,1.00
2010.10.14 23:41:26.478,1.3406,1.3409,1.60,1.00
2010.10.14 23:41:30.789,1.34055,1.34085,3.20,1.00
2010.10.14 23:41:30.958,1.34055,1.34085,1.60,1.00
2010.10.14 23:41:32.163,1.3406,1.3409,1.00,1.00
2010.10.14 23:41:32.327,1.34065,1.34095,1.00,1.00
2010.10.14 23:41:32.482,1.3407,1.341,1.60,1.00
2010.10.14 23:41:32.981,1.34075,1.341,1.00,1.00
2010.10.14 23:41:33.339,1.34075,1.34105,1.60,1.00
2010.10.14 23:41:34.425,1.3408,1.34105,1.00,1.00
2010.10.14 23:41:34.738,1.3409,1.34115,1.00,1.00
2010.10.14 23:41:35.402,1.34085,1.3411,1.00,1.00
2010.10.14 23:41:35.764,1.34085,1.34115,1.00,1.00
2010.10.14 23:41:36.496,1.3409,1.3412,1.60,2.40
2010.10.14 23:41:36.846,1.3409,1.34115,1.00,1.00
2010.10.14 23:41:37.868,1.34085,1.34115,1.00,1.00
2010.10.14 23:41:38.186,1.34085,1.34115,1.60,1.00
2010.10.14 23:41:39.664,1.34085,1.34115,1.00,1.00
2010.10.14 23:41:41.520,1.34085,1.3411,1.00,1.00
2010.10.14 23:41:41.967,1.34085,1.34115,1.60,1.00
2010.10.14 23:41:43.873,1.34085,1.34115,1.00,1.00
2010.10.14 23:41:44.132,1.3408,1.34115,1.60,1.00
2010.10.14 23:41:44.996,1.3408,1.3411,1.60,1.00
2010.10.14 23:41:45.732,1.34075,1.3411,1.60,1.00
2010.10.14 23:41:45.971,1.3407,1.34105,3.20,1.00
2010.10.14 23:41:46.444,1.3407,1.3409,2.40,1.00
2010.10.14 23:41:46.694,1.3406,1.3408,1.60,1.00
2010.10.14 23:41:47.304,1.3406,1.34075,1.60,1.00
2010.10.14 23:41:47.657,1.3405,1.34075,1.60,1.00
2010.10.14 23:41:48.360,1.3405,1.34075,1.00,1.00
2010.10.14 23:41:50.780,1.34045,1.34075,1.60,1.00
2010.10.14 23:41:51.822,1.34045,1.3408,1.60,1.00
2010.10.14 23:41:52.083,1.34045,1.3408,3.20,1.00
2010.10.14 23:41:52.336,1.3405,1.3408,1.00,1.00
2010.10.14 23:41:52.547,1.34055,1.34085,1.00,1.00
2010.10.14 23:42:02.701,1.34055,1.34085,1.60,1.00
2010.10.14 23:42:02.980,1.3406,1.34095,1.60,1.00
2010.10.14 23:42:04.163,1.34065,1.34095,1.00,1.00
2010.10.14 23:42:05.945,1.3406,1.3409,2.40,1.00
2010.10.14 23:42:09.037,1.3406,1.3409,3.20,1.00
2010.10.14 23:42:09.479,1.34065,1.3409,1.00,1.00
2010.10.14 23:42:10.144,1.3407,1.34105,1.00,1.00
2010.10.14 23:42:10.496,1.34075,1.34105,1.00,1.00
2010.10.14 23:42:10.844,1.34075,1.3411,1.60,1.00
2010.10.14 23:42:12.280,1.34075,1.34105,1.00,1.00
2010.10.14 23:42:16.142,1.3407,1.34105,3.20,1.00
2010.10.14 23:42:19.529,1.34075,1.3411,1.00,1.00
2010.10.14 23:42:19.779,1.34075,1.3411,1.60,1.00
2010.10.14 23:42:21.115,1.3407,1.34095,4.40,1.00
2010.10.14 23:42:21.824,1.3407,1.341,1.00,1.00
2010.10.14 23:42:22.109,1.34065,1.34095,1.60,1.00
2010.10.14 23:42:23.561,1.34055,1.34085,3.20,1.00
2010.10.14 23:42:24.329,1.3406,1.34085,1.00,1.00
2010.10.14 23:42:24.654,1.34065,1.341,2.80,1.00
2010.10.14 23:42:25.309,1.34065,1.341,3.60,1.00
2010.10.14 23:42:27.995,1.3407,1.34095,1.00,1.00
2010.10.14 23:42:30.389,1.34065,1.34095,1.60,1.00
2010.10.14 23:42:31.405,1.34065,1.341,1.60,1.00
2010.10.14 23:42:31.596,1.3407,1.341,1.00,1.00
2010.10.14 23:42:38.679,1.3407,1.34095,1.00,1.00
2010.10.14 23:42:38.837,1.34065,1.34095,1.60,1.00
2010.10.14 23:42:43.876,1.34065,1.341,1.60,1.00
2010.10.14 23:42:46.429,1.34065,1.34095,1.20,1.00
2010.10.14 23:42:46.669,1.3406,1.3409,3.20,1.00
2010.10.14 23:42:47.151,1.34065,1.34095,1.60,1.00
2010.10.14 23:42:49.576,1.34065,1.34095,2.00,1.00
2010.10.14 23:42:50.002,1.34065,1.341,2.00,1.00
2010.10.14 23:42:51.051,1.3407,1.341,1.00,1.00
2010.10.14 23:42:51.208,1.34075,1.34105,1.60,1.00
2010.10.14 23:42:55.408,1.34075,1.34105,1.00,2.80
2010.10.14 23:42:55.557,1.3407,1.34105,1.00,1.00
2010.10.14 23:42:55.709,1.34065,1.34095,1.60,1.00
2010.10.14 23:42:56.203,1.3406,1.3409,1.60,1.00
2010.10.14 23:42:57.160,1.34065,1.34095,1.60,1.00
2010.10.14 23:42:58.550,1.34065,1.341,1.60,1.00
2010.10.14 23:43:06.613,1.34065,1.34095,1.60,1.00
2010.10.14 23:43:07.077,1.3406,1.3409,1.60,1.00
2010.10.14 23:43:16.641,1.3406,1.34085,1.00,1.00
2010.10.14 23:43:17.136,1.34055,1.34085,1.60,1.00
2010.10.14 23:43:17.447,1.34055,1.34085,2.00,1.00
2010.10.14 23:43:27.220,1.3406,1.34085,1.00,1.00
2010.10.14 23:43:30.741,1.34055,1.34085,1.60,1.00
2010.10.14 23:43:33.101,1.34055,1.3409,1.60,1.00
2010.10.14 23:43:33.165,1.34055,1.3409,1.00,1.00
2010.10.14 23:43:33.598,1.34055,1.34075,1.00,1.00
2010.10.14 23:43:33.942,1.3405,1.34075,1.00,1.00
2010.10.14 23:43:34.675,1.3405,1.3407,1.00,1.00
2010.10.14 23:43:36.031,1.3405,1.34075,1.00,1.00
2010.10.14 23:43:38.217,1.3405,1.34075,1.60,1.00
2010.10.14 23:43:38.768,1.3405,1.3408,2.40,1.00
2010.10.14 23:43:45.428,1.34055,1.34085,1.60,1.00
2010.10.14 23:43:48.330,1.34055,1.3409,1.60,1.00
2010.10.14 23:43:48.436,1.3406,1.3409,1.00,1.00
2010.10.14 23:44:00.870,1.34055,1.34085,1.60,1.00
2010.10.14 23:44:11.010,1.34055,1.34085,1.00,1.00
2010.10.14 23:44:11.233,1.3405,1.3407,1.00,1.00
2010.10.14 23:44:12.271,1.3405,1.34065,1.00,1.00
2010.10.14 23:44:41.158,1.34035,1.34065,1.20,1.00
2010.10.14 23:44:41.392,1.34035,1.34065,1.00,1.00
2010.10.14 23:44:41.618,1.34035,1.3406,1.00,1.00
2010.10.14 23:44:45.736,1.34035,1.34065,1.00,1.00
2010.10.14 23:44:47.928,1.34035,1.34065,1.60,1.00
2010.10.14 23:44:57.866,1.3404,1.3407,1.00,2.80
2010.10.14 23:44:57.985,1.3404,1.3407,1.60,2.80
2010.10.14 23:45:00.712,1.34045,1.3407,1.00,2.00
2010.10.14 23:45:01.196,1.34045,1.34075,1.00,3.60
2010.10.14 23:45:01.386,1.34045,1.34075,1.60,3.60
2010.10.14 23:45:02.333,1.3405,1.3408,1.60,2.00
2010.10.14 23:45:08.194,1.3406,1.3409,1.00,2.40
2010.10.14 23:45:08.431,1.34055,1.34085,1.60,2.80
2010.10.14 23:45:09.156,1.3406,1.3409,1.00,4.40
2010.10.14 23:45:10.818,1.3405,1.3408,1.60,2.80
2010.10.14 23:45:15.711,1.3405,1.34075,1.00,2.00
2010.10.14 23:45:24.530,1.34045,1.3407,1.00,1.00
2010.10.14 23:45:25.184,1.3404,1.3407,1.60,1.00
2010.10.14 23:45:29.621,1.3404,1.34065,1.00,1.00
2010.10.14 23:45:29.839,1.34035,1.34065,1.60,1.00
2010.10.14 23:45:57.859,1.3404,1.34065,1.00,1.00
2010.10.14 23:46:06.365,1.3404,1.3407,1.60,1.00
2010.10.14 23:46:14.637,1.34045,1.3407,1.00,1.00
2010.10.14 23:46:21.758,1.34045,1.3407,1.00,2.80
2010.10.14 23:46:24.578,1.3404,1.3407,1.60,2.80
2010.10.14 23:46:24.652,1.3404,1.3407,1.60,1.00
2010.10.14 23:46:26.243,1.3404,1.34075,1.60,2.80
2010.10.14 23:46:27.266,1.3405,1.3408,1.60,1.00
2010.10.14 23:46:27.623,1.3404,1.3407,1.60,1.00
2010.10.14 23:46:28.337,1.34035,1.3407,1.60,2.80
2010.10.14 23:46:28.682,1.3403,1.3406,1.00,1.00
2010.10.14 23:46:29.665,1.34025,1.34055,1.60,1.00
2010.10.14 23:46:34.159,1.3403,1.3406,1.60,1.00
2010.10.14 23:46:40.008,1.34035,1.3406,1.00,1.00
2010.10.14 23:46:41.776,1.34035,1.3406,3.20,1.00
2010.10.14 23:46:42.239,1.3405,1.34075,1.60,2.80
2010.10.14 23:46:42.467,1.3405,1.34075,2.40,2.40
2010.10.14 23:46:42.971,1.3404,1.34065,1.20,1.00
2010.10.14 23:46:43.588,1.3404,1.34065,1.00,1.00
2010.10.14 23:46:45.640,1.34055,1.34075,2.40,2.00
2010.10.14 23:46:45.895,1.34065,1.34095,1.00,1.20
2010.10.14 23:46:46.146,1.34065,1.34095,1.00,1.00
2010.10.14 23:46:47.000,1.3406,1.3409,1.60,1.00
2010.10.14 23:46:47.336,1.3406,1.34085,1.00,1.00
2010.10.14 23:46:49.410,1.3406,1.3409,1.60,1.00
2010.10.14 23:46:52.690,1.3406,1.3409,1.00,1.00
2010.10.14 23:46:53.054,1.3406,1.34085,1.60,1.00
2010.10.14 23:46:53.406,1.34065,1.34095,1.00,2.40
2010.10.14 23:46:54.132,1.3406,1.34095,1.60,6.80
2010.10.14 23:46:54.465,1.3406,1.3409,1.60,1.00
2010.10.14 23:46:57.071,1.3406,1.3409,1.00,1.00
2010.10.14 23:46:57.741,1.34055,1.34085,1.60,1.00
2010.10.14 23:46:57.903,1.34055,1.3409,1.60,2.40
2010.10.14 23:46:58.255,1.3406,1.3409,1.60,1.00
2010.10.14 23:47:01.261,1.3406,1.3409,1.60,2.40
2010.10.14 23:47:07.077,1.3406,1.34085,1.60,3.20
2010.10.14 23:47:07.243,1.3406,1.34085,1.00,1.60
2010.10.14 23:47:07.411,1.3406,1.34085,1.60,1.00
2010.10.14 23:47:07.578,1.3406,1.3409,1.60,2.40
2010.10.14 23:47:10.968,1.34065,1.34095,1.60,1.00
2010.10.14 23:47:13.085,1.34065,1.34095,1.60,1.60
2010.10.14 23:47:17.459,1.3407,1.34095,1.60,1.00
2010.10.14 23:47:18.612,1.34075,1.341,1.00,2.80
2010.10.14 23:47:18.870,1.34075,1.341,1.00,1.00
2010.10.14 23:47:19.525,1.34075,1.34105,1.00,3.20
2010.10.14 23:47:20.766,1.34075,1.34105,1.00,1.60
2010.10.14 23:47:28.633,1.34075,1.34105,1.00,2.40
2010.10.14 23:47:40.783,1.34075,1.34105,1.00,3.20
2010.10.14 23:47:40.818,1.34075,1.34105,1.00,5.20
2010.10.14 23:47:41.186,1.34075,1.34105,1.00,5.60
2010.10.14 23:47:44.644,1.3407,1.341,1.60,2.80
2010.10.14 23:47:44.827,1.3407,1.341,1.60,1.00
2010.10.14 23:47:52.685,1.3407,1.341,1.60,1.60
2010.10.14 23:47:52.867,1.34065,1.341,1.60,5.60
2010.10.14 23:48:01.135,1.34065,1.34095,1.60,1.00
2010.10.14 23:48:02.423,1.3407,1.341,1.00,2.40
2010.10.14 23:48:07.669,1.34075,1.34105,1.60,3.20
2010.10.14 23:48:07.877,1.34075,1.34105,1.60,2.40
2010.10.14 23:48:08.700,1.34075,1.34105,1.60,1.60
2010.10.14 23:48:08.810,1.3408,1.34105,1.00,1.60
2010.10.14 23:48:09.374,1.34085,1.34105,1.60,1.60
2010.10.14 23:48:09.484,1.34085,1.3411,1.60,1.60
2010.10.14 23:48:12.058,1.3409,1.3412,1.60,2.40
2010.10.14 23:48:12.628,1.3409,1.34115,1.00,1.00
2010.10.14 23:48:15.739,1.3409,1.3411,1.00,1.00
2010.10.14 23:48:16.012,1.3408,1.3411,1.60,1.00
2010.10.14 23:48:16.252,1.34085,1.3411,1.00,1.00
2010.10.14 23:48:16.630,1.34085,1.34115,1.60,1.00
2010.10.14 23:48:17.669,1.34085,1.3411,1.60,1.00
2010.10.14 23:48:17.867,1.34085,1.3411,1.60,2.40
2010.10.14 23:48:18.656,1.34085,1.3411,1.60,1.00
2010.10.14 23:48:18.829,1.34085,1.3411,1.00,1.00
2010.10.14 23:48:19.346,1.3409,1.34115,1.00,1.20
2010.10.14 23:48:19.490,1.3409,1.34115,1.00,1.00
2010.10.14 23:48:19.630,1.34085,1.34115,1.60,1.00
2010.10.14 23:48:21.254,1.34085,1.34115,1.60,2.40
2010.10.14 23:48:21.358,1.3409,1.34115,1.00,2.40
2010.10.14 23:48:21.459,1.34095,1.3412,1.60,1.00
2010.10.14 23:48:21.859,1.34095,1.3412,2.40,1.00
2010.10.14 23:48:22.636,1.341,1.3413,2.40,1.00
2010.10.14 23:48:25.364,1.341,1.3413,1.60,1.00
2010.10.14 23:48:25.616,1.341,1.3413,1.00,1.00
2010.10.14 23:48:28.986,1.341,1.3413,2.40,1.00
2010.10.14 23:48:30.296,1.341,1.3413,3.20,1.00
2010.10.14 23:48:31.544,1.34105,1.34135,1.00,1.00
2010.10.14 23:48:31.957,1.34105,1.34135,1.60,1.00
2010.10.14 23:48:32.567,1.34105,1.34135,1.60,1.60
2010.10.14 23:48:32.862,1.341,1.3413,2.40,1.00
2010.10.14 23:48:33.148,1.341,1.3413,2.40,1.20
2010.10.14 23:48:34.387,1.341,1.3413,1.60,1.20
2010.10.14 23:48:35.168,1.341,1.3413,2.40,1.20
2010.10.14 23:48:35.408,1.34105,1.3413,1.60,1.00
2010.10.14 23:48:35.932,1.3411,1.34135,1.00,1.00
2010.10.14 23:48:38.144,1.34105,1.34135,1.00,1.60
2010.10.14 23:48:38.473,1.34105,1.34135,1.00,2.00
2010.10.14 23:48:38.644,1.34105,1.34135,1.60,1.60
2010.10.14 23:48:39.185,1.3411,1.3414,1.60,2.00
2010.10.14 23:48:39.529,1.3411,1.34135,1.00,1.00
2010.10.14 23:48:39.867,1.34105,1.34135,1.60,1.00
2010.10.14 23:48:42.916,1.3411,1.3414,1.00,2.00
2010.10.14 23:48:44.070,1.3411,1.3414,1.00,1.20
2010.10.14 23:48:44.319,1.34115,1.3414,1.00,1.00
2010.10.14 23:48:44.608,1.34115,1.34145,1.00,2.40
2010.10.14 23:48:45.086,1.34115,1.3414,1.00,1.00
2010.10.14 23:48:46.484,1.34115,1.34145,1.60,1.00
2010.10.14 23:48:47.310,1.34115,1.3414,1.00,1.00
2010.10.14 23:49:00.495,1.3411,1.3414,1.60,1.00
2010.10.14 23:49:02.610,1.34115,1.3414,1.00,1.00
2010.10.14 23:49:09.525,1.34115,1.34145,1.60,1.60
2010.10.14 23:49:10.556,1.34115,1.3414,1.00,1.00
2010.10.14 23:49:12.957,1.3411,1.3414,1.60,1.00
2010.10.14 23:49:14.898,1.3411,1.3414,1.60,1.20
2010.10.14 23:49:15.419,1.3411,1.3414,1.60,1.00
2010.10.14 23:49:17.129,1.3411,1.34135,1.00,1.00
2010.10.14 23:49:17.248,1.34105,1.34135,2.40,1.00
2010.10.14 23:49:17.616,1.34105,1.3413,2.40,1.00
2010.10.14 23:49:31.645,1.34105,1.34135,3.20,1.00
2010.10.14 23:49:38.448,1.3411,1.34135,1.00,1.00
2010.10.14 23:49:38.902,1.3411,1.3414,1.60,1.00
2010.10.14 23:49:39.129,1.3411,1.3414,1.60,1.60
2010.10.14 23:49:39.683,1.3411,1.3414,1.00,1.60
2010.10.14 23:49:39.902,1.34105,1.34135,1.60,1.00
2010.10.14 23:49:44.430,1.3411,1.34135,1.00,1.00
2010.10.14 23:49:54.020,1.34105,1.34135,3.20,1.00
2010.10.14 23:49:54.325,1.341,1.3413,4.00,1.00
2010.10.14 23:50:10.338,1.34105,1.3413,1.00,1.00
2010.10.14 23:50:12.158,1.34105,1.34135,1.00,1.00
2010.10.14 23:50:12.977,1.34105,1.34135,1.60,1.00
2010.10.14 23:50:13.651,1.34105,1.34135,3.20,1.00
2010.10.14 23:50:18.087,1.3411,1.3414,1.00,1.00
2010.10.14 23:50:18.277,1.3411,1.3414,1.60,1.00
2010.10.14 23:50:40.048,1.3411,1.34145,1.60,2.40
2010.10.14 23:50:40.367,1.34115,1.34145,1.00,2.40
2010.10.14 23:50:42.233,1.34115,1.34145,1.60,2.40
2010.10.14 23:50:47.190,1.34115,1.34145,1.00,2.40
2010.10.14 23:50:47.557,1.3411,1.34145,1.60,2.40
2010.10.14 23:50:47.647,1.3411,1.3414,1.60,1.60
2010.10.14 23:50:48.077,1.3411,1.3414,1.60,2.40
2010.10.14 23:51:00.834,1.34115,1.3414,1.00,1.60
2010.10.14 23:51:14.900,1.34115,1.3414,1.60,1.60
2010.10.14 23:51:15.560,1.34115,1.3414,1.00,1.00
2010.10.14 23:51:21.022,1.34115,1.34145,1.60,1.00
2010.10.14 23:51:21.297,1.3412,1.3415,2.40,1.00
2010.10.14 23:51:21.550,1.3412,1.3415,3.20,1.00
2010.10.14 23:51:39.858,1.34115,1.34145,3.20,1.00
2010.10.14 23:51:43.798,1.3412,1.34145,1.60,1.00
2010.10.14 23:51:46.135,1.3412,1.3415,3.20,1.00
2010.10.14 23:51:46.921,1.34125,1.34155,1.00,1.00
2010.10.14 23:51:47.275,1.3413,1.34155,1.60,1.00
2010.10.14 23:51:56.368,1.3413,1.34155,2.40,1.00
2010.10.14 23:51:56.710,1.3413,1.3416,2.40,1.00
2010.10.14 23:51:58.821,1.3413,1.3415,2.40,1.00
2010.10.14 23:51:59.357,1.34115,1.3414,2.00,1.00
2010.10.14 23:51:59.551,1.34105,1.34125,1.60,1.00
2010.10.14 23:52:02.230,1.3411,1.34125,1.00,1.00
2010.10.14 23:52:02.587,1.3411,1.3414,1.00,1.00
2010.10.14 23:52:02.707,1.3411,1.3414,2.40,1.00
2010.10.14 23:52:04.578,1.3411,1.3414,1.00,1.00
2010.10.14 23:52:05.142,1.34105,1.3413,1.60,1.00
2010.10.14 23:52:05.530,1.341,1.3413,2.40,1.00
2010.10.14 23:52:07.060,1.34105,1.3413,1.00,1.00
2010.10.14 23:52:09.986,1.3411,1.3413,1.60,1.00
2010.10.14 23:52:10.057,1.34115,1.3413,1.60,1.00
2010.10.14 23:52:10.129,1.34115,1.34135,1.60,1.60
2010.10.14 23:52:10.198,1.34115,1.34145,1.60,1.00
2010.10.14 23:52:10.267,1.34115,1.34145,2.40,1.00
2010.10.14 23:52:10.476,1.34115,1.34145,4.00,1.00
2010.10.14 23:52:10.687,1.34115,1.34145,3.20,1.00
2010.10.14 23:52:11.068,1.34115,1.34135,3.20,1.00
2010.10.14 23:52:11.287,1.3411,1.34135,1.60,1.00
2010.10.14 23:52:12.437,1.3411,1.3413,1.60,1.00
2010.10.14 23:52:13.368,1.34105,1.3413,1.60,1.00
2010.10.14 23:52:13.969,1.341,1.3413,3.20,1.00
2010.10.14 23:52:16.989,1.341,1.34125,1.00,1.00
2010.10.14 23:52:17.321,1.341,1.34125,1.00,2.40
2010.10.14 23:52:20.476,1.341,1.34125,1.00,1.00
2010.10.14 23:52:21.879,1.341,1.3413,1.60,2.40
2010.10.14 23:52:23.262,1.341,1.34125,1.00,1.00
2010.10.14 23:52:25.230,1.34115,1.34125,1.60,1.00
2010.10.14 23:52:25.418,1.34115,1.34135,1.60,1.00
2010.10.14 23:52:25.749,1.3411,1.34135,1.00,1.00
2010.10.14 23:52:25.898,1.3411,1.3413,1.00,1.00
2010.10.14 23:52:26.049,1.34095,1.34125,2.40,1.00
2010.10.14 23:52:26.199,1.34105,1.34125,1.00,1.00
2010.10.14 23:52:26.347,1.34095,1.34125,1.60,1.00
2010.10.14 23:52:28.087,1.341,1.3413,1.60,2.40
2010.10.14 23:52:42.569,1.341,1.3413,1.60,1.00
2010.10.14 23:52:42.632,1.3411,1.34135,1.60,1.60
2010.10.14 23:52:42.879,1.3411,1.3414,1.60,2.40
2010.10.14 23:52:43.448,1.34115,1.3414,1.00,2.40
2010.10.14 23:52:46.427,1.34125,1.3414,1.60,2.40
2010.10.14 23:52:46.710,1.34125,1.3415,1.60,1.00
2010.10.14 23:52:46.847,1.34125,1.3415,1.60,1.60
2010.10.14 23:52:46.987,1.34125,1.3415,1.60,4.00
2010.10.14 23:52:47.138,1.3412,1.3415,3.20,4.00
2010.10.14 23:52:47.288,1.34115,1.3414,2.00,1.00
2010.10.14 23:52:48.015,1.34115,1.3414,1.60,1.00
2010.10.14 23:52:48.302,1.34115,1.3414,1.00,1.00
2010.10.14 23:52:52.027,1.3411,1.3414,3.20,1.00
2010.10.14 23:52:56.117,1.3411,1.34135,2.40,1.00
2010.10.14 23:52:56.303,1.3411,1.34135,1.60,1.00
2010.10.14 23:52:56.758,1.3411,1.34135,3.20,1.00
2010.10.14 23:52:57.104,1.3411,1.3414,3.20,1.00
2010.10.14 23:53:07.778,1.3412,1.3414,1.60,1.00
2010.10.14 23:53:07.959,1.34125,1.34145,1.60,1.60
2010.10.14 23:53:08.138,1.34125,1.3415,3.20,1.00
2010.10.14 23:53:09.948,1.34125,1.3415,2.40,1.00
2010.10.14 23:53:10.119,1.3412,1.3414,1.60,1.00
2010.10.14 23:53:10.210,1.3412,1.3414,1.00,1.00
2010.10.14 23:53:10.299,1.34115,1.3414,2.00,1.00
2010.10.14 23:53:10.477,1.34115,1.3414,1.60,1.00
2010.10.14 23:53:16.026,1.3411,1.34135,1.60,1.00
2010.10.14 23:53:16.376,1.341,1.34125,2.40,1.00
2010.10.14 23:53:18.205,1.34085,1.34115,2.40,1.00
2010.10.14 23:53:18.905,1.34085,1.3412,3.20,1.00
2010.10.14 23:53:19.151,1.34085,1.3412,3.20,2.40
2010.10.14 23:53:19.565,1.3409,1.3412,1.00,2.40
2010.10.14 23:53:23.302,1.3409,1.3412,1.60,2.40
2010.10.14 23:53:24.680,1.34085,1.34115,1.60,1.00
2010.10.14 23:53:24.819,1.34105,1.34125,1.60,1.00
2010.10.14 23:53:24.950,1.34105,1.34125,3.20,1.00
2010.10.14 23:53:25.370,1.34105,1.3413,3.20,1.00
2010.10.14 23:53:25.640,1.34105,1.3413,4.20,1.00
2010.10.14 23:53:25.780,1.34105,1.3413,5.00,1.00
2010.10.14 23:53:26.118,1.3411,1.3414,1.60,1.00
2010.10.14 23:53:27.997,1.3411,1.3414,2.40,1.00
2010.10.14 23:53:28.949,1.3411,1.34135,1.60,2.40
2010.10.14 23:53:29.007,1.34105,1.34135,2.40,3.20
2010.10.14 23:53:29.067,1.34105,1.3413,1.60,1.00
2010.10.14 23:53:31.079,1.3411,1.3413,1.00,1.00
2010.10.14 23:53:31.917,1.34105,1.3413,4.20,1.00
2010.10.14 23:53:32.400,1.3411,1.3413,1.00,1.00
2010.10.14 23:53:32.478,1.3411,1.3414,1.00,1.00
2010.10.14 23:53:32.640,1.3411,1.3414,2.60,1.00
2010.10.14 23:53:34.427,1.3411,1.3414,2.40,1.00
2010.10.14 23:53:35.029,1.3411,1.34135,2.40,1.00
2010.10.14 23:53:36.977,1.34105,1.34135,4.00,1.00
2010.10.14 23:53:37.301,1.34105,1.34125,3.20,1.00
2010.10.14 23:53:40.397,1.34105,1.34125,3.40,1.00
2010.10.14 23:53:52.954,1.34105,1.34125,4.20,1.00
2010.10.14 23:53:53.093,1.34105,1.34125,1.60,1.00
2010.10.14 23:53:53.230,1.34105,1.3412,1.60,1.00
2010.10.14 23:53:53.913,1.34105,1.3413,1.80,2.40
2010.10.14 23:53:54.271,1.3411,1.3413,1.00,1.00
2010.10.14 23:53:55.005,1.34105,1.34135,2.60,1.00
2010.10.14 23:53:55.334,1.34105,1.3413,4.20,1.00
2010.10.14 23:53:57.289,1.34125,1.3415,1.00,3.60
2010.10.14 23:53:57.493,1.34125,1.3415,1.60,3.60
2010.10.14 23:53:57.955,1.34125,1.3415,1.60,1.60
2010.10.14 23:53:58.072,1.34125,1.34155,1.80,1.00
2010.10.14 23:53:58.426,1.34125,1.34155,1.60,1.00
2010.10.14 23:53:59.124,1.34125,1.34155,1.00,1.00
2010.10.14 23:53:59.779,1.3412,1.34155,4.00,1.00
2010.10.14 23:54:00.908,1.34125,1.3415,1.60,1.00
2010.10.14 23:54:05.114,1.3414,1.3415,1.60,1.00
2010.10.14 23:54:05.285,1.3414,1.3416,4.00,1.00
2010.10.14 23:54:05.456,1.3414,1.3416,4.00,1.00
2010.10.14 23:54:06.337,1.3414,1.3415,4.00,1.00
2010.10.14 23:54:06.445,1.3414,1.3415,1.00,1.00
2010.10.14 23:54:06.725,1.3412,1.3415,2.40,1.00
2010.10.14 23:54:09.652,1.3414,1.3416,4.80,1.00
2010.10.14 23:54:09.901,1.3414,1.3416,4.80,2.30
2010.10.14 23:54:10.122,1.3414,1.3415,1.60,1.00
2010.10.14 23:54:10.345,1.34125,1.3415,1.00,1.00
2010.10.14 23:54:11.475,1.3412,1.3415,9.20,1.00
2010.10.14 23:54:11.781,1.3414,1.34155,4.80,1.00
2010.10.14 23:54:11.927,1.3414,1.34155,4.00,1.00
2010.10.14 23:54:12.737,1.34125,1.3415,1.80,1.00
2010.10.14 23:54:13.725,1.34125,1.3415,1.60,1.00
2010.10.14 23:54:14.503,1.3413,1.34155,1.00,1.00
2010.10.14 23:54:15.812,1.34125,1.34155,2.40,1.00
2010.10.14 23:54:20.833,1.34125,1.34155,2.40,2.40
2010.10.14 23:54:34.326,1.34125,1.3415,2.40,1.00
2010.10.14 23:54:34.416,1.34125,1.3415,1.60,1.00
2010.10.14 23:54:54.502,1.34125,1.3415,1.60,7.60
2010.10.14 23:54:54.647,1.34115,1.34145,3.20,1.80
2010.10.14 23:54:54.809,1.3411,1.3414,2.40,1.00
2010.10.14 23:54:55.277,1.3411,1.34135,1.60,1.00
2010.10.14 23:54:55.443,1.34105,1.3413,2.40,1.00
2010.10.14 23:55:07.743,1.3411,1.3413,1.60,1.60
2010.10.14 23:55:08.956,1.3411,1.34135,1.60,1.60
2010.10.14 23:55:09.104,1.3411,1.34135,1.00,2.40
2010.10.14 23:55:10.084,1.34105,1.34135,1.00,2.40
2010.10.14 23:55:10.717,1.341,1.3413,1.00,1.00
2010.10.14 23:55:16.346,1.341,1.3413,1.00,3.20
2010.10.14 23:55:16.477,1.34095,1.3413,2.40,8.00
2010.10.14 23:55:16.873,1.34095,1.34125,1.60,1.00
2010.10.14 23:55:17.575,1.34075,1.34105,3.20,1.00
2010.10.14 23:55:18.291,1.34075,1.34095,1.60,1.00
2010.10.14 23:55:18.644,1.34065,1.34095,2.40,1.00
2010.10.14 23:55:19.932,1.34065,1.34095,3.20,1.00
2010.10.14 23:55:20.172,1.3407,1.341,3.20,1.00
2010.10.14 23:55:27.630,1.34065,1.34095,3.20,1.00
2010.10.14 23:55:27.967,1.3407,1.34095,1.00,1.00
2010.10.14 23:55:31.242,1.34065,1.34095,2.40,1.00
2010.10.14 23:55:32.160,1.3406,1.34085,1.60,1.00
2010.10.14 23:55:34.766,1.3406,1.34085,2.40,1.00
2010.10.14 23:55:37.394,1.3406,1.3409,3.20,1.00
2010.10.14 23:55:37.594,1.3406,1.3409,3.20,2.40
2010.10.14 23:55:39.037,1.3406,1.34085,1.60,1.00
2010.10.14 23:55:39.551,1.3405,1.3408,1.60,2.40
2010.10.14 23:55:39.816,1.34055,1.3408,1.60,1.60
2010.10.14 23:55:43.537,1.3405,1.3408,1.60,2.40
2010.10.14 23:55:44.151,1.34045,1.34075,1.00,2.40
2010.10.14 23:55:44.404,1.3404,1.3407,1.60,2.40
2010.10.14 23:55:44.985,1.34035,1.34065,3.20,1.00
2010.10.14 23:55:46.007,1.34035,1.3406,2.40,1.00
2010.10.14 23:55:46.944,1.34025,1.34055,1.60,1.00
2010.10.14 23:55:47.115,1.3403,1.34055,1.60,1.00
2010.10.14 23:55:47.826,1.3403,1.34045,1.60,1.00
2010.10.14 23:55:48.175,1.34015,1.3404,1.00,1.00
2010.10.14 23:55:48.709,1.34015,1.3404,3.20,1.00
2010.10.14 23:55:49.064,1.34015,1.34035,1.60,1.00
2010.10.14 23:55:50.414,1.3399,1.3402,3.20,1.00
2010.10.14 23:55:50.739,1.33995,1.3402,1.60,1.00
2010.10.14 23:55:51.790,1.33995,1.34015,1.60,1.00
2010.10.14 23:55:52.125,1.3399,1.34015,1.60,1.00
2010.10.14 23:55:52.855,1.3399,1.34025,5.20,1.00
2010.10.14 23:55:53.137,1.3399,1.34025,3.60,1.00
2010.10.14 23:55:53.768,1.3399,1.3402,2.40,1.00
2010.10.14 23:55:54.066,1.33995,1.34025,1.60,1.00
2010.10.14 23:55:54.412,1.33995,1.3403,1.60,2.40
2010.10.14 23:55:55.121,1.33995,1.34025,3.20,1.00
2010.10.14 23:55:55.388,1.34,1.34025,1.00,2.40
2010.10.14 23:55:57.122,1.34005,1.3403,1.00,1.60
2010.10.14 23:55:57.477,1.3401,1.3403,1.60,1.60
2010.10.14 23:55:58.004,1.34015,1.3404,1.00,1.60
2010.10.14 23:55:58.202,1.3401,1.34035,1.60,1.60
2010.10.14 23:55:59.302,1.34015,1.34035,1.60,1.60
2010.10.14 23:56:00.531,1.34015,1.3404,1.60,1.60
2010.10.14 23:56:02.274,1.34035,1.3406,1.60,1.60
2010.10.14 23:56:02.623,1.3404,1.34065,1.00,1.00
2010.10.14 23:56:03.036,1.34035,1.34065,1.60,1.00
2010.10.14 23:56:03.416,1.34035,1.34065,3.20,2.40
2010.10.14 23:56:04.311,1.34035,1.34065,1.60,2.40
2010.10.14 23:56:04.540,1.3404,1.3406,1.00,1.60
2010.10.14 23:56:08.406,1.3404,1.34065,1.00,1.00
2010.10.14 23:56:08.477,1.3404,1.3407,1.60,2.40
2010.10.14 23:56:08.550,1.34045,1.3407,1.00,2.40
2010.10.14 23:56:09.291,1.34055,1.3408,1.00,1.60
2010.10.14 23:56:09.640,1.34055,1.3408,1.60,1.60
2010.10.14 23:56:11.354,1.34055,1.34085,1.60,2.40
2010.10.14 23:56:12.196,1.34055,1.3408,1.60,1.00
2010.10.14 23:56:12.540,1.3405,1.3408,3.20,1.00
2010.10.14 23:56:14.460,1.3405,1.3408,1.60,1.00
2010.10.14 23:56:14.744,1.3405,1.34075,1.00,1.00
2010.10.14 23:56:16.725,1.3405,1.34075,1.60,1.00
2010.10.14 23:56:17.514,1.3405,1.3408,3.20,2.40
2010.10.14 23:56:33.663,1.34055,1.3408,1.00,1.00
2010.10.14 23:56:34.374,1.34055,1.34085,3.20,1.00
2010.10.14 23:56:43.597,1.3406,1.3409,1.00,2.40
2010.10.14 23:56:43.998,1.3406,1.3409,1.60,2.40
2010.10.14 23:56:44.724,1.34055,1.3408,1.60,1.00
2010.10.14 23:56:46.282,1.34055,1.3407,1.60,1.00
2010.10.14 23:56:46.610,1.3403,1.3406,1.00,2.40
2010.10.14 23:56:46.935,1.34025,1.34055,3.20,1.00
2010.10.14 23:56:47.841,1.34025,1.34055,2.40,1.00
2010.10.14 23:56:48.188,1.34025,1.34055,3.20,1.00
2010.10.14 23:56:51.337,1.34035,1.3406,1.00,1.60
2010.10.14 23:56:51.634,1.34035,1.3406,1.00,2.40
2010.10.14 23:56:54.734,1.3403,1.3406,1.60,2.40
2010.10.14 23:56:56.284,1.34035,1.3406,1.00,2.40
2010.10.14 23:56:58.059,1.3403,1.34055,1.00,1.00
2010.10.14 23:56:58.779,1.3403,1.34055,1.00,2.40
2010.10.14 23:57:05.375,1.34025,1.34055,1.60,2.40
2010.10.14 23:57:05.534,1.34025,1.3405,1.60,1.60
2010.10.14 23:57:32.195,1.34025,1.3405,1.60,1.60
2010.10.14 23:57:36.121,1.34025,1.3405,1.00,1.60
2010.10.14 23:57:36.359,1.3402,1.3405,3.20,2.40
2010.10.14 23:57:40.589,1.3402,1.3405,1.60,1.00
2010.10.14 23:57:42.054,1.3402,1.34055,1.60,2.40
2010.10.14 23:57:42.215,1.34025,1.34055,1.00,2.40
2010.10.14 23:57:46.551,1.3402,1.3405,1.60,1.00
2010.10.14 23:57:50.185,1.3402,1.3405,1.00,1.00
2010.10.14 23:57:50.829,1.3402,1.3405,1.00,2.40
2010.10.14 23:57:53.079,1.34015,1.34045,4.00,1.00
2010.10.14 23:57:53.302,1.3401,1.3404,4.00,1.00
2010.10.14 23:57:53.519,1.3401,1.34035,1.60,1.00
2010.10.14 23:57:53.925,1.34005,1.34035,1.60,1.00
2010.10.14 23:57:54.143,1.34005,1.34035,1.00,1.00
2010.10.14 23:57:54.497,1.34,1.3403,4.00,1.00
2010.10.14 23:57:55.435,1.34005,1.3403,1.00,1.00
2010.10.14 23:57:55.777,1.34005,1.34035,1.00,1.00
2010.10.14 23:57:56.745,1.34005,1.34035,1.00,1.60
2010.10.14 23:57:57.041,1.34005,1.3403,1.00,1.00
2010.10.14 23:57:57.323,1.34,1.34025,1.00,1.60
2010.10.14 23:57:58.365,1.3399,1.3402,1.60,1.00
2010.10.14 23:57:58.672,1.3399,1.3402,1.60,2.40
2010.10.14 23:57:59.367,1.33995,1.34015,1.00,1.00
2010.10.14 23:57:59.717,1.3398,1.3401,1.00,1.00
2010.10.14 23:58:00.444,1.3398,1.34015,1.60,2.40
2010.10.14 23:58:00.792,1.33975,1.3401,1.00,1.60
2010.10.14 23:58:01.531,1.3398,1.3401,1.00,1.60
2010.10.14 23:58:01.884,1.33985,1.3401,1.00,1.60
2010.10.14 23:58:03.703,1.3398,1.3401,1.00,2.40
2010.10.14 23:58:04.057,1.3398,1.34005,1.60,1.60
2010.10.14 23:58:07.670,1.3399,1.34005,1.60,1.60
2010.10.14 23:58:07.799,1.34,1.34015,1.00,1.60
2010.10.14 23:58:08.533,1.33995,1.3402,1.60,1.60
2010.10.14 23:58:10.286,1.34,1.3402,1.60,1.60
2010.10.14 23:58:10.445,1.34005,1.34025,1.00,1.60
2010.10.14 23:58:10.947,1.34005,1.34025,1.60,1.60
2010.10.14 23:58:11.248,1.34005,1.3403,1.60,1.60
2010.10.14 23:58:11.401,1.34005,1.3403,1.00,1.60
2010.10.14 23:58:12.116,1.34005,1.3403,1.60,1.60
2010.10.14 23:58:12.474,1.34005,1.34025,1.60,1.60
2010.10.14 23:58:13.193,1.3401,1.3403,1.00,1.60
2010.10.14 23:58:13.542,1.3401,1.3403,1.60,1.60
2010.10.14 23:58:15.513,1.3401,1.3404,1.60,2.40
2010.10.14 23:58:15.647,1.3401,1.3404,1.00,2.40
2010.10.14 23:58:15.990,1.3401,1.34035,1.00,1.60
2010.10.14 23:58:16.341,1.3401,1.34035,1.60,1.60
2010.10.14 23:58:18.155,1.3401,1.34035,1.00,1.60
2010.10.14 23:58:19.606,1.3401,1.3403,1.00,2.40
2010.10.14 23:58:21.002,1.3401,1.3403,1.60,1.00
2010.10.14 23:58:22.215,1.34015,1.3404,1.60,5.20
2010.10.14 23:58:22.521,1.34015,1.3404,1.60,7.40
2010.10.14 23:58:22.815,1.34005,1.34035,1.60,1.00
2010.10.14 23:58:23.737,1.34005,1.34035,1.60,4.00
2010.10.14 23:58:24.084,1.34005,1.3403,1.60,2.40
2010.10.14 23:58:30.851,1.34005,1.34025,1.60,1.00
2010.10.14 23:58:31.224,1.34005,1.34025,1.60,1.60
2010.10.14 23:58:37.022,1.34005,1.34025,1.00,1.60
2010.10.14 23:58:40.480,1.34005,1.34025,1.00,3.20
2010.10.14 23:58:46.257,1.34,1.34025,1.60,3.20
2010.10.14 23:58:48.187,1.34005,1.34025,1.60,3.20
2010.10.14 23:58:49.585,1.34,1.34025,1.60,3.20
2010.10.14 23:58:51.307,1.34,1.34025,1.00,3.20
2010.10.14 23:58:51.926,1.34,1.34025,1.00,4.00
2010.10.14 23:59:00.497,1.34,1.34025,1.60,3.20
2010.10.14 23:59:00.751,1.34005,1.34025,1.00,3.20
2010.10.14 23:59:05.038,1.34005,1.34025,1.60,3.20
2010.10.14 23:59:05.365,1.34005,1.34025,1.60,1.60
2010.10.14 23:59:05.526,1.3401,1.34025,1.00,1.60
2010.10.14 23:59:06.270,1.3401,1.34025,1.00,3.20
2010.10.14 23:59:15.065,1.3401,1.34025,1.00,1.60
2010.10.14 23:59:16.618,1.3401,1.34025,1.60,1.60
2010.10.14 23:59:17.513,1.34015,1.34025,1.60,1.00
2010.10.14 23:59:20.477,1.34015,1.34025,1.00,1.00
2010.10.14 23:59:40.482,1.3401,1.34025,1.00,1.00
2010.10.14 23:59:42.596,1.3401,1.34025,1.60,1.00
2010.10.14 23:59:43.263,1.34015,1.34025,1.00,1.00
2010.10.14 23:59:45.974,1.3401,1.34025,1.60,1.00
2010.10.14 23:59:49.183,1.3402,1.3403,1.00,1.00
2010.10.14 23:59:49.347,1.3402,1.34035,1.00,4.40
2010.10.14 23:59:49.506,1.3402,1.34035,1.00,4.00
2010.10.14 23:59:50.511,1.34025,1.34035,1.00,3.60
2010.10.14 23:59:50.858,1.34025,1.34035,1.60,1.00
2010.10.14 23:59:53.459,1.34025,1.34035,1.00,1.00
2010.10.14 23:59:56.315,1.34025,1.34045,1.00,1.60
2010.10.14 23:59:58.264,1.34025,1.3405,1.00,1.60
2010.10.14 23:59:58.716,1.3402,1.3405,1.60,2.40
2010.10.14 23:59:59.820,1.3402,1.3405,3.20,3.20
