2015.06.08 19:00:00.154,1.04767,1.04787,1.00,1.12
2015.06.08 19:00:00.418,1.04763,1.04784,1.50,1.00
2015.06.08 19:00:00.622,1.04767,1.04787,1.00,1.00
2015.06.08 19:00:00.724,1.04768,1.0479,2.25,1.00
2015.06.08 19:00:00.775,1.04774,1.0479,1.00,1.00
2015.06.08 19:00:00.827,1.04775,1.04796,1.00,1.00
2015.06.08 19:00:00.878,1.04782,1.04796,1.00,1.00
2015.06.08 19:00:00.929,1.04782,1.04799,1.00,1.00
2015.06.08 19:00:00.980,1.04787,1.04801,1.00,1.00
2015.06.08 19:00:01.134,1.04787,1.04809,1.50,1.00
2015.06.08 19:00:01.185,1.0479,1.04809,1.00,1.00
2015.06.08 19:00:01.338,1.04791,1.04813,1.00,1.00
2015.06.08 19:00:01.848,1.04794,1.04813,1.00,1.00
2015.06.08 19:00:02.983,1.04791,1.04813,1.37,2.10
2015.06.08 19:00:03.136,1.04791,1.0481,1.00,1.00
2015.06.08 19:00:03.238,1.04788,1.04809,1.00,1.00
2015.06.08 19:00:03.748,1.04787,1.04809,1.00,1.12
2015.06.08 19:00:04.263,1.04787,1.04808,1.00,1.12
2015.06.08 19:00:05.529,1.04787,1.04808,1.00,1.37
2015.06.08 19:00:06.621,1.04783,1.04805,2.62,1.00
2015.06.08 19:00:07.354,1.04783,1.04805,1.00,1.87
2015.06.08 19:00:07.506,1.0478,1.04802,1.37,1.00
2015.06.08 19:00:09.578,1.0478,1.04802,1.12,1.12
2015.06.08 19:00:09.680,1.0478,1.04802,1.00,1.87
2015.06.08 19:00:09.782,1.0478,1.04801,1.00,1.12
2015.06.08 19:00:09.883,1.0478,1.04802,1.00,2.62
2015.06.08 19:00:10.697,1.0478,1.04801,1.00,1.37
2015.06.08 19:00:13.770,1.0478,1.04797,1.00,1.00
2015.06.08 19:00:13.872,1.04777,1.04797,1.00,1.50
2015.06.08 19:00:13.923,1.04776,1.04796,1.00,1.75
2015.06.08 19:00:14.076,1.04773,1.04794,1.50,1.37
2015.06.08 19:00:14.578,1.04773,1.04794,1.00,1.50
2015.06.08 19:00:14.629,1.04773,1.0479,1.00,1.37
2015.06.08 19:00:14.731,1.0477,1.0479,1.00,1.50
2015.06.08 19:00:14.833,1.0477,1.04787,1.00,1.12
2015.06.08 19:00:14.935,1.04767,1.04787,1.00,1.37
2015.06.08 19:00:15.442,1.04767,1.04787,1.00,1.12
2015.06.08 19:00:16.400,1.04767,1.04788,1.00,1.12
2015.06.08 19:00:16.830,1.04767,1.04789,1.37,1.00
2015.06.08 19:00:18.046,1.04768,1.04789,1.00,1.00
2015.06.08 19:00:18.553,1.04768,1.04789,1.37,1.00
2015.06.08 19:00:19.064,1.04768,1.04789,1.00,1.00
2015.06.08 19:00:21.275,1.04768,1.04788,1.00,1.12
2015.06.08 19:00:21.530,1.04762,1.04784,2.25,1.00
2015.06.08 19:00:23.087,1.04762,1.04784,1.00,1.87
2015.06.08 19:00:24.586,1.0476,1.04781,1.50,1.00
2015.06.08 19:00:45.455,1.0476,1.04781,1.37,1.00
2015.06.08 19:00:46.132,1.0476,1.04781,1.37,1.00
2015.06.08 19:00:48.660,1.0476,1.04781,1.12,1.00
2015.06.08 19:00:49.990,1.0476,1.04781,1.37,1.00
2015.06.08 19:00:50.113,1.04762,1.04783,1.00,1.12
2015.06.08 19:00:55.586,1.04762,1.04783,1.00,1.37
2015.06.08 19:01:03.625,1.04762,1.04783,1.00,1.37
2015.06.08 19:01:05.505,1.04761,1.04783,1.00,1.37
2015.06.08 19:01:05.810,1.04764,1.04781,1.00,1.50
2015.06.08 19:01:05.861,1.04764,1.04785,1.50,1.00
2015.06.08 19:01:06.837,1.04766,1.04785,1.00,1.00
2015.06.08 19:01:07.152,1.04766,1.04785,1.37,1.00
2015.06.08 19:01:14.321,1.04766,1.04785,1.37,1.00
2015.06.08 19:01:14.833,1.04766,1.04785,1.37,1.00
2015.06.08 19:01:19.838,1.04766,1.04785,1.37,1.00
2015.06.08 19:01:30.460,1.04766,1.04785,1.50,1.00
2015.06.08 19:01:30.512,1.04768,1.04788,1.37,1.00
2015.06.08 19:01:33.140,1.04768,1.04788,1.37,1.00
2015.06.08 19:01:33.191,1.0478,1.04788,1.00,1.00
2015.06.08 19:01:33.396,1.0478,1.04797,1.87,1.00
2015.06.08 19:01:33.447,1.04781,1.04797,1.00,1.00
2015.06.08 19:01:33.499,1.04783,1.048,1.00,1.00
2015.06.08 19:01:33.703,1.04784,1.04803,1.00,1.00
2015.06.08 19:01:34.576,1.04785,1.04803,1.00,1.00
2015.06.08 19:01:34.678,1.04786,1.04803,1.37,1.00
2015.06.08 19:01:37.592,1.04788,1.04803,1.37,1.00
2015.06.08 19:01:37.897,1.04788,1.04806,1.37,1.00
2015.06.08 19:01:39.282,1.04788,1.04806,1.37,1.00
2015.06.08 19:01:43.400,1.04787,1.04806,1.37,1.00
2015.06.08 19:01:43.904,1.04786,1.04806,1.37,1.00
2015.06.08 19:01:47.078,1.04787,1.04806,1.75,1.00
2015.06.08 19:01:47.332,1.0479,1.04809,1.75,1.00
2015.06.08 19:01:47.844,1.04791,1.04809,1.37,1.00
2015.06.08 19:01:48.361,1.04791,1.04809,1.37,1.60
2015.06.08 19:01:49.349,1.04791,1.04807,1.37,2.10
2015.06.08 19:01:52.632,1.04791,1.04807,1.12,2.10
2015.06.08 19:01:53.139,1.04787,1.04806,1.37,2.10
2015.06.08 19:01:53.646,1.04787,1.04806,1.37,1.35
2015.06.08 19:01:54.208,1.04787,1.04806,1.37,1.35
2015.06.08 19:01:54.752,1.04787,1.04806,1.37,1.35
2015.06.08 19:01:58.757,1.04789,1.04806,1.37,1.35
2015.06.08 19:01:58.961,1.0479,1.04806,1.37,1.00
2015.06.08 19:02:00.459,1.04791,1.04806,1.37,1.00
2015.06.08 19:02:00.966,1.04792,1.04806,1.00,1.00
2015.06.08 19:02:01.559,1.04792,1.04806,1.37,1.00
2015.06.08 19:02:02.066,1.04792,1.04809,1.37,2.85
2015.06.08 19:02:03.186,1.04793,1.04809,1.12,3.60
2015.06.08 19:02:03.745,1.04789,1.04808,1.37,2.10
2015.06.08 19:02:16.612,1.04789,1.04808,1.37,2.85
2015.06.08 19:02:18.548,1.04789,1.04807,1.37,1.35
2015.06.08 19:02:19.097,1.04787,1.04807,1.37,2.10
2015.06.08 19:02:19.760,1.04786,1.04807,1.87,2.10
2015.06.08 19:02:22.010,1.04786,1.04807,1.87,2.10
2015.06.08 19:02:22.062,1.04786,1.04807,2.25,2.10
2015.06.08 19:02:22.570,1.04788,1.04807,1.50,1.35
2015.06.08 19:02:26.681,1.04789,1.04807,1.37,1.35
2015.06.08 19:02:28.311,1.04787,1.04807,1.37,1.60
2015.06.08 19:02:28.630,1.04788,1.04804,1.12,1.00
2015.06.08 19:02:29.150,1.04786,1.04804,1.87,1.00
2015.06.08 19:02:30.002,1.04786,1.04804,1.87,1.00
2015.06.08 19:02:30.541,1.04787,1.04804,1.37,1.00
2015.06.08 19:02:32.503,1.04787,1.04804,1.50,1.00
2015.06.08 19:02:33.019,1.04787,1.04804,1.37,1.00
2015.06.08 19:02:39.757,1.04787,1.04805,1.87,1.00
2015.06.08 19:02:40.265,1.04787,1.04807,2.25,1.60
2015.06.08 19:02:40.863,1.04788,1.04807,2.25,1.60
2015.06.08 19:02:45.759,1.04787,1.04807,1.37,1.60
2015.06.08 19:02:48.079,1.04786,1.04807,1.75,1.60
2015.06.08 19:02:48.658,1.04786,1.04807,2.25,1.60
2015.06.08 19:02:49.500,1.04786,1.04807,2.62,1.35
2015.06.08 19:02:52.019,1.04786,1.04807,1.50,1.60
2015.06.08 19:02:52.070,1.04786,1.04805,1.50,1.00
2015.06.08 19:02:52.604,1.04785,1.04804,2.25,1.00
2015.06.08 19:03:03.038,1.04785,1.04804,2.25,1.00
2015.06.08 19:03:07.422,1.04785,1.04804,1.50,1.00
2015.06.08 19:03:07.989,1.04785,1.04804,1.75,1.00
2015.06.08 19:03:09.355,1.04785,1.04802,1.75,1.00
2015.06.08 19:03:11.275,1.04785,1.04802,1.75,1.00
2015.06.08 19:03:17.760,1.04786,1.04802,1.50,1.00
2015.06.08 19:03:20.789,1.04783,1.04802,1.12,1.00
2015.06.08 19:03:21.382,1.04781,1.04802,1.87,1.00
2015.06.08 19:03:21.782,1.04781,1.04802,1.87,1.00
2015.06.08 19:03:22.088,1.04781,1.04802,1.87,1.00
2015.06.08 19:03:22.621,1.04781,1.04802,1.87,1.00
2015.06.08 19:03:25.227,1.04781,1.04802,1.12,2.10
2015.06.08 19:03:25.725,1.04781,1.04802,1.37,2.10
2015.06.08 19:03:31.043,1.04781,1.04802,1.87,1.35
2015.06.08 19:03:31.581,1.04783,1.04801,1.37,1.00
2015.06.08 19:03:35.564,1.04783,1.04801,1.37,1.00
2015.06.08 19:03:36.354,1.04781,1.04801,1.87,1.00
2015.06.08 19:03:42.949,1.04781,1.04801,1.87,1.00
2015.06.08 19:03:45.690,1.04781,1.04801,1.87,1.00
2015.06.08 19:03:45.793,1.04781,1.04801,1.37,1.00
2015.06.08 19:03:46.309,1.04782,1.04801,1.50,1.00
2015.06.08 19:03:46.817,1.04783,1.04802,1.00,1.00
2015.06.08 19:03:47.617,1.04783,1.04802,1.37,1.00
2015.06.08 19:03:48.126,1.04783,1.04802,1.37,1.00
2015.06.08 19:03:49.032,1.04783,1.04802,1.37,1.00
2015.06.08 19:03:52.317,1.04783,1.04802,1.12,1.00
2015.06.08 19:03:53.002,1.04783,1.04802,1.37,1.00
2015.06.08 19:03:53.416,1.04782,1.04802,1.00,1.00
2015.06.08 19:03:56.539,1.04782,1.04802,1.37,1.50
2015.06.08 19:03:56.642,1.04782,1.04802,1.12,1.00
2015.06.08 19:03:57.764,1.04782,1.04802,1.37,1.00
2015.06.08 19:04:01.329,1.04782,1.04802,1.37,1.00
2015.06.08 19:04:01.432,1.04782,1.04802,1.37,1.00
2015.06.08 19:04:03.161,1.04782,1.04802,1.12,1.00
2015.06.08 19:04:03.391,1.0478,1.048,1.37,1.00
2015.06.08 19:04:03.898,1.0478,1.048,1.37,1.00
2015.06.08 19:04:06.842,1.04782,1.048,1.37,1.00
2015.06.08 19:04:07.152,1.04786,1.04803,1.00,1.00
2015.06.08 19:04:08.448,1.04786,1.04803,1.37,1.00
2015.06.08 19:04:09.039,1.04786,1.04803,1.50,1.00
2015.06.08 19:04:10.273,1.04786,1.04803,2.25,1.00
2015.06.08 19:04:10.849,1.04786,1.04803,1.87,1.00
2015.06.08 19:04:11.357,1.04786,1.04803,1.37,1.00
2015.06.08 19:04:13.656,1.04786,1.04803,1.37,1.00
2015.06.08 19:04:13.860,1.04786,1.04803,1.50,1.00
2015.06.08 19:04:14.475,1.04787,1.04803,1.37,1.00
2015.06.08 19:04:15.603,1.04787,1.04806,1.37,1.35
2015.06.08 19:04:18.203,1.04789,1.04806,1.37,1.35
2015.06.08 19:04:18.456,1.04788,1.04806,1.87,1.60
2015.06.08 19:04:18.558,1.04788,1.04806,1.50,1.60
2015.06.08 19:04:19.080,1.04789,1.04806,1.00,1.60
2015.06.08 19:04:20.591,1.04789,1.04806,1.37,1.35
2015.06.08 19:04:21.120,1.04789,1.04806,1.37,1.35
2015.06.08 19:04:22.568,1.04791,1.04806,1.37,1.60
2015.06.08 19:04:23.079,1.04792,1.04806,1.37,1.60
2015.06.08 19:04:25.528,1.04792,1.04806,1.37,1.35
2015.06.08 19:04:25.832,1.04792,1.04807,2.25,2.10
2015.06.08 19:04:25.883,1.04792,1.04807,1.87,2.10
2015.06.08 19:04:26.398,1.04793,1.04807,1.37,2.10
2015.06.08 19:04:26.602,1.04793,1.04807,1.37,2.10
2015.06.08 19:04:27.615,1.04794,1.04807,1.37,2.10
2015.06.08 19:04:30.059,1.04794,1.04807,1.37,2.10
2015.06.08 19:04:30.366,1.04792,1.04807,1.37,2.10
2015.06.08 19:04:30.660,1.04792,1.04807,1.50,2.10
2015.06.08 19:04:30.965,1.04792,1.04807,1.37,2.10
2015.06.08 19:04:31.169,1.0479,1.04807,1.50,2.10
2015.06.08 19:04:32.974,1.0479,1.04807,1.87,2.10
2015.06.08 19:04:34.988,1.0479,1.04809,1.87,2.85
2015.06.08 19:04:35.495,1.04791,1.04809,1.37,1.60
2015.06.08 19:04:36.033,1.04795,1.04809,1.12,1.00
2015.06.08 19:04:36.357,1.04794,1.04809,1.37,1.00
2015.06.08 19:04:36.788,1.04794,1.04809,1.75,1.00
2015.06.08 19:04:36.890,1.04793,1.04809,1.87,1.00
2015.06.08 19:04:36.941,1.04792,1.04812,1.37,1.50
2015.06.08 19:04:36.992,1.04791,1.04812,1.12,1.50
2015.06.08 19:04:37.043,1.04791,1.0481,1.12,1.00
2015.06.08 19:04:37.196,1.04789,1.04809,1.50,1.00
2015.06.08 19:04:37.742,1.04788,1.04807,1.00,1.00
2015.06.08 19:04:38.281,1.04788,1.04806,1.00,1.00
2015.06.08 19:04:38.790,1.04788,1.04806,1.37,1.00
2015.06.08 19:04:38.909,1.04788,1.04806,1.37,1.00
2015.06.08 19:04:40.718,1.04788,1.04806,1.37,1.00
2015.06.08 19:04:41.277,1.04788,1.04806,1.37,1.00
2015.06.08 19:04:41.706,1.04786,1.04806,1.00,1.00
2015.06.08 19:04:53.005,1.04786,1.04805,1.00,1.00
2015.06.08 19:04:55.714,1.04786,1.04805,1.37,1.00
2015.06.08 19:05:00.269,1.04787,1.04805,1.37,1.00
2015.06.08 19:05:00.370,1.04787,1.04808,1.37,2.25
2015.06.08 19:05:00.863,1.04787,1.04808,1.12,1.50
2015.06.08 19:05:01.343,1.04787,1.04808,1.37,1.50
2015.06.08 19:05:01.445,1.0479,1.0481,1.37,1.00
2015.06.08 19:05:01.955,1.0479,1.0481,1.37,1.00
2015.06.08 19:05:02.529,1.0479,1.04811,1.37,1.50
2015.06.08 19:05:05.783,1.0479,1.04811,1.37,2.25
2015.06.08 19:05:07.375,1.0479,1.04811,1.37,2.25
2015.06.08 19:05:07.578,1.04791,1.04811,1.12,1.50
2015.06.08 19:05:08.308,1.04791,1.04811,1.37,1.50
2015.06.08 19:05:08.998,1.04791,1.04811,1.12,1.50
2015.06.08 19:05:09.614,1.04791,1.04811,1.37,1.50
2015.06.08 19:05:10.213,1.04791,1.04811,1.37,1.50
2015.06.08 19:05:13.092,1.0479,1.04811,1.37,1.50
2015.06.08 19:05:21.203,1.0479,1.04811,1.37,1.50
2015.06.08 19:05:24.937,1.0479,1.04811,1.37,1.50
2015.06.08 19:05:26.029,1.04789,1.04811,1.87,2.25
2015.06.08 19:05:26.182,1.04789,1.04808,1.50,1.00
2015.06.08 19:05:26.904,1.04789,1.04808,1.87,1.00
2015.06.08 19:05:27.057,1.04789,1.0481,1.50,1.00
2015.06.08 19:05:28.349,1.04793,1.04811,1.37,1.00
2015.06.08 19:05:29.931,1.0479,1.04811,1.37,1.00
2015.06.08 19:05:31.749,1.0479,1.04811,1.50,1.00
2015.06.08 19:05:37.696,1.04791,1.0481,1.37,1.00
2015.06.08 19:05:40.231,1.0479,1.0481,1.00,1.00
2015.06.08 19:05:40.487,1.04788,1.0481,3.00,2.25
2015.06.08 19:05:41.874,1.04788,1.0481,1.87,2.25
2015.06.08 19:05:45.851,1.04788,1.0481,1.37,2.25
2015.06.08 19:05:46.156,1.04789,1.0481,1.37,1.50
2015.06.08 19:05:50.473,1.04788,1.0481,1.87,2.25
2015.06.08 19:05:50.878,1.04789,1.0481,1.37,1.50
2015.06.08 19:05:51.386,1.04789,1.0481,1.37,1.50
2015.06.08 19:05:51.738,1.04789,1.0481,1.50,1.50
2015.06.08 19:05:53.078,1.04789,1.0481,1.37,1.50
2015.06.08 19:05:53.877,1.04789,1.0481,1.37,1.50
2015.06.08 19:05:55.285,1.04788,1.04808,1.37,1.00
2015.06.08 19:05:55.477,1.04785,1.04807,2.62,1.00
2015.06.08 19:05:57.002,1.04785,1.04807,2.62,1.00
2015.06.08 19:05:57.105,1.04785,1.04805,2.62,1.00
2015.06.08 19:05:57.212,1.04785,1.04804,1.50,1.00
2015.06.08 19:05:57.366,1.04786,1.04808,1.50,1.50
2015.06.08 19:05:58.660,1.04786,1.04808,3.00,1.50
2015.06.08 19:05:59.176,1.04786,1.04808,3.00,1.50
2015.06.08 19:06:00.901,1.04789,1.04808,1.50,1.00
2015.06.08 19:06:01.908,1.04789,1.04808,1.37,1.00
2015.06.08 19:06:02.368,1.04789,1.04808,1.37,1.00
2015.06.08 19:06:03.816,1.04789,1.04808,1.37,1.00
2015.06.08 19:06:04.075,1.04787,1.04808,1.12,2.25
2015.06.08 19:06:04.126,1.04786,1.04806,1.37,1.00
2015.06.08 19:06:04.280,1.04783,1.04804,1.50,1.00
2015.06.08 19:06:04.877,1.04783,1.04804,1.87,1.00
2015.06.08 19:06:06.499,1.04783,1.04804,1.87,1.00
2015.06.08 19:06:13.710,1.04783,1.04804,3.00,1.00
2015.06.08 19:06:14.521,1.04783,1.04804,2.62,1.00
2015.06.08 19:06:18.238,1.04783,1.04804,2.62,1.00
2015.06.08 19:06:22.351,1.04783,1.04804,1.87,1.00
2015.06.08 19:06:22.759,1.04782,1.04802,1.00,1.00
2015.06.08 19:06:22.861,1.04779,1.048,1.50,1.00
2015.06.08 19:06:24.755,1.04779,1.048,1.87,1.00
2015.06.08 19:06:24.857,1.04779,1.048,1.87,1.00
2015.06.08 19:06:25.386,1.04779,1.048,2.62,1.00
2015.06.08 19:06:25.908,1.04779,1.048,2.62,1.00
2015.06.08 19:06:27.041,1.04781,1.048,1.37,1.00
2015.06.08 19:06:28.059,1.04781,1.048,1.50,1.00
2015.06.08 19:06:28.636,1.04781,1.048,1.87,1.00
2015.06.08 19:06:36.302,1.04781,1.048,1.37,1.00
2015.06.08 19:06:39.477,1.04781,1.048,1.37,1.00
2015.06.08 19:06:40.171,1.04781,1.048,1.37,1.00
2015.06.08 19:06:40.813,1.04781,1.048,1.87,1.00
2015.06.08 19:06:42.769,1.04782,1.048,1.12,1.00
2015.06.08 19:06:43.282,1.04782,1.048,1.37,1.00
2015.06.08 19:06:44.174,1.04782,1.048,1.37,1.00
2015.06.08 19:06:48.124,1.04785,1.048,1.12,1.00
2015.06.08 19:06:48.226,1.04788,1.04801,1.37,1.00
2015.06.08 19:06:48.277,1.04788,1.04805,1.37,1.00
2015.06.08 19:06:48.329,1.04788,1.04806,1.37,1.00
2015.06.08 19:06:48.421,1.04788,1.04808,1.37,1.00
2015.06.08 19:06:48.476,1.04786,1.04808,1.50,1.50
2015.06.08 19:06:48.629,1.04785,1.04805,1.00,1.00
2015.06.08 19:06:48.681,1.04783,1.04805,2.25,1.00
2015.06.08 19:06:54.129,1.04783,1.04805,2.62,1.00
2015.06.08 19:06:54.646,1.04785,1.04804,1.00,1.00
2015.06.08 19:06:55.175,1.04785,1.04805,1.37,1.00
2015.06.08 19:06:55.684,1.04785,1.04805,1.37,1.00
2015.06.08 19:06:56.419,1.04786,1.04805,1.37,1.00
2015.06.08 19:06:56.521,1.04786,1.04806,1.50,1.00
2015.06.08 19:06:56.724,1.04785,1.04803,1.00,1.00
2015.06.08 19:06:56.776,1.04783,1.04803,1.00,1.00
2015.06.08 19:06:58.269,1.04785,1.04803,1.00,1.00
2015.06.08 19:06:58.525,1.04785,1.04806,1.12,1.00
2015.06.08 19:07:00.153,1.04785,1.04806,1.37,1.00
2015.06.08 19:07:00.733,1.04785,1.04806,1.00,1.00
2015.06.08 19:07:03.739,1.04785,1.04806,1.00,1.87
2015.06.08 19:07:04.509,1.04784,1.04806,2.25,1.87
2015.06.08 19:07:05.681,1.04784,1.04803,1.00,1.00
2015.06.08 19:07:05.732,1.04782,1.04803,1.50,1.00
2015.06.08 19:07:05.885,1.04782,1.04803,1.87,1.00
2015.06.08 19:07:05.987,1.04782,1.04803,1.50,1.00
2015.06.08 19:07:06.242,1.04784,1.04804,1.00,1.00
2015.06.08 19:07:06.383,1.04784,1.04806,1.00,2.25
2015.06.08 19:07:06.892,1.04785,1.04806,1.00,1.00
2015.06.08 19:07:07.401,1.04786,1.04806,1.00,1.00
2015.06.08 19:07:09.859,1.04785,1.04806,1.12,1.00
2015.06.08 19:07:09.961,1.04784,1.04803,1.50,1.37
2015.06.08 19:07:10.420,1.04782,1.04802,1.00,1.12
2015.06.08 19:07:10.965,1.04781,1.04802,1.00,1.50
2015.06.08 19:07:11.068,1.0478,1.04798,1.00,1.00
2015.06.08 19:07:11.579,1.04779,1.04797,1.00,1.00
2015.06.08 19:07:13.099,1.0478,1.04797,1.12,1.00
2015.06.08 19:07:13.302,1.0478,1.04801,1.00,1.12
2015.06.08 19:07:13.849,1.0478,1.04801,1.00,1.37
2015.06.08 19:07:14.612,1.04781,1.04801,1.00,1.37
2015.06.08 19:07:15.161,1.04781,1.04801,1.00,1.37
2015.06.08 19:07:15.314,1.04782,1.04801,1.00,1.00
2015.06.08 19:07:16.416,1.04781,1.04801,1.00,1.00
2015.06.08 19:07:16.467,1.04783,1.04801,1.00,1.00
2015.06.08 19:07:16.570,1.04783,1.04804,1.00,1.50
2015.06.08 19:07:16.723,1.04785,1.04804,1.50,1.00
2015.06.08 19:07:16.774,1.04785,1.04807,2.25,1.50
2015.06.08 19:07:17.747,1.04785,1.04807,2.25,1.37
2015.06.08 19:07:18.635,1.04785,1.04807,2.25,1.37
2015.06.08 19:07:19.044,1.04785,1.04806,1.50,1.87
2015.06.08 19:07:20.479,1.04785,1.04807,2.62,1.12
2015.06.08 19:07:22.288,1.04785,1.04804,1.00,1.00
2015.06.08 19:07:34.242,1.04789,1.04807,1.75,1.00
2015.06.08 19:07:34.399,1.04789,1.0481,1.87,1.00
2015.06.08 19:07:34.450,1.04789,1.0481,1.00,1.50
2015.06.08 19:07:34.603,1.04789,1.04808,1.00,1.00
2015.06.08 19:07:34.858,1.04789,1.0481,1.00,2.25
2015.06.08 19:07:36.049,1.04789,1.04809,1.00,1.00
2015.06.08 19:07:36.151,1.04787,1.04808,1.50,1.00
2015.06.08 19:07:37.479,1.04787,1.04808,1.00,1.87
2015.06.08 19:07:38.389,1.04787,1.04807,1.00,1.37
2015.06.08 19:07:38.936,1.04787,1.04808,1.00,1.37
2015.06.08 19:07:39.456,1.04787,1.04807,1.00,1.37
2015.06.08 19:07:40.014,1.04787,1.04807,1.00,1.37
2015.06.08 19:07:46.819,1.04787,1.04807,1.00,1.00
2015.06.08 19:07:47.073,1.04789,1.04808,1.00,1.00
2015.06.08 19:07:47.378,1.04789,1.0481,1.87,1.00
2015.06.08 19:07:47.736,1.04789,1.0481,1.50,1.00
2015.06.08 19:07:49.062,1.04789,1.0481,1.87,1.00
2015.06.08 19:07:49.573,1.04789,1.0481,1.00,1.00
2015.06.08 19:07:50.030,1.04791,1.0481,1.00,1.00
2015.06.08 19:07:50.236,1.04789,1.0481,1.50,1.00
2015.06.08 19:07:53.682,1.04789,1.0481,1.00,1.37
2015.06.08 19:07:54.191,1.04789,1.0481,1.00,1.50
2015.06.08 19:07:58.506,1.04789,1.0481,1.00,1.37
2015.06.08 19:08:00.819,1.04789,1.0481,1.00,1.37
2015.06.08 19:08:01.753,1.04789,1.0481,1.00,1.12
2015.06.08 19:08:01.805,1.04789,1.04808,1.00,1.00
2015.06.08 19:08:10.796,1.04789,1.04808,1.00,1.37
2015.06.08 19:08:11.307,1.04789,1.04807,1.00,1.37
2015.06.08 19:08:11.814,1.04789,1.04808,1.00,1.87
2015.06.08 19:08:12.220,1.04789,1.04807,1.00,1.50
2015.06.08 19:08:12.372,1.04785,1.04806,2.25,1.37
2015.06.08 19:08:12.697,1.04785,1.04805,1.50,1.50
2015.06.08 19:08:17.766,1.04785,1.04804,1.50,1.37
2015.06.08 19:08:17.868,1.04785,1.04805,1.50,1.50
2015.06.08 19:08:18.071,1.04785,1.04806,1.50,1.87
2015.06.08 19:08:19.718,1.04787,1.04807,1.00,1.50
2015.06.08 19:08:19.770,1.04787,1.04807,1.12,1.00
2015.06.08 19:08:19.873,1.04788,1.0481,1.37,2.25
2015.06.08 19:08:20.393,1.04791,1.0481,1.00,1.00
2015.06.08 19:08:22.199,1.04791,1.0481,1.37,1.00
2015.06.08 19:08:22.696,1.04789,1.0481,2.62,1.00
2015.06.08 19:08:24.209,1.04791,1.0481,1.00,1.00
2015.06.08 19:08:25.013,1.04791,1.0481,1.37,1.00
2015.06.08 19:08:27.928,1.04792,1.0481,1.37,1.00
2015.06.08 19:08:33.833,1.04792,1.0481,2.62,1.00
2015.06.08 19:08:34.045,1.04792,1.0481,2.62,1.00
2015.06.08 19:08:34.147,1.04794,1.04814,1.87,1.00
2015.06.08 19:08:34.350,1.04796,1.04817,1.87,1.00
2015.06.08 19:08:34.401,1.04798,1.04817,1.00,1.00
2015.06.08 19:08:34.553,1.04798,1.0482,2.25,1.87
2015.06.08 19:08:35.446,1.04798,1.0482,2.25,1.87
2015.06.08 19:08:36.064,1.04798,1.0482,2.25,1.87
2015.06.08 19:08:36.589,1.04798,1.04819,2.25,1.37
2015.06.08 19:08:37.453,1.04798,1.04819,2.25,1.12
2015.06.08 19:08:38.272,1.04798,1.04819,2.25,1.37
2015.06.08 19:08:38.824,1.04798,1.04819,2.25,1.12
2015.06.08 19:08:44.605,1.04798,1.0482,1.50,1.87
2015.06.08 19:08:44.708,1.04798,1.0482,1.87,1.87
2015.06.08 19:08:45.900,1.048,1.0482,1.00,1.12
2015.06.08 19:08:46.558,1.04802,1.0482,1.00,1.00
2015.06.08 19:08:46.763,1.04802,1.04824,2.25,1.87
2015.06.08 19:08:46.915,1.04802,1.04824,2.62,1.50
2015.06.08 19:08:47.425,1.04803,1.04824,1.00,1.00
2015.06.08 19:08:56.882,1.04806,1.04824,1.00,1.00
2015.06.08 19:08:57.085,1.04806,1.04827,1.00,2.62
2015.06.08 19:08:57.596,1.04805,1.04827,1.12,2.62
2015.06.08 19:08:58.337,1.04805,1.04827,1.37,2.25
2015.06.08 19:09:00.093,1.04803,1.04824,1.87,1.00
2015.06.08 19:09:00.554,1.04803,1.04824,2.25,1.00
2015.06.08 19:09:01.104,1.04803,1.04824,1.87,1.00
2015.06.08 19:09:03.786,1.04802,1.04824,1.87,1.87
2015.06.08 19:09:04.293,1.04802,1.04824,1.00,2.62
2015.06.08 19:09:05.808,1.04802,1.04824,1.00,2.62
2015.06.08 19:09:08.386,1.04802,1.04824,1.37,2.25
2015.06.08 19:09:08.690,1.04802,1.04824,2.25,1.50
2015.06.08 19:09:10.423,1.04803,1.04824,1.87,1.00
2015.06.08 19:09:10.933,1.04803,1.04824,1.87,1.00
2015.06.08 19:09:12.042,1.04803,1.04824,1.87,1.00
2015.06.08 19:09:18.911,1.04803,1.04824,3.00,1.00
2015.06.08 19:09:23.777,1.04809,1.04824,1.60,1.00
2015.06.08 19:09:23.878,1.04811,1.0483,2.85,1.12
2015.06.08 19:09:32.184,1.04813,1.0483,1.00,1.37
2015.06.08 19:09:35.129,1.04812,1.0483,1.35,1.12
2015.06.08 19:09:35.333,1.04814,1.04829,1.00,1.00
2015.06.08 19:09:35.385,1.04814,1.04832,1.00,1.37
2015.06.08 19:09:36.104,1.04814,1.04833,1.00,1.87
2015.06.08 19:09:37.640,1.04814,1.04833,1.00,1.87
2015.06.08 19:09:40.498,1.04812,1.04831,1.50,1.12
2015.06.08 19:09:40.752,1.0481,1.0483,1.00,1.00
2015.06.08 19:09:40.803,1.04808,1.0483,2.25,1.50
2015.06.08 19:09:43.636,1.04808,1.04828,1.50,1.12
2015.06.08 19:09:43.840,1.04805,1.04827,1.87,1.12
2015.06.08 19:09:44.350,1.04805,1.04826,1.50,1.12
2015.06.08 19:09:44.452,1.04805,1.04825,1.00,1.37
2015.06.08 19:09:44.657,1.04805,1.04825,1.00,1.50
2015.06.08 19:09:45.176,1.04805,1.04826,1.00,1.87
2015.06.08 19:09:46.961,1.04805,1.04825,1.12,1.00
2015.06.08 19:09:48.234,1.04805,1.04824,1.00,1.00
2015.06.08 19:09:48.286,1.04801,1.04823,2.25,1.87
2015.06.08 19:09:48.740,1.04801,1.0482,1.50,1.37
2015.06.08 19:09:49.258,1.04806,1.04819,1.00,1.37
2015.06.08 19:09:49.464,1.04806,1.04823,1.00,1.37
2015.06.08 19:09:49.995,1.04806,1.04823,1.00,1.00
2015.06.08 19:09:51.702,1.04804,1.04823,1.00,1.37
2015.06.08 19:09:52.211,1.04804,1.04819,1.00,1.00
2015.06.08 19:09:54.541,1.04804,1.04818,1.00,1.00
2015.06.08 19:09:55.102,1.04804,1.04819,1.00,1.12
2015.06.08 19:10:00.322,1.04807,1.04819,1.00,1.00
2015.06.08 19:10:00.475,1.04807,1.04821,1.00,1.12
2015.06.08 19:10:03.757,1.04807,1.04822,1.00,1.12
2015.06.08 19:10:07.393,1.04805,1.04822,1.00,1.12
2015.06.08 19:10:10.183,1.04805,1.04822,1.00,1.37
2015.06.08 19:10:10.285,1.04805,1.04821,1.00,1.37
2015.06.08 19:10:10.649,1.04805,1.04821,1.00,1.37
2015.06.08 19:10:12.265,1.04805,1.04823,1.00,2.25
2015.06.08 19:10:12.419,1.04802,1.0482,1.00,1.37
2015.06.08 19:10:12.471,1.04802,1.04818,1.00,1.00
2015.06.08 19:10:12.573,1.04802,1.0482,1.00,1.00
2015.06.08 19:10:14.320,1.04804,1.0482,1.00,1.00
2015.06.08 19:10:14.371,1.04804,1.04824,1.00,1.87
2015.06.08 19:10:15.716,1.04806,1.04824,1.00,3.37
2015.06.08 19:10:15.818,1.04803,1.04821,1.00,1.50
2015.06.08 19:10:16.072,1.04803,1.0482,1.00,1.37
2015.06.08 19:10:16.123,1.04801,1.0482,1.00,1.37
2015.06.08 19:10:23.065,1.04801,1.04818,1.00,1.37
2015.06.08 19:10:23.218,1.04804,1.04818,1.00,1.00
2015.06.08 19:10:23.320,1.04802,1.04818,1.00,1.00
2015.06.08 19:10:28.088,1.04802,1.04818,1.00,1.37
2015.06.08 19:10:28.393,1.04801,1.04815,1.00,1.37
2015.06.08 19:10:28.649,1.04801,1.04818,1.00,2.62
2015.06.08 19:10:28.801,1.04801,1.04817,1.00,1.00
2015.06.08 19:10:29.343,1.04801,1.04818,1.00,2.25
2015.06.08 19:10:30.987,1.04801,1.04818,1.00,3.00
2015.06.08 19:10:31.448,1.04797,1.04815,1.00,1.37
2015.06.08 19:10:31.651,1.04795,1.04814,1.00,1.37
2015.06.08 19:10:31.703,1.04795,1.04813,1.00,1.37
2015.06.08 19:10:32.226,1.04794,1.04812,1.00,1.50
2015.06.08 19:10:32.573,1.04794,1.04812,1.00,1.87
2015.06.08 19:10:33.905,1.04794,1.04812,1.00,1.50
2015.06.08 19:10:34.464,1.04796,1.04812,1.00,1.00
2015.06.08 19:10:40.861,1.04795,1.04812,1.00,1.00
2015.06.08 19:10:41.169,1.04793,1.04812,1.00,1.87
2015.06.08 19:10:41.679,1.04793,1.0481,1.00,1.37
2015.06.08 19:10:42.551,1.04793,1.04811,1.00,1.37
2015.06.08 19:10:45.463,1.04794,1.04812,1.00,1.37
2015.06.08 19:10:45.972,1.04794,1.04812,1.00,1.00
2015.06.08 19:10:46.480,1.04794,1.04812,1.00,1.37
2015.06.08 19:10:46.683,1.04791,1.0481,1.00,1.37
2015.06.08 19:10:51.282,1.04789,1.0481,1.00,1.37
2015.06.08 19:10:51.812,1.04788,1.04808,1.00,1.12
2015.06.08 19:10:56.146,1.04788,1.04808,1.00,1.37
2015.06.08 19:10:56.673,1.04788,1.04808,1.00,1.12
2015.06.08 19:10:57.477,1.04786,1.04808,2.62,1.87
2015.06.08 19:10:57.529,1.04786,1.04808,1.50,2.62
2015.06.08 19:10:58.049,1.04786,1.04805,1.00,1.00
2015.06.08 19:11:02.255,1.04786,1.04805,1.00,1.37
2015.06.08 19:11:03.474,1.04783,1.04804,1.00,1.87
2015.06.08 19:11:03.525,1.04783,1.04799,1.00,1.00
2015.06.08 19:11:03.675,1.0478,1.04799,1.00,1.50
2015.06.08 19:11:03.778,1.04782,1.04801,1.00,1.87
2015.06.08 19:11:04.289,1.04782,1.04801,1.00,1.00
2015.06.08 19:11:04.848,1.04783,1.04801,1.00,1.00
2015.06.08 19:11:07.405,1.04783,1.04804,1.50,1.37
2015.06.08 19:11:07.608,1.04786,1.04807,1.50,1.37
2015.06.08 19:11:10.118,1.04786,1.04806,1.00,1.37
2015.06.08 19:11:10.626,1.04786,1.04804,1.00,1.37
2015.06.08 19:11:13.247,1.04786,1.04804,1.00,1.37
2015.06.08 19:11:13.846,1.04786,1.04804,1.00,1.12
2015.06.08 19:11:13.999,1.04786,1.04808,1.50,2.62
2015.06.08 19:11:15.054,1.04786,1.04807,1.50,1.37
2015.06.08 19:11:16.730,1.04786,1.04806,1.50,1.37
2015.06.08 19:11:17.933,1.04786,1.04805,1.50,1.12
2015.06.08 19:11:18.235,1.04786,1.04807,1.50,1.50
2015.06.08 19:11:18.439,1.04786,1.04806,1.00,1.37
2015.06.08 19:11:18.541,1.04786,1.04807,1.12,1.50
2015.06.08 19:11:20.247,1.04786,1.04807,1.00,1.37
2015.06.08 19:11:20.779,1.04785,1.04804,1.00,1.00
2015.06.08 19:11:22.529,1.04784,1.04804,1.00,1.50
2015.06.08 19:11:22.834,1.04782,1.04801,1.00,1.12
2015.06.08 19:11:26.608,1.04782,1.04801,1.00,1.37
2015.06.08 19:11:37.762,1.04782,1.04799,1.00,1.00
2015.06.08 19:11:45.851,1.04783,1.04799,1.00,1.00
2015.06.08 19:11:46.158,1.04786,1.04802,1.00,1.00
2015.06.08 19:11:53.647,1.04785,1.04802,1.00,1.00
2015.06.08 19:11:53.799,1.04782,1.04802,1.50,1.12
2015.06.08 19:11:53.850,1.04782,1.04802,1.87,1.00
2015.06.08 19:11:53.954,1.04782,1.04802,1.50,1.00
2015.06.08 19:11:54.005,1.04786,1.04802,1.00,1.00
2015.06.08 19:11:58.081,1.04788,1.04802,1.00,1.00
2015.06.08 19:11:58.183,1.04784,1.04802,1.00,1.00
2015.06.08 19:11:59.153,1.04784,1.04799,1.00,1.00
2015.06.08 19:11:59.673,1.04786,1.04799,1.00,1.00
2015.06.08 19:11:59.927,1.04786,1.04802,1.12,1.00
2015.06.08 19:12:00.030,1.04786,1.04805,1.12,1.00
2015.06.08 19:12:05.176,1.04788,1.04805,1.00,1.00
2015.06.08 19:12:08.679,1.04785,1.04805,1.37,1.00
2015.06.08 19:12:09.206,1.04785,1.04805,1.00,1.00
2015.06.08 19:12:09.358,1.04786,1.04805,1.37,1.00
2015.06.08 19:12:09.867,1.04786,1.04805,1.37,1.00
2015.06.08 19:12:10.376,1.04786,1.04805,1.12,1.00
2015.06.08 19:12:14.657,1.04786,1.04805,1.37,1.00
2015.06.08 19:12:14.759,1.04786,1.04805,1.12,1.00
2015.06.08 19:12:16.710,1.04786,1.04805,1.37,1.00
2015.06.08 19:12:17.766,1.04786,1.04804,1.37,1.00
2015.06.08 19:12:18.477,1.04786,1.04804,1.37,1.00
2015.06.08 19:12:20.720,1.04786,1.04804,1.37,1.00
2015.06.08 19:12:27.217,1.04788,1.04804,1.00,1.00
2015.06.08 19:12:31.942,1.04787,1.04804,1.12,1.00
2015.06.08 19:12:35.737,1.04787,1.04806,1.12,1.00
2015.06.08 19:12:40.831,1.04789,1.04806,1.37,1.00
2015.06.08 19:12:40.933,1.04789,1.04806,1.87,1.00
2015.06.08 19:12:41.086,1.04789,1.04809,1.87,1.00
2015.06.08 19:12:41.441,1.04789,1.04809,2.62,1.00
2015.06.08 19:12:47.558,1.04791,1.0481,1.87,1.00
2015.06.08 19:12:47.642,1.04791,1.04812,1.87,1.00
2015.06.08 19:12:48.909,1.04791,1.04813,1.87,2.62
2015.06.08 19:12:50.537,1.04793,1.04813,1.00,2.62
2015.06.08 19:12:52.363,1.04793,1.04811,1.00,1.00
2015.06.08 19:12:52.414,1.04791,1.04811,1.12,1.00
2015.06.08 19:12:54.099,1.04791,1.04812,1.00,1.37
2015.06.08 19:12:54.201,1.04791,1.04812,1.37,1.00
2015.06.08 19:12:54.557,1.04791,1.04812,1.12,1.00
2015.06.08 19:12:57.183,1.04791,1.04812,1.37,1.00
2015.06.08 19:13:01.650,1.04804,1.04812,1.00,1.00
2015.06.08 19:13:02.871,1.04803,1.04812,1.00,1.50
2015.06.08 19:13:02.976,1.04806,1.04812,1.00,1.37
2015.06.08 19:13:07.194,1.04807,1.04811,1.00,1.00
2015.06.08 19:13:07.347,1.0481,1.04814,1.00,1.50
2015.06.08 19:13:10.208,1.04808,1.04814,1.00,1.50
2015.06.08 19:13:17.609,1.04806,1.04814,1.00,1.50
2015.06.08 19:13:18.008,1.04804,1.04814,1.00,1.50
2015.06.08 19:13:18.059,1.04804,1.04814,1.00,2.25
2015.06.08 19:13:18.111,1.04799,1.04811,1.00,1.37
2015.06.08 19:13:18.162,1.04799,1.0481,1.00,1.87
2015.06.08 19:13:18.315,1.04797,1.04808,1.00,2.62
2015.06.08 19:13:18.820,1.04797,1.04808,1.00,2.62
2015.06.08 19:13:21.626,1.04796,1.04808,1.00,2.62
2015.06.08 19:13:30.594,1.04795,1.04808,1.00,1.50
2015.06.08 19:13:31.101,1.04795,1.04807,1.00,1.12
2015.06.08 19:13:31.910,1.04795,1.04808,1.00,1.87
2015.06.08 19:13:32.115,1.04795,1.04808,1.00,1.87
2015.06.08 19:13:34.184,1.04795,1.04808,1.00,1.00
2015.06.08 19:13:34.337,1.04801,1.04808,1.00,1.00
2015.06.08 19:13:34.439,1.04801,1.04811,1.00,1.00
2015.06.08 19:13:34.542,1.04796,1.04812,1.00,1.00
2015.06.08 19:13:42.535,1.04799,1.04812,1.00,1.00
2015.06.08 19:13:49.018,1.04797,1.04812,1.00,1.37
2015.06.08 19:13:49.120,1.04794,1.04808,1.00,1.37
2015.06.08 19:13:49.222,1.04791,1.04807,1.00,2.25
2015.06.08 19:13:49.324,1.04791,1.04805,1.00,1.00
2015.06.08 19:13:49.640,1.04791,1.04802,1.00,1.00
2015.06.08 19:13:50.159,1.04791,1.04803,1.00,1.00
2015.06.08 19:13:50.362,1.04788,1.04806,1.00,1.87
2015.06.08 19:13:53.063,1.04788,1.04804,1.00,1.75
2015.06.08 19:13:53.114,1.04788,1.04804,1.00,1.37
2015.06.08 19:13:53.166,1.04786,1.04802,1.00,1.37
2015.06.08 19:13:53.679,1.04786,1.04802,1.00,1.00
2015.06.08 19:13:56.042,1.04786,1.04803,1.00,1.00
2015.06.08 19:14:01.227,1.04788,1.04803,1.00,1.00
2015.06.08 19:14:01.634,1.04785,1.04803,1.00,1.00
2015.06.08 19:14:01.736,1.04785,1.04803,1.00,1.37
2015.06.08 19:14:01.838,1.04785,1.04803,1.00,1.87
2015.06.08 19:14:10.442,1.04786,1.04803,1.00,1.00
2015.06.08 19:14:10.597,1.04786,1.04806,1.37,1.00
2015.06.08 19:14:11.856,1.04794,1.04806,1.00,1.00
2015.06.08 19:14:15.890,1.04794,1.04807,1.00,1.00
2015.06.08 19:14:15.941,1.04794,1.04809,1.00,1.87
2015.06.08 19:14:16.450,1.04792,1.04809,1.00,1.87
2015.06.08 19:14:19.055,1.04793,1.04809,1.00,1.00
2015.06.08 19:14:19.319,1.04793,1.04813,1.00,1.87
2015.06.08 19:14:22.800,1.04793,1.04813,1.00,1.87
2015.06.08 19:14:23.506,1.04793,1.04811,1.00,1.37
2015.06.08 19:14:23.557,1.04791,1.04811,1.50,1.37
2015.06.08 19:14:23.609,1.04791,1.0481,1.00,1.87
2015.06.08 19:14:24.117,1.04791,1.04809,1.00,1.12
2015.06.08 19:14:24.948,1.04791,1.0481,1.00,1.12
2015.06.08 19:14:38.589,1.04789,1.0481,1.50,1.37
2015.06.08 19:14:38.692,1.04789,1.0481,1.50,1.37
2015.06.08 19:14:39.042,1.04789,1.04809,1.00,1.87
2015.06.08 19:14:47.497,1.0479,1.04809,1.37,1.00
2015.06.08 19:14:47.661,1.04791,1.04812,1.37,1.00
2015.06.08 19:14:48.169,1.04793,1.04813,1.12,1.00
2015.06.08 19:14:50.429,1.04793,1.04813,1.00,1.37
2015.06.08 19:14:50.742,1.04793,1.04813,1.00,1.00
2015.06.08 19:14:55.629,1.04792,1.04813,1.37,1.00
2015.06.08 19:14:56.159,1.04793,1.04813,1.00,1.00
2015.06.08 19:14:57.047,1.04793,1.04811,1.00,1.00
2015.06.08 19:14:57.352,1.04793,1.04803,1.00,1.00
2015.06.08 19:15:00.826,1.04793,1.04801,1.00,1.00
2015.06.08 19:15:00.928,1.04793,1.04804,1.00,1.00
2015.06.08 19:15:01.132,1.04793,1.04807,1.00,1.00
2015.06.08 19:15:01.335,1.04795,1.04807,1.00,1.00
2015.06.08 19:15:02.465,1.04793,1.04807,1.87,1.00
2015.06.08 19:15:05.385,1.04793,1.04807,1.87,1.00
2015.06.08 19:15:05.487,1.04793,1.04807,1.87,1.00
2015.06.08 19:15:05.589,1.04791,1.04807,2.25,1.00
2015.06.08 19:15:07.547,1.04791,1.04808,1.87,1.00
2015.06.08 19:15:13.524,1.04791,1.04809,1.00,1.00
2015.06.08 19:15:13.690,1.04791,1.04809,1.37,1.00
2015.06.08 19:15:13.792,1.04791,1.04811,1.37,2.25
2015.06.08 19:15:14.335,1.04791,1.04811,1.00,1.00
2015.06.08 19:15:14.644,1.04795,1.04812,1.00,1.00
2015.06.08 19:15:15.311,1.04795,1.04812,1.37,1.00
2015.06.08 19:15:15.363,1.04795,1.04814,1.37,1.00
2015.06.08 19:15:16.023,1.04795,1.04814,1.12,1.00
2015.06.08 19:15:16.227,1.04795,1.04816,1.87,1.00
2015.06.08 19:15:20.162,1.04797,1.04816,1.37,1.00
2015.06.08 19:15:20.693,1.04796,1.04817,1.37,1.50
2015.06.08 19:15:21.202,1.04796,1.04817,1.37,1.50
2015.06.08 19:15:24.238,1.04795,1.04817,1.87,1.50
2015.06.08 19:15:29.261,1.04796,1.04817,1.00,1.12
2015.06.08 19:15:29.765,1.04795,1.04817,1.50,1.00
2015.06.08 19:15:37.794,1.04796,1.04817,1.00,1.00
2015.06.08 19:15:39.294,1.04796,1.04816,1.00,1.00
2015.06.08 19:15:40.203,1.04796,1.04817,1.00,1.00
2015.06.08 19:15:41.570,1.04796,1.04816,1.00,1.00
2015.06.08 19:15:42.205,1.04796,1.04813,1.00,1.00
2015.06.08 19:15:42.511,1.04796,1.04811,1.00,1.00
2015.06.08 19:15:42.613,1.04796,1.04814,1.00,1.00
2015.06.08 19:15:42.815,1.04796,1.04817,1.00,1.00
2015.06.08 19:15:48.055,1.04796,1.04817,1.37,1.00
2015.06.08 19:15:53.871,1.04796,1.04817,1.12,1.00
2015.06.08 19:15:56.695,1.04796,1.04816,1.00,1.50
2015.06.08 19:15:56.797,1.04796,1.04808,1.00,1.00
2015.06.08 19:15:56.966,1.04796,1.04811,1.00,1.00
2015.06.08 19:15:57.475,1.04795,1.04813,1.00,1.00
2015.06.08 19:15:57.984,1.04795,1.04814,1.00,1.00
2015.06.08 19:15:58.526,1.04795,1.04813,1.00,1.00
2015.06.08 19:16:06.146,1.04795,1.04814,1.00,1.12
2015.06.08 19:16:06.596,1.04795,1.04812,1.00,1.00
2015.06.08 19:16:07.454,1.04795,1.04813,1.00,1.00
2015.06.08 19:16:09.540,1.04795,1.04814,1.12,1.00
2015.06.08 19:16:09.895,1.04796,1.04817,1.12,1.50
2015.06.08 19:16:09.997,1.04796,1.04815,1.00,1.00
2015.06.08 19:16:16.931,1.04796,1.04814,1.00,1.00
2015.06.08 19:16:17.710,1.04796,1.04815,1.00,1.00
2015.06.08 19:16:17.913,1.04796,1.04818,1.87,3.00
2015.06.08 19:16:18.254,1.04796,1.04817,1.50,1.12
2015.06.08 19:16:19.025,1.04796,1.04818,1.50,3.00
2015.06.08 19:16:20.003,1.04796,1.04817,1.50,1.00
2015.06.08 19:16:22.061,1.04796,1.04818,1.50,3.37
2015.06.08 19:16:26.994,1.04796,1.04818,1.50,3.37
2015.06.08 19:16:27.506,1.04796,1.04818,1.87,3.37
2015.06.08 19:16:31.974,1.04796,1.04817,1.87,1.00
2015.06.08 19:16:32.323,1.04796,1.04815,1.50,1.12
2015.06.08 19:16:35.942,1.04796,1.04814,1.50,1.00
2015.06.08 19:16:36.820,1.04796,1.04813,1.50,1.00
2015.06.08 19:16:37.927,1.04796,1.04815,1.37,1.00
2015.06.08 19:16:38.030,1.04796,1.04817,1.12,1.00
2015.06.08 19:16:38.728,1.04796,1.04817,1.37,1.00
2015.06.08 19:16:47.157,1.04796,1.04817,1.12,1.00
2015.06.08 19:16:47.412,1.04796,1.04815,1.00,1.00
2015.06.08 19:16:50.781,1.04795,1.04815,1.00,1.00
2015.06.08 19:16:51.119,1.04795,1.04813,1.00,1.00
2015.06.08 19:16:54.963,1.04795,1.04812,1.00,1.00
2015.06.08 19:16:57.781,1.04794,1.04812,2.25,1.00
2015.06.08 19:16:58.883,1.04794,1.04812,1.00,1.37
2015.06.08 19:16:59.188,1.04791,1.04805,1.50,1.00
2015.06.08 19:17:02.243,1.04791,1.04806,1.50,1.00
2015.06.08 19:17:10.477,1.04791,1.04807,1.50,1.00
2015.06.08 19:17:11.021,1.04791,1.04806,1.50,1.00
2015.06.08 19:17:14.581,1.04791,1.04805,1.50,1.00
2015.06.08 19:17:21.279,1.04791,1.04806,1.00,1.00
2015.06.08 19:17:30.631,1.04791,1.04809,1.50,1.00
2015.06.08 19:17:31.146,1.04791,1.0481,1.50,1.12
2015.06.08 19:17:31.961,1.04791,1.04811,1.50,1.00
2015.06.08 19:17:36.800,1.04791,1.04812,1.50,1.87
2015.06.08 19:17:39.602,1.04791,1.04812,2.25,1.37
2015.06.08 19:17:39.920,1.04788,1.04809,1.00,1.50
2015.06.08 19:17:39.972,1.04788,1.04805,1.00,1.00
2015.06.08 19:17:40.126,1.04784,1.04802,1.50,1.00
2015.06.08 19:17:41.421,1.04784,1.04801,1.50,1.00
2015.06.08 19:17:41.827,1.04784,1.04799,1.00,1.00
2015.06.08 19:17:42.857,1.04784,1.04798,1.00,1.37
2015.06.08 19:17:43.111,1.0478,1.04797,1.50,1.12
2015.06.08 19:17:48.651,1.0478,1.04798,1.50,1.12
2015.06.08 19:17:49.863,1.0478,1.04797,1.50,1.00
2015.06.08 19:17:51.199,1.0478,1.04796,1.00,1.00
2015.06.08 19:17:52.144,1.0478,1.04796,1.00,1.87
2015.06.08 19:17:52.196,1.04775,1.04792,1.50,1.00
2015.06.08 19:17:52.297,1.04777,1.04792,1.00,1.00
2015.06.08 19:17:52.399,1.04777,1.04796,1.50,1.00
2015.06.08 19:17:52.451,1.04779,1.04796,1.00,1.00
2015.06.08 19:17:52.960,1.04779,1.04798,1.00,1.00
2015.06.08 19:17:54.077,1.04779,1.04799,1.00,1.00
2015.06.08 19:17:54.381,1.04781,1.04799,1.00,1.37
2015.06.08 19:17:55.009,1.04781,1.04799,1.50,1.00
2015.06.08 19:17:55.060,1.04781,1.04801,2.25,1.12
2015.06.08 19:17:55.162,1.04783,1.04802,1.00,1.12
2015.06.08 19:17:55.670,1.04784,1.04801,1.00,1.12
2015.06.08 19:17:56.026,1.04784,1.04798,1.00,1.00
2015.06.08 19:17:56.534,1.04784,1.04799,1.00,1.00
2015.06.08 19:17:57.687,1.04784,1.048,1.00,1.12
2015.06.08 19:17:58.330,1.04784,1.04799,1.00,1.00
2015.06.08 19:18:01.623,1.04784,1.04799,1.00,1.37
2015.06.08 19:18:01.725,1.0478,1.04799,1.00,1.87
2015.06.08 19:18:01.777,1.0478,1.04795,1.00,1.00
2015.06.08 19:18:02.670,1.04783,1.04795,1.00,1.00
2015.06.08 19:18:05.449,1.04781,1.04795,1.00,1.00
2015.06.08 19:18:05.991,1.04781,1.04794,1.00,1.00
2015.06.08 19:18:06.184,1.04783,1.04794,1.00,1.00
2015.06.08 19:18:06.388,1.04783,1.04798,1.00,1.37
2015.06.08 19:18:06.489,1.04783,1.04799,1.00,1.87
2015.06.08 19:18:06.998,1.04783,1.048,1.00,1.00
2015.06.08 19:18:09.020,1.04783,1.04802,1.50,1.37
2015.06.08 19:18:09.478,1.04783,1.04798,1.50,1.00
2015.06.08 19:18:10.014,1.04783,1.04799,1.50,1.00
2015.06.08 19:18:18.236,1.04783,1.04798,1.00,1.00
2015.06.08 19:18:19.441,1.04783,1.04799,1.00,1.12
2015.06.08 19:18:21.573,1.04783,1.04803,1.50,1.87
2015.06.08 19:18:22.272,1.04785,1.04801,1.00,1.12
2015.06.08 19:18:24.451,1.04785,1.04801,1.00,1.37
2015.06.08 19:18:24.502,1.04783,1.04801,1.50,1.37
2015.06.08 19:18:25.045,1.04783,1.04801,1.50,1.37
2015.06.08 19:18:28.833,1.04783,1.04802,1.50,1.37
2015.06.08 19:18:29.340,1.04782,1.04802,1.50,1.37
2015.06.08 19:18:47.250,1.04782,1.048,1.50,1.12
2015.06.08 19:18:47.759,1.04783,1.04801,1.50,1.12
2015.06.08 19:18:48.369,1.04783,1.04803,2.25,1.37
2015.06.08 19:18:49.373,1.04783,1.04802,2.25,1.37
2015.06.08 19:18:50.363,1.04783,1.048,2.25,1.37
2015.06.08 19:19:01.275,1.04783,1.048,2.25,1.00
2015.06.08 19:19:01.377,1.04783,1.04802,2.25,1.12
2015.06.08 19:19:01.886,1.04783,1.04801,2.25,1.12
2015.06.08 19:19:02.202,1.04783,1.04801,2.25,1.37
2015.06.08 19:19:02.895,1.04783,1.04801,1.00,1.12
2015.06.08 19:19:05.615,1.04783,1.04802,1.00,1.12
2015.06.08 19:19:13.560,1.04783,1.04801,2.25,1.00
2015.06.08 19:19:18.635,1.04783,1.04802,2.25,1.12
2015.06.08 19:19:19.118,1.04783,1.04802,1.50,1.87
2015.06.08 19:19:20.122,1.04783,1.04799,1.00,1.00
2015.06.08 19:19:26.129,1.04783,1.048,1.50,1.00
2015.06.08 19:19:26.463,1.04783,1.04798,1.00,1.00
2015.06.08 19:19:26.566,1.04783,1.048,1.00,1.00
2015.06.08 19:19:27.075,1.04783,1.04801,1.00,1.00
2015.06.08 19:19:29.451,1.04784,1.04801,1.00,1.00
2015.06.08 19:19:36.129,1.04784,1.04802,1.00,1.12
2015.06.08 19:19:38.806,1.04783,1.04802,1.00,1.12
2015.06.08 19:19:38.857,1.04783,1.04801,1.00,1.37
2015.06.08 19:19:39.365,1.04783,1.048,1.00,1.37
2015.06.08 19:19:40.477,1.04783,1.04798,1.00,1.37
2015.06.08 19:19:40.680,1.0478,1.04796,1.00,1.37
2015.06.08 19:19:40.731,1.0478,1.04792,1.00,1.00
2015.06.08 19:19:40.884,1.04777,1.0479,1.00,1.00
2015.06.08 19:19:41.413,1.04777,1.04789,1.00,1.00
2015.06.08 19:19:41.716,1.04777,1.04791,1.00,1.00
2015.06.08 19:19:42.821,1.04777,1.0479,1.00,1.00
2015.06.08 19:19:43.699,1.04777,1.04791,1.00,1.00
2015.06.08 19:19:44.353,1.04777,1.04792,1.00,1.12
2015.06.08 19:19:47.570,1.04777,1.04793,1.00,1.12
2015.06.08 19:19:48.027,1.04777,1.04791,1.00,1.00
2015.06.08 19:19:50.986,1.04777,1.0479,1.00,1.00
2015.06.08 19:19:51.291,1.04773,1.04783,1.00,1.00
2015.06.08 19:19:51.393,1.04769,1.04783,1.00,1.00
2015.06.08 19:19:53.707,1.04769,1.04784,1.00,1.87
2015.06.08 19:19:59.190,1.0477,1.04784,1.00,1.00
2015.06.08 19:20:07.058,1.0477,1.04783,1.00,1.00
2015.06.08 19:20:07.110,1.04772,1.04783,1.50,1.00
2015.06.08 19:20:07.263,1.04774,1.04791,1.00,1.00
2015.06.08 19:20:07.774,1.04775,1.04791,1.50,1.00
2015.06.08 19:20:08.316,1.04775,1.0479,1.50,1.00
2015.06.08 19:20:11.501,1.04775,1.04791,2.25,1.12
2015.06.08 19:20:12.898,1.04776,1.04791,1.00,1.00
2015.06.08 19:20:16.150,1.04776,1.0479,1.00,1.00
2015.06.08 19:20:18.310,1.04778,1.0479,1.00,1.00
2015.06.08 19:20:19.534,1.04777,1.0479,1.00,1.00
2015.06.08 19:20:19.686,1.04777,1.04792,1.00,1.12
2015.06.08 19:20:20.196,1.04777,1.04791,1.00,1.00
2015.06.08 19:20:21.987,1.04777,1.0479,1.00,1.00
2015.06.08 19:20:27.767,1.04774,1.0479,1.00,1.50
2015.06.08 19:20:28.401,1.04774,1.04792,1.00,2.25
2015.06.08 19:20:28.978,1.04774,1.04791,1.00,1.00
2015.06.08 19:20:29.386,1.04774,1.04793,1.50,1.50
2015.06.08 19:20:31.459,1.04776,1.04793,1.00,1.50
2015.06.08 19:20:33.567,1.04776,1.04794,1.50,1.00
2015.06.08 19:20:33.968,1.04777,1.04796,1.00,1.12
2015.06.08 19:20:34.477,1.04777,1.04795,1.00,1.00
2015.06.08 19:20:35.271,1.04775,1.04793,1.00,1.37
2015.06.08 19:20:35.584,1.04773,1.04789,1.00,1.00
2015.06.08 19:20:42.962,1.04774,1.04789,1.12,1.00
2015.06.08 19:20:43.115,1.04777,1.04794,1.00,1.00
2015.06.08 19:20:43.166,1.04779,1.04796,1.00,1.00
2015.06.08 19:20:43.710,1.04779,1.04797,1.00,1.50
2015.06.08 19:20:44.149,1.04779,1.04795,1.00,1.00
2015.06.08 19:20:46.110,1.04779,1.04797,1.37,1.50
2015.06.08 19:20:46.315,1.0478,1.048,1.87,1.50
2015.06.08 19:20:46.827,1.0478,1.04799,1.50,1.00
2015.06.08 19:20:47.335,1.04779,1.04798,1.00,1.50
2015.06.08 19:20:47.843,1.04779,1.04797,1.00,1.00
2015.06.08 19:20:48.289,1.0478,1.04799,1.50,1.50
2015.06.08 19:20:48.798,1.0478,1.048,1.50,2.62
2015.06.08 19:20:49.103,1.04782,1.048,1.50,1.00
2015.06.08 19:20:49.429,1.04779,1.04796,1.00,1.00
2015.06.08 19:20:49.531,1.04779,1.04798,1.00,1.50
2015.06.08 19:20:49.787,1.04781,1.04798,1.00,1.00
2015.06.08 19:20:50.297,1.04781,1.04798,1.00,1.37
2015.06.08 19:20:50.808,1.04781,1.04798,1.00,1.12
2015.06.08 19:20:51.478,1.04781,1.04798,1.00,1.87
2015.06.08 19:20:51.582,1.04779,1.04798,1.00,2.62
2015.06.08 19:20:51.779,1.04778,1.04797,1.00,1.37
2015.06.08 19:20:52.089,1.04775,1.04792,1.00,1.37
2015.06.08 19:20:52.596,1.04775,1.04791,1.00,1.37
2015.06.08 19:20:54.642,1.04773,1.0479,1.50,1.37
2015.06.08 19:20:55.156,1.04773,1.04788,1.50,1.12
2015.06.08 19:20:56.698,1.04773,1.04791,2.62,1.00
2015.06.08 19:20:56.749,1.04775,1.04793,1.50,1.50
2015.06.08 19:20:56.800,1.04776,1.04795,1.12,1.50
2015.06.08 19:20:57.003,1.04778,1.04796,1.00,1.00
2015.06.08 19:20:57.516,1.04778,1.04797,1.00,1.12
2015.06.08 19:20:58.096,1.04778,1.04796,1.00,1.00
2015.06.08 19:21:04.975,1.04779,1.04796,1.00,1.00
2015.06.08 19:21:09.211,1.0478,1.04797,1.00,1.00
2015.06.08 19:21:09.731,1.04779,1.04798,1.00,2.62
2015.06.08 19:21:11.487,1.04777,1.04797,2.25,1.12
2015.06.08 19:21:11.538,1.04777,1.04797,1.00,1.87
2015.06.08 19:21:11.742,1.04773,1.0479,2.25,1.12
2015.06.08 19:21:11.894,1.04775,1.04792,1.00,1.37
2015.06.08 19:21:13.354,1.04775,1.04792,1.00,1.00
2015.06.08 19:21:17.591,1.04776,1.04792,1.00,1.12
2015.06.08 19:21:29.631,1.04775,1.04792,1.00,1.12
2015.06.08 19:21:30.528,1.04774,1.04791,1.00,1.00
2015.06.08 19:21:30.848,1.04773,1.04789,2.25,1.00
2015.06.08 19:21:32.086,1.04773,1.04789,2.25,1.37
2015.06.08 19:21:32.422,1.04776,1.04793,1.00,1.00
2015.06.08 19:21:32.728,1.04776,1.04795,1.00,2.62
2015.06.08 19:21:40.148,1.0478,1.04795,1.00,1.50
2015.06.08 19:21:40.652,1.04781,1.04795,1.00,1.00
2015.06.08 19:21:41.163,1.04781,1.04796,1.00,1.00
2015.06.08 19:21:41.761,1.04781,1.04797,1.00,1.00
2015.06.08 19:21:42.366,1.04779,1.04797,1.00,1.00
2015.06.08 19:21:48.100,1.04779,1.04797,1.00,1.37
2015.06.08 19:21:48.304,1.04779,1.04797,1.00,1.37
2015.06.08 19:21:50.785,1.04779,1.04796,1.00,1.87
2015.06.08 19:21:53.162,1.04777,1.04796,1.00,1.87
2015.06.08 19:21:53.681,1.04777,1.04796,1.00,1.00
2015.06.08 19:22:01.938,1.04777,1.04797,1.00,2.25
2015.06.08 19:22:02.439,1.04778,1.04797,1.00,1.50
2015.06.08 19:22:04.883,1.04778,1.04796,1.00,1.00
2015.06.08 19:22:08.762,1.04778,1.04797,1.00,1.87
2015.06.08 19:22:10.586,1.0478,1.04797,1.00,1.00
2015.06.08 19:22:17.719,1.0478,1.04798,1.00,2.62
2015.06.08 19:22:18.024,1.04782,1.04797,1.00,1.00
2015.06.08 19:22:18.227,1.04784,1.04801,1.00,1.00
2015.06.08 19:22:19.253,1.04784,1.04802,1.00,1.50
2015.06.08 19:22:21.391,1.04784,1.04801,1.00,1.00
2015.06.08 19:22:21.893,1.04784,1.04802,1.00,1.50
2015.06.08 19:22:28.431,1.04785,1.04802,1.00,1.50
2015.06.08 19:22:28.957,1.04785,1.04801,1.00,1.37
2015.06.08 19:22:29.213,1.04783,1.04801,1.00,1.50
2015.06.08 19:22:30.522,1.04783,1.04802,1.00,2.62
2015.06.08 19:22:34.938,1.04782,1.04802,1.50,1.87
2015.06.08 19:22:35.474,1.04782,1.04801,1.00,1.00
2015.06.08 19:22:36.284,1.04782,1.04799,1.00,1.00
2015.06.08 19:22:36.437,1.04782,1.04801,1.00,1.87
2015.06.08 19:22:46.840,1.04783,1.04801,1.00,1.87
2015.06.08 19:22:47.803,1.04783,1.04802,1.00,2.62
2015.06.08 19:22:49.307,1.04783,1.04801,1.00,1.87
2015.06.08 19:23:11.678,1.04782,1.04801,1.00,1.12
2015.06.08 19:23:11.731,1.04782,1.048,1.00,1.37
2015.06.08 19:23:12.037,1.04782,1.04801,1.50,1.00
2015.06.08 19:23:12.140,1.04782,1.048,1.00,1.50
2015.06.08 19:23:12.546,1.0478,1.04797,1.00,1.37
2015.06.08 19:23:15.263,1.0478,1.04795,1.00,1.00
2015.06.08 19:23:15.769,1.0478,1.04796,1.00,1.00
2015.06.08 19:23:19.549,1.04779,1.04796,1.50,1.00
2015.06.08 19:23:20.875,1.04779,1.04798,1.00,1.37
2015.06.08 19:23:28.267,1.0478,1.04798,1.00,1.37
2015.06.08 19:23:29.585,1.04779,1.04798,1.50,1.37
2015.06.08 19:23:30.270,1.04779,1.04797,1.50,1.37
2015.06.08 19:23:31.400,1.04779,1.04797,1.00,1.87
2015.06.08 19:23:31.451,1.04777,1.04796,1.00,1.37
2015.06.08 19:23:31.503,1.04777,1.04796,1.00,1.37
2015.06.08 19:23:32.011,1.04776,1.04792,1.65,1.37
2015.06.08 19:23:47.027,1.04775,1.04792,1.65,1.37
2015.06.08 19:23:51.457,1.04778,1.04791,1.00,1.37
2015.06.08 19:23:53.269,1.04778,1.04792,1.00,1.37
2015.06.08 19:24:02.755,1.04783,1.04795,1.00,1.87
2015.06.08 19:24:02.806,1.04785,1.04795,1.00,1.12
2015.06.08 19:24:02.908,1.04789,1.04799,1.00,1.00
2015.06.08 19:24:03.010,1.04785,1.04799,1.50,1.00
2015.06.08 19:24:03.112,1.04785,1.04803,1.00,1.00
2015.06.08 19:24:03.664,1.04785,1.04804,1.00,1.00
2015.06.08 19:24:04.210,1.04786,1.04804,1.00,1.12
2015.06.08 19:24:11.421,1.04787,1.04805,1.00,1.37
2015.06.08 19:24:12.627,1.04786,1.04805,1.00,1.37
2015.06.08 19:24:13.239,1.04785,1.04803,1.00,1.00
2015.06.08 19:24:20.396,1.04785,1.04801,1.00,1.00
2015.06.08 19:24:21.045,1.04784,1.04802,1.00,1.00
2015.06.08 19:24:21.571,1.04784,1.04801,1.00,1.00
2015.06.08 19:24:25.333,1.04783,1.04801,1.00,3.75
2015.06.08 19:24:27.231,1.04783,1.04801,1.00,4.12
2015.06.08 19:24:27.762,1.04783,1.04801,1.00,4.12
2015.06.08 19:24:28.851,1.04783,1.048,1.00,1.37
2015.06.08 19:24:30.175,1.04782,1.048,1.00,3.37
2015.06.08 19:24:32.256,1.04782,1.048,1.00,3.37
2015.06.08 19:24:38.456,1.0478,1.04798,1.00,1.75
2015.06.08 19:24:38.609,1.04777,1.04795,1.00,1.37
2015.06.08 19:24:39.119,1.04776,1.04795,1.20,4.87
2015.06.08 19:24:41.055,1.04778,1.04795,1.00,4.87
2015.06.08 19:24:41.107,1.04778,1.04795,1.00,1.00
2015.06.08 19:24:41.312,1.04778,1.04798,1.50,1.37
2015.06.08 19:24:41.363,1.0478,1.04798,1.00,1.37
2015.06.08 19:24:48.879,1.0478,1.048,1.00,4.87
2015.06.08 19:24:49.386,1.04781,1.04799,1.00,4.12
2015.06.08 19:24:55.091,1.04779,1.04798,1.00,4.87
2015.06.08 19:24:55.142,1.04779,1.04796,1.00,3.37
2015.06.08 19:24:55.193,1.04777,1.04796,1.50,4.12
2015.06.08 19:25:04.231,1.04777,1.04795,1.00,4.12
2015.06.08 19:25:16.473,1.04777,1.04792,1.00,1.12
2015.06.08 19:25:17.021,1.04778,1.04793,1.00,1.37
2015.06.08 19:25:18.203,1.04778,1.04793,1.00,1.37
2015.06.08 19:25:18.633,1.04776,1.04793,1.20,1.37
2015.06.08 19:25:19.136,1.04776,1.04792,1.20,1.37
2015.06.08 19:25:19.935,1.04775,1.04791,1.65,1.37
2015.06.08 19:25:20.037,1.04777,1.04795,1.00,1.87
2015.06.08 19:25:20.240,1.04777,1.04796,1.00,1.37
2015.06.08 19:25:20.291,1.04777,1.04796,1.00,1.37
2015.06.08 19:25:20.431,1.04777,1.04796,1.00,1.87
2015.06.08 19:25:21.122,1.04777,1.04796,1.00,4.87
2015.06.08 19:25:21.629,1.04777,1.04796,1.00,1.37
2015.06.08 19:25:24.530,1.04777,1.04796,1.00,4.87
2015.06.08 19:25:25.832,1.04778,1.04794,1.00,1.37
2015.06.08 19:25:25.935,1.04776,1.04794,1.20,1.37
2015.06.08 19:25:28.722,1.04776,1.04795,1.20,4.87
2015.06.08 19:25:28.977,1.04773,1.04793,1.00,4.87
2015.06.08 19:25:29.129,1.04776,1.04792,1.00,3.37
2015.06.08 19:25:38.972,1.04774,1.0479,1.00,1.37
2015.06.08 19:25:44.982,1.04776,1.0479,1.00,1.37
2015.06.08 19:25:46.737,1.04773,1.04789,1.00,1.12
2015.06.08 19:25:53.646,1.04772,1.04789,3.00,1.12
2015.06.08 19:25:54.299,1.04772,1.0479,3.00,1.37
2015.06.08 19:25:54.806,1.04772,1.0479,1.00,4.87
2015.06.08 19:25:55.208,1.0477,1.04789,1.00,4.87
2015.06.08 19:25:55.411,1.04769,1.04788,1.00,4.87
2015.06.08 19:26:00.762,1.04767,1.04785,1.00,1.12
2015.06.08 19:26:00.864,1.04765,1.04785,1.50,1.12
2015.06.08 19:26:01.414,1.04765,1.04784,1.50,1.00
2015.06.08 19:26:17.746,1.04764,1.04784,1.50,3.75
2015.06.08 19:26:24.259,1.04764,1.04783,1.00,1.00
2015.06.08 19:26:24.767,1.04765,1.04783,1.00,1.37
2015.06.08 19:26:25.311,1.04765,1.04783,1.00,1.00
2015.06.08 19:26:28.236,1.04765,1.04782,1.00,1.00
2015.06.08 19:26:58.645,1.04763,1.04782,1.50,2.25
2015.06.08 19:26:58.747,1.04765,1.04782,1.00,1.50
2015.06.08 19:27:07.147,1.04768,1.04782,1.00,1.00
2015.06.08 19:27:17.678,1.04767,1.04782,1.00,1.12
2015.06.08 19:27:29.897,1.04766,1.04783,1.00,4.12
2015.06.08 19:27:30.411,1.04766,1.04783,1.00,4.50
2015.06.08 19:27:33.881,1.04766,1.04784,1.00,1.12
2015.06.08 19:27:34.187,1.04768,1.04784,1.00,1.00
2015.06.08 19:27:35.348,1.04765,1.04784,1.87,1.00
2015.06.08 19:27:40.652,1.04765,1.04784,1.87,1.00
2015.06.08 19:27:47.150,1.04767,1.04784,1.00,1.00
2015.06.08 19:27:47.506,1.04766,1.04786,1.50,2.25
2015.06.08 19:27:48.729,1.04766,1.04785,1.00,1.00
2015.06.08 19:27:49.252,1.04766,1.04786,1.00,3.37
2015.06.08 19:27:54.276,1.04766,1.04785,3.75,1.00
2015.06.08 19:27:56.227,1.04767,1.04785,3.00,1.00
2015.06.08 19:27:56.790,1.04767,1.04786,3.00,2.25
2015.06.08 19:28:06.477,1.0477,1.04786,1.00,1.00
2015.06.08 19:28:06.782,1.04778,1.04795,1.00,1.50
2015.06.08 19:28:07.344,1.04786,1.04797,1.35,1.00
2015.06.08 19:28:07.598,1.04783,1.04795,1.00,1.00
2015.06.08 19:28:07.700,1.04779,1.04796,1.00,1.00
2015.06.08 19:28:08.158,1.04779,1.04794,1.00,1.00
2015.06.08 19:28:08.699,1.04778,1.04794,1.50,1.12
2015.06.08 19:28:09.206,1.04778,1.04797,1.00,1.87
2015.06.08 19:28:15.374,1.04779,1.04796,1.00,1.37
2015.06.08 19:28:19.749,1.04779,1.04797,1.00,1.12
2015.06.08 19:28:19.901,1.0478,1.04799,1.00,1.50
2015.06.08 19:28:20.435,1.0478,1.04799,1.50,1.37
2015.06.08 19:28:23.731,1.0478,1.04799,1.50,1.37
2015.06.08 19:28:24.087,1.04778,1.04798,1.50,1.87
2015.06.08 19:28:24.931,1.04777,1.04794,1.00,1.00
2015.06.08 19:28:25.084,1.04775,1.04794,1.00,1.50
2015.06.08 19:28:25.135,1.04777,1.04794,1.00,1.00
2015.06.08 19:28:26.587,1.04777,1.04795,1.00,1.50
2015.06.08 19:28:27.109,1.04777,1.04794,1.00,1.00
2015.06.08 19:28:29.343,1.04777,1.04795,2.62,1.00
2015.06.08 19:28:29.650,1.04784,1.04802,1.00,1.50
2015.06.08 19:28:32.960,1.04784,1.04801,1.00,1.00
2015.06.08 19:28:33.469,1.04783,1.04801,1.00,1.00
2015.06.08 19:28:35.478,1.04783,1.04802,1.00,2.25
2015.06.08 19:28:35.996,1.04783,1.04802,1.00,1.87
2015.06.08 19:28:43.644,1.04782,1.04802,1.50,1.87
2015.06.08 19:28:51.231,1.04781,1.04801,1.50,1.12
2015.06.08 19:28:57.050,1.04782,1.04801,1.00,1.12
2015.06.08 19:28:57.357,1.04784,1.04802,1.00,1.00
2015.06.08 19:28:58.094,1.04784,1.04803,1.00,1.00
2015.06.08 19:28:58.645,1.04783,1.04803,1.87,1.00
2015.06.08 19:29:00.155,1.04783,1.04802,1.12,1.00
2015.06.08 19:29:00.595,1.04783,1.04802,1.00,1.37
2015.06.08 19:29:01.102,1.0478,1.04801,1.50,2.62
2015.06.08 19:29:01.638,1.0478,1.048,1.00,1.00
2015.06.08 19:29:02.178,1.0478,1.04801,1.50,2.62
2015.06.08 19:29:05.815,1.0478,1.048,1.00,1.87
2015.06.08 19:29:05.918,1.0478,1.04799,1.87,1.00
2015.06.08 19:29:05.969,1.0478,1.04801,2.62,2.25
2015.06.08 19:29:08.181,1.04782,1.04801,1.50,1.00
2015.06.08 19:29:12.145,1.04784,1.04801,1.12,1.00
2015.06.08 19:29:12.298,1.04783,1.04804,4.12,1.50
2015.06.08 19:29:12.887,1.04787,1.04805,1.00,1.50
2015.06.08 19:29:13.448,1.04786,1.04805,1.00,1.00
2015.06.08 19:29:13.959,1.04785,1.04805,2.25,1.00
2015.06.08 19:29:14.499,1.04785,1.04805,2.25,1.37
2015.06.08 19:29:24.013,1.04784,1.04804,1.00,1.87
2015.06.08 19:29:25.056,1.04784,1.04804,1.00,1.00
2015.06.08 19:29:25.561,1.04783,1.04804,3.00,1.12
2015.06.08 19:29:26.119,1.04784,1.04805,1.00,3.00
2015.06.08 19:29:26.442,1.04784,1.04805,1.00,3.37
2015.06.08 19:29:30.189,1.04783,1.04802,1.00,2.62
2015.06.08 19:29:30.342,1.0478,1.04798,1.50,1.87
2015.06.08 19:29:30.444,1.0478,1.04795,1.50,1.00
2015.06.08 19:29:30.546,1.0478,1.04797,1.50,1.00
2015.06.08 19:29:31.180,1.04781,1.04797,1.00,1.00
2015.06.08 19:29:32.178,1.04782,1.04797,1.00,1.00
2015.06.08 19:29:32.768,1.04782,1.04798,1.00,1.00
2015.06.08 19:29:32.819,1.04784,1.04798,1.00,1.00
2015.06.08 19:29:32.870,1.04784,1.04802,1.00,1.00
2015.06.08 19:29:33.277,1.04786,1.04803,1.00,1.37
2015.06.08 19:29:33.787,1.04785,1.048,1.00,1.00
2015.06.08 19:29:36.105,1.04784,1.048,1.00,1.12
2015.06.08 19:29:41.284,1.04783,1.04798,1.50,1.50
2015.06.08 19:29:41.437,1.04778,1.04791,1.00,1.37
2015.06.08 19:29:41.488,1.04772,1.04791,1.50,1.00
2015.06.08 19:29:41.539,1.04772,1.04787,1.00,1.00
2015.06.08 19:29:41.885,1.04771,1.04782,1.00,1.00
2015.06.08 19:29:42.141,1.04771,1.04784,1.00,1.00
2015.06.08 19:29:43.279,1.04772,1.04784,1.00,1.00
2015.06.08 19:29:43.533,1.04772,1.04787,1.00,1.12
2015.06.08 19:29:44.146,1.04773,1.04787,1.00,1.12
2015.06.08 19:29:44.526,1.04774,1.04789,1.00,1.12
2015.06.08 19:29:45.035,1.04775,1.04789,1.00,1.12
2015.06.08 19:29:45.543,1.04775,1.0479,1.00,1.00
2015.06.08 19:29:46.311,1.04775,1.04791,1.00,1.12
2015.06.08 19:29:46.514,1.04775,1.04791,1.00,1.37
2015.06.08 19:29:47.221,1.04776,1.04791,1.00,1.87
2015.06.08 19:29:47.323,1.04773,1.04787,1.00,1.37
2015.06.08 19:29:47.531,1.04773,1.04783,1.00,1.00
2015.06.08 19:29:47.582,1.04771,1.04783,1.50,1.00
2015.06.08 19:29:48.130,1.04771,1.04784,1.00,1.00
2015.06.08 19:29:49.143,1.04771,1.04783,1.00,1.12
2015.06.08 19:29:49.651,1.04772,1.04785,1.00,1.37
2015.06.08 19:29:50.476,1.04771,1.04785,1.00,1.37
2015.06.08 19:29:51.397,1.04772,1.04784,1.00,1.37
2015.06.08 19:29:51.915,1.04771,1.04784,1.00,1.12
2015.06.08 19:29:52.227,1.04771,1.04782,1.00,1.00
2015.06.08 19:29:52.786,1.04771,1.0478,1.00,1.00
2015.06.08 19:29:52.888,1.04771,1.04782,1.00,1.00
2015.06.08 19:29:54.047,1.04772,1.04783,1.00,1.37
2015.06.08 19:29:57.332,1.04771,1.04783,1.00,1.37
2015.06.08 19:29:58.424,1.04773,1.04784,1.00,1.37
2015.06.08 19:29:59.192,1.04772,1.04784,1.00,1.37
2015.06.08 19:29:59.888,1.04772,1.04785,1.00,1.37
2015.06.08 19:30:00.174,1.04771,1.04785,1.00,1.12
2015.06.08 19:30:00.710,1.04772,1.04785,1.00,1.12
2015.06.08 19:30:00.913,1.04772,1.04784,1.00,1.37
2015.06.08 19:30:00.965,1.0477,1.04784,1.00,1.37
2015.06.08 19:30:01.470,1.0477,1.04785,1.00,1.37
2015.06.08 19:30:01.872,1.04772,1.04786,1.00,1.37
2015.06.08 19:30:06.276,1.04772,1.04786,1.00,1.12
2015.06.08 19:30:07.385,1.04772,1.04787,1.00,1.00
2015.06.08 19:30:07.691,1.04774,1.04788,1.00,1.37
2015.06.08 19:30:07.995,1.04772,1.04785,1.00,1.37
2015.06.08 19:30:08.452,1.0477,1.04785,1.00,1.37
2015.06.08 19:30:08.957,1.04769,1.04785,1.00,1.37
2015.06.08 19:30:12.634,1.04771,1.04785,1.00,1.37
2015.06.08 19:30:13.142,1.0477,1.04785,1.00,1.37
2015.06.08 19:30:16.037,1.04771,1.04785,1.00,1.12
2015.06.08 19:30:16.088,1.04771,1.04783,1.00,1.00
2015.06.08 19:30:16.190,1.04771,1.04788,1.00,1.37
2015.06.08 19:30:16.241,1.04772,1.04788,1.00,1.37
2015.06.08 19:30:16.546,1.04773,1.04787,1.00,1.37
2015.06.08 19:30:16.647,1.04773,1.04788,1.00,1.37
2015.06.08 19:30:19.350,1.04772,1.04785,1.00,1.12
2015.06.08 19:30:19.868,1.04773,1.04786,1.00,1.37
2015.06.08 19:30:20.457,1.04772,1.04786,1.00,1.37
2015.06.08 19:30:21.748,1.04772,1.04786,1.00,1.12
2015.06.08 19:30:22.197,1.04774,1.04787,1.00,1.12
2015.06.08 19:30:23.540,1.04775,1.04788,1.00,1.00
2015.06.08 19:30:23.614,1.04776,1.0479,1.00,1.00
2015.06.08 19:30:23.716,1.04776,1.04793,1.00,1.00
2015.06.08 19:30:23.768,1.04778,1.04795,1.00,2.25
2015.06.08 19:30:24.074,1.04778,1.04793,1.00,1.00
2015.06.08 19:30:24.615,1.04778,1.04794,1.00,1.00
2015.06.08 19:30:25.126,1.04778,1.04795,1.00,2.62
2015.06.08 19:30:25.673,1.04778,1.04794,1.00,1.00
2015.06.08 19:30:26.276,1.04778,1.04795,1.00,2.62
2015.06.08 19:30:27.261,1.04777,1.04795,1.00,2.62
2015.06.08 19:30:27.780,1.04777,1.04794,1.00,1.37
2015.06.08 19:30:28.990,1.04777,1.04794,1.00,2.25
2015.06.08 19:30:39.997,1.04777,1.04794,1.00,1.37
2015.06.08 19:30:40.250,1.04775,1.04792,1.00,1.37
2015.06.08 19:30:40.776,1.04775,1.04792,1.00,1.37
2015.06.08 19:30:44.621,1.04774,1.04791,1.00,1.12
2015.06.08 19:30:48.153,1.04775,1.04791,1.00,1.12
2015.06.08 19:30:51.771,1.04775,1.04791,1.00,1.37
2015.06.08 19:30:52.275,1.04775,1.04791,1.00,2.62
2015.06.08 19:30:52.439,1.04775,1.04791,1.00,2.62
2015.06.08 19:30:55.107,1.04774,1.04791,1.00,2.62
2015.06.08 19:30:56.261,1.04774,1.0479,1.00,1.12
2015.06.08 19:30:57.179,1.04774,1.0479,1.00,1.37
2015.06.08 19:30:57.483,1.04774,1.04784,1.00,1.37
2015.06.08 19:31:01.963,1.04774,1.04783,1.00,1.12
2015.06.08 19:31:02.291,1.04774,1.04782,1.00,1.37
2015.06.08 19:31:02.539,1.04774,1.04784,1.00,1.50
2015.06.08 19:31:03.403,1.04774,1.04784,1.00,1.37
2015.06.08 19:31:03.888,1.04774,1.04785,1.00,1.00
2015.06.08 19:31:05.626,1.04774,1.04786,1.00,1.50
2015.06.08 19:31:06.750,1.04768,1.04786,1.00,1.00
2015.06.08 19:31:07.056,1.04769,1.04788,1.00,1.00
2015.06.08 19:31:07.310,1.04771,1.04788,1.00,1.00
2015.06.08 19:31:07.844,1.04772,1.04788,1.00,1.00
2015.06.08 19:31:08.892,1.04772,1.04789,1.00,3.37
2015.06.08 19:31:09.235,1.04774,1.04791,1.00,1.87
2015.06.08 19:31:09.540,1.04773,1.04789,1.00,1.87
2015.06.08 19:31:09.745,1.04771,1.04788,1.00,1.37
2015.06.08 19:31:10.167,1.04773,1.04788,1.00,1.00
2015.06.08 19:31:10.321,1.04775,1.04792,1.00,1.50
2015.06.08 19:31:10.373,1.04777,1.04793,1.00,1.00
2015.06.08 19:31:10.882,1.04776,1.04793,1.00,1.00
2015.06.08 19:31:11.468,1.04777,1.04793,1.00,1.00
2015.06.08 19:31:12.543,1.04777,1.04793,1.00,1.37
2015.06.08 19:31:13.051,1.04777,1.04793,1.00,1.37
2015.06.08 19:31:19.377,1.04776,1.04786,1.00,1.00
2015.06.08 19:31:19.530,1.04772,1.04786,1.50,1.00
2015.06.08 19:31:19.864,1.0477,1.04784,1.50,1.00
2015.06.08 19:31:20.016,1.0477,1.04787,1.00,2.25
2015.06.08 19:31:20.067,1.04772,1.04787,1.00,1.50
2015.06.08 19:31:20.574,1.04772,1.04788,1.00,1.00
2015.06.08 19:31:21.081,1.04772,1.04788,1.00,1.37
2015.06.08 19:31:21.366,1.04767,1.04783,1.50,1.12
2015.06.08 19:31:22.025,1.04768,1.04783,1.00,1.00
2015.06.08 19:31:22.386,1.04767,1.04781,1.00,1.00
2015.06.08 19:31:22.896,1.04766,1.04779,1.00,1.00
2015.06.08 19:31:24.750,1.04766,1.04781,1.00,1.87
2015.06.08 19:31:25.259,1.04766,1.0478,1.00,1.00
2015.06.08 19:31:25.772,1.04766,1.04779,1.00,1.00
2015.06.08 19:31:28.886,1.04765,1.04779,1.00,1.00
2015.06.08 19:31:29.415,1.04764,1.04778,1.00,1.00
2015.06.08 19:31:31.540,1.04764,1.04779,1.00,1.00
2015.06.08 19:31:32.050,1.04765,1.04779,1.00,1.00
2015.06.08 19:31:38.257,1.04765,1.0478,1.00,1.00
2015.06.08 19:31:38.766,1.04766,1.0478,1.00,1.00
2015.06.08 19:31:43.585,1.04765,1.0478,1.00,1.00
2015.06.08 19:31:44.095,1.04766,1.0478,1.00,1.00
2015.06.08 19:31:44.672,1.04765,1.0478,1.00,1.00
2015.06.08 19:31:46.428,1.04765,1.04781,1.00,1.00
2015.06.08 19:31:46.637,1.04765,1.04784,1.00,1.50
2015.06.08 19:31:46.792,1.04767,1.04784,1.00,1.00
2015.06.08 19:31:47.324,1.0477,1.04784,1.00,1.00
2015.06.08 19:31:47.631,1.0477,1.04786,1.00,1.00
2015.06.08 19:31:47.784,1.04772,1.04787,1.00,1.00
2015.06.08 19:31:47.975,1.04772,1.04789,1.00,1.12
2015.06.08 19:31:48.026,1.04775,1.0479,1.00,1.87
2015.06.08 19:31:48.539,1.04774,1.04789,1.00,1.12
2015.06.08 19:31:49.512,1.04774,1.0479,1.00,1.00
2015.06.08 19:31:49.838,1.04778,1.04794,1.00,1.50
2015.06.08 19:31:52.127,1.04778,1.04793,1.00,1.00
2015.06.08 19:31:52.666,1.04777,1.04794,1.00,1.00
2015.06.08 19:31:53.178,1.04778,1.04794,1.00,1.00
2015.06.08 19:31:57.625,1.04778,1.04796,1.00,1.50
2015.06.08 19:31:57.676,1.04778,1.04794,1.00,1.00
2015.06.08 19:31:57.981,1.04776,1.0479,1.00,1.00
2015.06.08 19:31:58.804,1.04776,1.0479,1.00,1.37
2015.06.08 19:31:59.009,1.04777,1.04793,1.00,2.62
2015.06.08 19:31:59.111,1.04777,1.04787,1.00,1.00
2015.06.08 19:31:59.367,1.04775,1.04789,1.00,1.00
2015.06.08 19:31:59.418,1.04778,1.0479,1.00,1.00
2015.06.08 19:31:59.520,1.04778,1.04793,1.00,1.00
2015.06.08 19:31:59.623,1.04778,1.0479,1.00,1.00
2015.06.08 19:31:59.675,1.04776,1.0479,1.00,1.50
2015.06.08 19:31:59.879,1.04778,1.04791,1.00,1.00
2015.06.08 19:32:00.223,1.04784,1.04797,1.00,1.00
2015.06.08 19:32:00.733,1.04783,1.04796,1.00,1.50
2015.06.08 19:32:01.260,1.04782,1.04796,1.00,1.00
2015.06.08 19:32:01.720,1.04783,1.04798,1.00,1.12
2015.06.08 19:32:02.728,1.04783,1.04799,1.00,1.00
2015.06.08 19:32:03.182,1.04785,1.04801,1.00,1.37
2015.06.08 19:32:03.284,1.04789,1.04805,1.00,1.50
2015.06.08 19:32:03.488,1.04791,1.04805,1.00,1.00
2015.06.08 19:32:03.590,1.04791,1.04808,1.00,1.00
2015.06.08 19:32:04.134,1.04792,1.04808,1.00,1.00
2015.06.08 19:32:04.684,1.04791,1.04808,1.00,1.00
2015.06.08 19:32:05.347,1.04792,1.04808,1.00,1.12
2015.06.08 19:32:06.263,1.0479,1.04808,1.00,1.87
2015.06.08 19:32:06.481,1.04787,1.04803,1.00,1.00
2015.06.08 19:32:06.888,1.04788,1.04806,1.00,1.00
2015.06.08 19:32:06.940,1.04791,1.04806,1.00,1.00
2015.06.08 19:32:06.991,1.04791,1.04808,1.00,1.50
2015.06.08 19:32:07.247,1.04789,1.04808,2.25,1.00
2015.06.08 19:32:07.349,1.04791,1.04805,1.00,1.00
2015.06.08 19:32:07.860,1.04791,1.04804,1.00,1.00
2015.06.08 19:32:08.219,1.04789,1.04803,1.50,1.00
2015.06.08 19:32:08.438,1.04791,1.04806,1.00,1.37
2015.06.08 19:32:08.591,1.04791,1.04808,1.00,2.25
2015.06.08 19:32:09.120,1.04792,1.04808,1.00,1.50
2015.06.08 19:32:10.124,1.04792,1.04808,1.00,1.37
2015.06.08 19:32:10.534,1.04794,1.04808,1.00,1.37
2015.06.08 19:32:10.589,1.04794,1.04811,1.00,1.00
2015.06.08 19:32:10.640,1.04799,1.04811,1.00,1.00
2015.06.08 19:32:10.691,1.04799,1.04815,1.00,1.37
2015.06.08 19:32:10.793,1.04797,1.04815,1.00,1.75
2015.06.08 19:32:10.896,1.04797,1.04813,1.00,1.00
2015.06.08 19:32:11.483,1.04796,1.04813,1.00,1.50
2015.06.08 19:32:11.993,1.04796,1.04813,1.00,1.87
2015.06.08 19:32:12.552,1.04793,1.04813,1.50,1.87
2015.06.08 19:32:13.089,1.04793,1.04812,1.50,1.37
2015.06.08 19:32:13.399,1.04795,1.04813,1.00,1.37
2015.06.08 19:32:13.958,1.04793,1.04813,1.50,1.37
2015.06.08 19:32:14.009,1.04793,1.04811,1.50,1.37
2015.06.08 19:32:14.158,1.04793,1.04811,1.50,1.37
2015.06.08 19:32:14.311,1.04795,1.04813,1.00,1.00
2015.06.08 19:32:14.363,1.04795,1.04815,1.00,1.50
2015.06.08 19:32:14.517,1.04797,1.04815,1.00,1.00
2015.06.08 19:32:15.046,1.04798,1.04816,1.00,1.00
2015.06.08 19:32:15.329,1.04799,1.04818,1.50,1.00
2015.06.08 19:32:15.838,1.04799,1.04817,1.50,1.00
2015.06.08 19:32:15.889,1.04799,1.04815,1.50,1.00
2015.06.08 19:32:15.993,1.04797,1.04816,1.00,1.00
2015.06.08 19:32:16.503,1.04796,1.04816,1.50,1.00
2015.06.08 19:32:17.558,1.04796,1.04816,1.50,1.37
2015.06.08 19:32:18.065,1.04796,1.04816,1.50,1.37
2015.06.08 19:32:18.575,1.04796,1.04816,1.50,1.37
2015.06.08 19:32:18.728,1.04796,1.04814,1.50,1.37
2015.06.08 19:32:19.134,1.04794,1.04812,1.00,1.37
2015.06.08 19:32:19.443,1.04793,1.04811,1.00,1.37
2015.06.08 19:32:19.797,1.04791,1.04811,1.00,1.87
2015.06.08 19:32:20.321,1.0479,1.04809,1.50,1.87
2015.06.08 19:32:21.446,1.0479,1.04809,1.50,2.62
2015.06.08 19:32:22.095,1.04792,1.0481,1.00,1.37
2015.06.08 19:32:22.197,1.04793,1.0481,1.00,1.37
2015.06.08 19:32:22.825,1.04793,1.04813,1.50,1.87
2015.06.08 19:32:23.281,1.04794,1.04813,1.00,2.25
2015.06.08 19:32:23.793,1.04793,1.04813,1.00,2.62
2015.06.08 19:32:25.206,1.04793,1.04813,1.00,2.62
2015.06.08 19:32:28.086,1.04793,1.04813,1.00,1.87
2015.06.08 19:32:29.116,1.04793,1.0481,1.00,1.37
2015.06.08 19:32:29.167,1.0479,1.04809,1.00,1.37
2015.06.08 19:32:29.679,1.0479,1.04809,1.00,1.87
2015.06.08 19:32:34.251,1.0479,1.04809,1.00,2.62
2015.06.08 19:32:34.657,1.04791,1.04812,1.00,1.50
2015.06.08 19:32:34.759,1.0479,1.0481,1.00,1.00
2015.06.08 19:32:34.861,1.0479,1.04812,1.50,2.25
2015.06.08 19:32:36.020,1.0479,1.0481,1.00,1.50
2015.06.08 19:32:36.428,1.04792,1.0481,1.00,1.00
2015.06.08 19:32:36.581,1.04794,1.04813,1.00,1.00
2015.06.08 19:32:36.632,1.04794,1.04815,1.00,1.00
2015.06.08 19:32:36.836,1.04797,1.04817,1.00,1.50
2015.06.08 19:32:37.554,1.04797,1.04815,1.00,1.37
2015.06.08 19:32:37.759,1.04793,1.04812,1.00,1.00
2015.06.08 19:32:37.861,1.04791,1.04812,1.50,1.00
2015.06.08 19:32:38.161,1.04791,1.04809,1.00,1.00
2015.06.08 19:32:38.822,1.04791,1.04811,1.00,1.50
2015.06.08 19:32:40.798,1.04791,1.0481,1.00,1.00
2015.06.08 19:32:42.173,1.04791,1.0481,1.00,1.37
2015.06.08 19:32:42.683,1.04791,1.0481,1.00,1.37
2015.06.08 19:32:43.222,1.04791,1.0481,1.00,1.87
2015.06.08 19:32:43.363,1.04791,1.04809,1.00,1.37
2015.06.08 19:32:43.467,1.04791,1.04809,1.00,1.87
2015.06.08 19:32:43.774,1.04788,1.0481,2.25,1.87
2015.06.08 19:32:43.876,1.04791,1.0481,1.00,1.00
2015.06.08 19:32:43.978,1.04791,1.04813,1.50,1.00
2015.06.08 19:32:48.848,1.04791,1.04812,1.87,1.00
2015.06.08 19:32:48.900,1.04791,1.04812,1.50,1.37
2015.06.08 19:32:49.232,1.0479,1.04809,1.00,1.37
2015.06.08 19:32:49.283,1.04788,1.04809,1.50,1.37
2015.06.08 19:32:50.587,1.04788,1.04809,1.00,1.87
2015.06.08 19:32:51.104,1.04788,1.04808,1.00,1.50
2015.06.08 19:32:51.802,1.04788,1.04807,1.00,1.37
2015.06.08 19:32:52.414,1.04788,1.04807,1.00,1.37
2015.06.08 19:32:52.517,1.04788,1.04807,1.12,1.50
2015.06.08 19:32:52.569,1.04788,1.04809,1.12,1.00
2015.06.08 19:32:52.824,1.04788,1.0481,1.50,1.87
2015.06.08 19:32:52.984,1.04788,1.0481,1.50,1.87
2015.06.08 19:32:54.331,1.04788,1.0481,1.50,1.87
2015.06.08 19:32:54.687,1.04789,1.0481,1.87,1.00
2015.06.08 19:32:54.890,1.04792,1.04814,1.00,1.87
2015.06.08 19:32:55.515,1.04792,1.04814,1.87,1.87
2015.06.08 19:32:56.046,1.04793,1.04814,1.12,1.50
2015.06.08 19:32:59.570,1.04792,1.04814,3.37,1.87
2015.06.08 19:33:00.235,1.04793,1.04814,1.12,1.50
2015.06.08 19:33:00.746,1.04792,1.04814,3.37,1.87
2015.06.08 19:33:02.848,1.04792,1.04814,3.00,1.87
2015.06.08 19:33:03.056,1.04792,1.04814,1.50,1.87
2015.06.08 19:33:03.364,1.04792,1.04808,1.00,1.37
2015.06.08 19:33:03.618,1.04787,1.04808,1.00,1.87
2015.06.08 19:33:04.555,1.04787,1.04808,1.00,1.37
2015.06.08 19:33:06.460,1.04787,1.04808,1.00,1.37
2015.06.08 19:33:07.060,1.04787,1.04808,1.00,1.37
2015.06.08 19:33:11.452,1.04787,1.04808,1.00,1.37
2015.06.08 19:33:12.061,1.04787,1.04808,1.00,1.37
2015.06.08 19:33:12.658,1.04787,1.04808,1.00,1.37
2015.06.08 19:33:12.962,1.04787,1.04808,1.00,1.12
2015.06.08 19:33:14.786,1.04787,1.04808,1.00,1.87
2015.06.08 19:33:14.989,1.04787,1.04808,1.00,1.87
2015.06.08 19:33:15.193,1.04787,1.04808,1.00,1.87
2015.06.08 19:33:15.803,1.04787,1.04808,1.00,1.87
2015.06.08 19:33:17.018,1.04787,1.04808,1.00,2.62
2015.06.08 19:33:17.947,1.04787,1.04808,1.00,1.87
2015.06.08 19:33:20.526,1.04787,1.04808,1.00,1.12
2015.06.08 19:33:21.299,1.04789,1.04809,1.00,1.50
2015.06.08 19:33:21.604,1.04792,1.04811,1.00,1.50
2015.06.08 19:33:25.567,1.04792,1.04811,1.00,1.87
2015.06.08 19:33:25.771,1.04787,1.04809,2.25,1.87
2015.06.08 19:33:26.279,1.04787,1.04809,1.50,1.87
2015.06.08 19:33:30.373,1.04787,1.04808,1.50,1.37
2015.06.08 19:33:34.668,1.04787,1.04809,1.87,3.37
2015.06.08 19:33:34.821,1.04787,1.04807,1.00,1.37
2015.06.08 19:33:35.076,1.04783,1.04805,1.50,1.50
2015.06.08 19:33:35.686,1.04783,1.04805,3.00,1.87
2015.06.08 19:33:36.800,1.04784,1.04805,1.00,1.87
2015.06.08 19:33:37.115,1.04787,1.04805,1.00,1.37
2015.06.08 19:33:37.592,1.04787,1.04806,1.00,1.12
2015.06.08 19:33:38.406,1.04787,1.04806,1.00,1.37
2015.06.08 19:33:38.547,1.04787,1.04807,1.00,1.00
2015.06.08 19:33:38.650,1.04788,1.04809,1.00,1.50
2015.06.08 19:33:39.637,1.04787,1.04809,2.25,1.87
2015.06.08 19:33:40.154,1.04787,1.04807,1.00,1.37
2015.06.08 19:33:40.714,1.04787,1.04807,1.00,1.37
2015.06.08 19:33:41.221,1.04787,1.04807,1.00,1.37
2015.06.08 19:33:41.728,1.04787,1.04807,1.00,2.25
2015.06.08 19:33:42.237,1.04785,1.04806,1.00,1.87
2015.06.08 19:33:44.424,1.04784,1.04805,1.00,1.37
2015.06.08 19:33:45.054,1.04784,1.04805,1.00,1.37
2015.06.08 19:33:45.257,1.04784,1.04803,1.00,1.37
2015.06.08 19:33:46.058,1.04784,1.04803,1.00,2.25
2015.06.08 19:33:46.367,1.04781,1.048,1.00,1.75
2015.06.08 19:33:47.857,1.04781,1.048,1.00,2.25
2015.06.08 19:33:48.137,1.04778,1.04799,1.50,1.50
2015.06.08 19:33:48.188,1.04778,1.048,1.50,2.25
2015.06.08 19:33:48.341,1.0478,1.048,1.50,1.00
2015.06.08 19:33:48.647,1.04783,1.04803,1.00,1.00
2015.06.08 19:33:48.749,1.04784,1.04806,1.00,2.25
2015.06.08 19:33:49.208,1.04784,1.04803,1.00,1.00
2015.06.08 19:33:49.361,1.04781,1.04802,1.50,1.50
2015.06.08 19:33:49.769,1.04783,1.04803,1.00,1.50
2015.06.08 19:33:50.231,1.04785,1.04805,1.00,1.00
2015.06.08 19:33:50.739,1.04785,1.04805,1.00,1.37
2015.06.08 19:33:51.168,1.04785,1.04805,1.00,1.37
2015.06.08 19:33:51.976,1.04785,1.04804,1.00,1.50
2015.06.08 19:33:52.129,1.04782,1.04804,1.50,2.25
2015.06.08 19:33:52.181,1.04782,1.04803,1.00,1.37
2015.06.08 19:33:54.993,1.04782,1.04801,1.00,1.12
2015.06.08 19:33:55.495,1.04782,1.04802,1.00,1.87
2015.06.08 19:33:55.698,1.04782,1.048,1.00,1.75
2015.06.08 19:33:55.903,1.04779,1.048,1.00,1.50
2015.06.08 19:33:56.106,1.04781,1.048,1.00,1.00
2015.06.08 19:33:56.377,1.04782,1.04803,1.00,1.00
2015.06.08 19:33:56.633,1.04785,1.04804,1.50,1.00
2015.06.08 19:33:56.940,1.04793,1.04808,1.00,1.00
2015.06.08 19:33:57.093,1.04793,1.04812,1.00,1.50
2015.06.08 19:33:57.607,1.04794,1.04812,1.00,1.00
2015.06.08 19:33:58.128,1.0479,1.0481,1.00,1.37
2015.06.08 19:33:58.382,1.04787,1.04808,1.00,1.00
2015.06.08 19:34:01.164,1.04789,1.04808,1.00,1.12
2015.06.08 19:34:01.475,1.04791,1.04809,1.00,1.00
2015.06.08 19:34:01.830,1.04793,1.0481,1.00,1.00
2015.06.08 19:34:02.338,1.04794,1.0481,1.00,1.00
2015.06.08 19:34:02.502,1.0479,1.04809,1.00,1.12
2015.06.08 19:34:02.553,1.0479,1.04809,1.00,1.37
2015.06.08 19:34:02.706,1.0479,1.04809,1.00,1.12
2015.06.08 19:34:03.887,1.0479,1.04808,1.00,1.00
2015.06.08 19:34:03.989,1.04786,1.04807,1.00,1.00
2015.06.08 19:34:04.496,1.04785,1.04807,2.62,1.50
2015.06.08 19:34:05.017,1.04785,1.04807,2.25,1.87
2015.06.08 19:34:05.823,1.04785,1.04807,2.25,1.87
2015.06.08 19:34:06.327,1.04785,1.04807,2.25,1.87
2015.06.08 19:34:06.836,1.04785,1.04806,1.50,1.37
2015.06.08 19:34:07.749,1.04785,1.04806,1.50,1.00
2015.06.08 19:34:09.191,1.04786,1.04806,1.00,1.00
2015.06.08 19:34:09.346,1.04793,1.04807,1.00,1.00
2015.06.08 19:34:10.324,1.04791,1.04807,1.00,1.00
2015.06.08 19:34:10.425,1.04788,1.04807,1.00,1.12
2015.06.08 19:34:11.315,1.04787,1.04807,1.00,1.12
2015.06.08 19:34:11.620,1.04785,1.04806,1.00,1.50
2015.06.08 19:34:12.172,1.04785,1.04806,1.00,1.87
2015.06.08 19:34:13.382,1.04785,1.04806,1.00,1.87
2015.06.08 19:34:14.945,1.04785,1.04806,1.37,1.50
2015.06.08 19:34:15.172,1.0479,1.04806,1.00,1.00
2015.06.08 19:34:15.479,1.04786,1.04807,1.00,1.00
2015.06.08 19:34:15.582,1.04793,1.04807,1.00,1.00
2015.06.08 19:34:16.131,1.04792,1.04807,1.00,1.00
2015.06.08 19:34:16.234,1.04788,1.04807,1.00,1.00
2015.06.08 19:34:17.930,1.04791,1.04807,1.00,1.00
2015.06.08 19:34:18.437,1.04791,1.04807,1.00,1.37
2015.06.08 19:34:18.803,1.04794,1.04807,1.00,1.37
2015.06.08 19:34:19.391,1.04794,1.04807,1.00,1.00
2015.06.08 19:34:19.646,1.04792,1.04807,1.00,1.00
2015.06.08 19:34:19.798,1.04787,1.04807,1.00,1.37
2015.06.08 19:34:20.306,1.04788,1.04806,1.00,1.12
2015.06.08 19:34:21.883,1.04789,1.04806,1.00,1.00
2015.06.08 19:34:22.511,1.04793,1.04806,1.00,1.00
2015.06.08 19:34:23.059,1.04794,1.04806,1.00,1.00
2015.06.08 19:34:23.567,1.04793,1.04806,1.00,1.00
2015.06.08 19:34:24.360,1.04795,1.04806,1.00,1.00
2015.06.08 19:34:24.668,1.04802,1.04814,1.00,1.00
2015.06.08 19:34:25.890,1.04801,1.04814,1.00,1.00
2015.06.08 19:34:31.541,1.048,1.04814,1.00,1.00
2015.06.08 19:34:32.268,1.04801,1.04814,1.00,1.00
2015.06.08 19:34:32.421,1.04808,1.04814,1.00,1.00
2015.06.08 19:34:32.473,1.04808,1.04818,1.00,1.00
2015.06.08 19:34:32.524,1.04802,1.04818,1.87,1.00
2015.06.08 19:34:32.779,1.04803,1.04821,1.00,1.00
2015.06.08 19:34:33.297,1.04804,1.04821,1.00,1.00
2015.06.08 19:34:34.385,1.04803,1.04821,1.00,1.00
2015.06.08 19:34:43.545,1.04803,1.04821,1.00,1.37
2015.06.08 19:34:43.647,1.04803,1.04821,1.00,1.37
2015.06.08 19:34:43.853,1.04799,1.04818,1.00,1.37
2015.06.08 19:34:43.955,1.04799,1.04818,1.00,1.37
2015.06.08 19:34:45.042,1.04798,1.04817,1.00,1.12
2015.06.08 19:34:45.549,1.04797,1.04817,1.00,1.00
2015.06.08 19:34:46.142,1.04796,1.04817,2.25,1.00
2015.06.08 19:34:46.346,1.04798,1.04816,1.00,1.00
2015.06.08 19:34:47.487,1.04797,1.04816,1.00,1.00
2015.06.08 19:34:52.399,1.04796,1.04816,1.00,1.00
2015.06.08 19:34:53.070,1.04797,1.04816,1.00,1.00
2015.06.08 19:34:57.722,1.04797,1.04815,1.00,1.00
2015.06.08 19:34:58.027,1.04799,1.04814,1.00,1.00
2015.06.08 19:34:58.333,1.04804,1.04814,1.00,1.00
2015.06.08 19:34:58.387,1.04804,1.04819,1.00,1.50
2015.06.08 19:34:58.592,1.04806,1.04819,1.00,1.00
2015.06.08 19:34:59.357,1.04804,1.04819,1.00,1.00
2015.06.08 19:34:59.514,1.048,1.04819,1.00,1.87
2015.06.08 19:34:59.819,1.048,1.04818,1.00,1.37
2015.06.08 19:35:00.329,1.048,1.04816,1.00,1.00
2015.06.08 19:35:00.994,1.04798,1.04816,1.00,1.00
2015.06.08 19:35:01.512,1.04799,1.04816,1.00,1.12
2015.06.08 19:35:01.671,1.04801,1.04816,1.00,1.00
2015.06.08 19:35:02.107,1.04804,1.04816,1.00,1.00
2015.06.08 19:35:02.414,1.04805,1.04819,1.00,1.57
2015.06.08 19:35:02.465,1.04805,1.04819,1.00,1.50
2015.06.08 19:35:04.426,1.04806,1.04819,1.00,1.00
2015.06.08 19:35:04.630,1.04807,1.04822,1.00,1.00
2015.06.08 19:35:04.733,1.04804,1.04821,1.00,1.00
2015.06.08 19:35:04.836,1.0481,1.04822,1.00,1.00
2015.06.08 19:35:05.144,1.04815,1.04827,1.00,1.00
2015.06.08 19:35:05.655,1.04816,1.04827,1.00,1.00
2015.06.08 19:35:05.758,1.04816,1.04829,1.00,1.00
2015.06.08 19:35:06.301,1.04816,1.0483,1.00,3.00
2015.06.08 19:35:06.815,1.04815,1.0483,1.00,3.00
2015.06.08 19:35:07.323,1.04814,1.04829,1.00,1.00
2015.06.08 19:35:07.477,1.04812,1.04829,1.00,1.00
2015.06.08 19:35:08.197,1.04812,1.04828,1.00,1.50
2015.06.08 19:35:08.300,1.04811,1.04826,1.00,1.00
2015.06.08 19:35:08.352,1.04808,1.04826,1.50,1.87
2015.06.08 19:35:08.453,1.04808,1.04824,1.00,1.00
2015.06.08 19:35:08.963,1.04807,1.04824,1.00,1.50
2015.06.08 19:35:12.462,1.04809,1.04824,1.00,1.00
2015.06.08 19:35:12.770,1.04815,1.04825,1.00,1.00
2015.06.08 19:35:12.821,1.04815,1.04827,1.00,1.00
2015.06.08 19:35:13.317,1.04813,1.04827,1.00,1.00
2015.06.08 19:35:13.824,1.04812,1.04827,1.00,1.00
2015.06.08 19:35:14.369,1.04811,1.04827,1.00,1.00
2015.06.08 19:35:16.202,1.04809,1.04827,1.00,1.00
2015.06.08 19:35:16.355,1.04809,1.04824,1.00,1.00
2015.06.08 19:35:16.508,1.04806,1.04824,1.00,1.87
2015.06.08 19:35:16.661,1.04805,1.04821,1.00,1.00
2015.06.08 19:35:17.633,1.04807,1.04821,1.00,1.00
2015.06.08 19:35:17.971,1.0481,1.04821,1.00,1.00
2015.06.08 19:35:18.023,1.04812,1.04825,1.00,1.00
2015.06.08 19:35:19.787,1.04813,1.04825,1.00,1.00
2015.06.08 19:35:20.716,1.04812,1.04825,1.00,1.00
2015.06.08 19:35:24.436,1.04813,1.04825,1.00,1.00
2015.06.08 19:35:25.321,1.04812,1.04825,1.00,1.00
2015.06.08 19:35:29.814,1.04813,1.04825,1.00,1.00
2015.06.08 19:35:30.322,1.04812,1.04825,1.00,1.00
2015.06.08 19:35:30.526,1.04812,1.04825,1.37,1.00
2015.06.08 19:35:30.680,1.04816,1.0483,1.00,1.50
2015.06.08 19:35:32.027,1.04813,1.0483,1.12,1.50
2015.06.08 19:35:33.032,1.04811,1.0483,1.00,1.87
2015.06.08 19:35:33.236,1.04811,1.04828,1.00,1.00
2015.06.08 19:35:37.841,1.04813,1.0483,1.37,1.00
2015.06.08 19:35:38.095,1.04818,1.04833,1.00,1.00
2015.06.08 19:35:40.007,1.04818,1.04834,1.00,1.50
2015.06.08 19:35:44.675,1.04817,1.04834,1.00,1.00
2015.06.08 19:35:52.159,1.04818,1.04834,1.00,1.00
2015.06.08 19:35:54.894,1.04827,1.04834,1.00,1.00
2015.06.08 19:35:55.354,1.04825,1.04834,1.00,1.00
2015.06.08 19:35:56.108,1.04824,1.04834,1.00,1.00
2015.06.08 19:35:56.648,1.04825,1.04834,1.00,1.00
2015.06.08 19:35:57.221,1.04826,1.04834,1.00,1.00
2015.06.08 19:35:59.291,1.04825,1.04834,1.00,1.00
2015.06.08 19:35:59.837,1.04826,1.04834,1.00,1.00
2015.06.08 19:36:00.576,1.04827,1.04834,1.12,1.00
2015.06.08 19:36:00.627,1.0483,1.04834,1.00,1.00
2015.06.08 19:36:00.933,1.04832,1.04836,1.00,1.00
2015.06.08 19:36:01.595,1.04833,1.04837,1.00,1.00
2015.06.08 19:36:02.125,1.04832,1.04836,1.00,1.00
2015.06.08 19:36:02.634,1.04833,1.04837,1.00,1.00
2015.06.08 19:36:03.587,1.04831,1.04835,1.00,1.00
2015.06.08 19:36:04.117,1.04832,1.04836,1.00,1.00
2015.06.08 19:36:04.352,1.04834,1.04838,1.00,1.00
2015.06.08 19:36:04.455,1.04825,1.04837,2.25,1.00
2015.06.08 19:36:04.609,1.04839,1.04843,1.00,1.00
2015.06.08 19:36:04.660,1.04836,1.04841,1.00,1.00
2015.06.08 19:36:04.763,1.0483,1.04838,1.50,1.00
2015.06.08 19:36:04.816,1.04831,1.04836,1.00,1.00
2015.06.08 19:36:05.020,1.04826,1.04834,1.00,1.00
2015.06.08 19:36:05.122,1.04821,1.04834,1.00,1.00
2015.06.08 19:36:05.275,1.04818,1.04834,1.00,1.00
2015.06.08 19:36:05.784,1.04817,1.04834,1.00,1.00
2015.06.08 19:36:06.444,1.04816,1.04834,1.50,1.00
2015.06.08 19:36:06.694,1.04814,1.04832,1.00,1.00
2015.06.08 19:36:06.848,1.04812,1.04833,1.00,1.87
2015.06.08 19:36:07.205,1.04811,1.04829,1.00,1.00
2015.06.08 19:36:07.519,1.04815,1.0483,1.00,1.00
2015.06.08 19:36:07.724,1.04816,1.04833,1.00,1.00
2015.06.08 19:36:10.190,1.04817,1.04833,1.00,1.00
2015.06.08 19:36:10.750,1.04818,1.04833,1.00,1.00
2015.06.08 19:36:11.257,1.04817,1.04833,1.00,1.00
2015.06.08 19:36:12.401,1.04819,1.04833,1.00,1.00
2015.06.08 19:36:12.909,1.0482,1.04834,1.00,1.00
2015.06.08 19:36:14.373,1.04819,1.04834,1.00,1.00
2015.06.08 19:36:14.932,1.0482,1.04834,1.00,1.00
2015.06.08 19:36:17.472,1.04821,1.04834,1.00,1.00
2015.06.08 19:36:21.993,1.04822,1.04834,1.00,1.00
2015.06.08 19:36:23.046,1.04821,1.04834,1.00,1.00
2015.06.08 19:36:25.249,1.04829,1.04834,1.00,1.00
2015.06.08 19:36:25.757,1.0483,1.04834,1.00,1.00
2015.06.08 19:36:31.559,1.04829,1.04834,1.00,1.00
2015.06.08 19:36:31.704,1.04826,1.04834,1.00,1.00
2015.06.08 19:36:31.755,1.04823,1.04834,1.00,1.00
2015.06.08 19:36:31.959,1.04821,1.04834,1.00,1.00
2015.06.08 19:36:32.495,1.04822,1.04834,1.00,1.00
2015.06.08 19:36:32.852,1.04825,1.04834,1.00,1.00
2015.06.08 19:36:33.378,1.04826,1.04834,1.00,1.00
2015.06.08 19:36:34.179,1.04827,1.04834,1.00,1.00
2015.06.08 19:36:34.484,1.04829,1.04834,1.00,1.00
2015.06.08 19:36:36.060,1.0483,1.04834,1.00,1.00
2015.06.08 19:36:36.163,1.04827,1.04834,1.00,1.00
2015.06.08 19:36:36.265,1.04824,1.04834,1.00,1.00
2015.06.08 19:36:36.772,1.04823,1.04834,1.00,1.00
2015.06.08 19:36:37.689,1.04824,1.04834,1.00,1.00
2015.06.08 19:36:38.766,1.04822,1.04834,1.00,1.00
2015.06.08 19:36:39.686,1.04821,1.04834,1.00,1.00
2015.06.08 19:36:40.209,1.04823,1.04834,1.00,1.00
2015.06.08 19:36:40.518,1.04825,1.04834,1.00,1.00
2015.06.08 19:36:41.335,1.04822,1.04834,1.00,1.00
2015.06.08 19:36:45.696,1.04819,1.04834,1.00,1.00
2015.06.08 19:36:48.868,1.04819,1.04833,1.00,1.00
2015.06.08 19:36:48.920,1.04817,1.04833,1.00,1.50
2015.06.08 19:36:49.074,1.0481,1.04829,1.50,1.37
2015.06.08 19:36:49.126,1.0481,1.04829,1.00,1.87
2015.06.08 19:36:49.177,1.04806,1.04827,2.25,1.37
2015.06.08 19:36:51.577,1.04806,1.04824,1.00,1.00
2015.06.08 19:36:51.629,1.04806,1.04823,1.00,1.37
2015.06.08 19:36:51.681,1.04803,1.04822,1.00,1.37
2015.06.08 19:36:51.779,1.04801,1.0482,1.00,1.37
2015.06.08 19:36:51.932,1.04801,1.0482,1.00,1.37
2015.06.08 19:36:52.447,1.04801,1.0482,1.00,1.12
2015.06.08 19:36:55.130,1.04801,1.0482,1.00,1.37
2015.06.08 19:36:55.335,1.048,1.0482,1.50,1.12
2015.06.08 19:36:55.438,1.048,1.04819,1.00,1.37
2015.06.08 19:36:55.953,1.04799,1.04819,1.00,1.00
2015.06.08 19:36:56.004,1.04797,1.04819,3.75,1.00
2015.06.08 19:36:57.662,1.04797,1.04819,3.00,1.37
2015.06.08 19:36:58.172,1.04797,1.04817,1.00,1.37
2015.06.08 19:36:58.223,1.04795,1.04816,1.00,1.37
2015.06.08 19:36:59.252,1.04795,1.04816,1.00,1.12
2015.06.08 19:37:00.150,1.04796,1.04816,1.12,1.00
2015.06.08 19:37:00.252,1.04797,1.04816,1.87,1.00
2015.06.08 19:37:00.659,1.048,1.04816,1.00,1.00
2015.06.08 19:37:01.205,1.04799,1.04816,1.00,1.00
2015.06.08 19:37:02.859,1.04798,1.04816,1.12,1.00
2015.06.08 19:37:03.367,1.04797,1.04816,2.25,1.00
2015.06.08 19:37:04.867,1.04796,1.04816,1.00,1.00
2015.06.08 19:37:08.996,1.04795,1.04816,1.50,1.12
2015.06.08 19:37:15.299,1.04794,1.04816,2.25,1.12
2015.06.08 19:37:15.820,1.04794,1.04815,1.00,1.00
2015.06.08 19:37:17.623,1.04793,1.04815,1.00,1.87
2015.06.08 19:37:18.240,1.04793,1.04813,1.00,1.00
2015.06.08 19:37:18.546,1.04798,1.04815,1.00,1.00
2015.06.08 19:37:18.852,1.04802,1.04818,1.00,1.00
2015.06.08 19:37:18.963,1.04801,1.0482,1.00,1.00
2015.06.08 19:37:19.014,1.04801,1.04822,1.00,1.50
2015.06.08 19:37:19.167,1.04805,1.04822,1.00,1.00
2015.06.08 19:37:19.472,1.04812,1.04825,1.00,1.00
2015.06.08 19:37:19.575,1.04812,1.04828,1.00,1.00
2015.06.08 19:37:19.731,1.0481,1.04828,1.00,1.00
2015.06.08 19:37:22.569,1.04811,1.04828,1.00,1.00
2015.06.08 19:37:26.197,1.0481,1.04828,1.00,1.00
2015.06.08 19:37:26.708,1.04809,1.04828,1.00,1.50
2015.06.08 19:37:29.145,1.04808,1.04828,1.00,1.50
2015.06.08 19:37:29.655,1.04807,1.04828,1.00,1.87
2015.06.08 19:37:29.757,1.04806,1.04826,1.50,1.12
2015.06.08 19:37:30.264,1.04806,1.04826,1.00,1.37
2015.06.08 19:37:31.615,1.04806,1.04826,1.00,1.37
2015.06.08 19:37:31.936,1.04804,1.04825,1.00,1.87
2015.06.08 19:37:34.930,1.04803,1.04825,2.25,2.62
2015.06.08 19:37:35.068,1.04803,1.04825,1.50,3.00
2015.06.08 19:37:35.577,1.04803,1.04823,1.50,1.37
2015.06.08 19:37:36.245,1.04803,1.04822,1.00,1.87
2015.06.08 19:37:36.451,1.04801,1.04822,1.00,1.50
2015.06.08 19:37:37.303,1.04802,1.04822,1.00,1.00
2015.06.08 19:37:38.284,1.04801,1.04822,1.50,1.12
2015.06.08 19:37:38.335,1.04801,1.04822,1.00,1.87
2015.06.08 19:37:38.637,1.04799,1.04818,1.00,1.37
2015.06.08 19:37:38.688,1.04797,1.04818,1.50,1.37
2015.06.08 19:37:39.197,1.04797,1.04818,1.50,1.37
2015.06.08 19:37:42.941,1.04797,1.04818,1.00,1.00
2015.06.08 19:37:44.585,1.04798,1.04818,1.00,1.00
2015.06.08 19:37:45.026,1.048,1.04818,1.00,1.00
2015.06.08 19:37:45.078,1.04802,1.04821,1.00,1.00
2015.06.08 19:37:45.129,1.04804,1.04821,1.00,1.00
2015.06.08 19:37:45.180,1.04804,1.04824,3.00,1.00
2015.06.08 19:37:45.231,1.04806,1.04826,1.00,1.00
2015.06.08 19:37:45.538,1.04809,1.04826,1.00,1.00
2015.06.08 19:37:46.050,1.04808,1.04826,1.00,1.00
2015.06.08 19:37:47.956,1.04806,1.04826,2.25,1.00
2015.06.08 19:37:48.362,1.04805,1.04825,1.00,1.37
2015.06.08 19:37:48.668,1.04804,1.04819,1.00,1.50
2015.06.08 19:37:48.766,1.04799,1.04819,1.00,1.00
2015.06.08 19:37:48.868,1.04801,1.04821,1.00,2.25
2015.06.08 19:37:49.680,1.04802,1.04823,1.00,1.00
2015.06.08 19:37:50.187,1.04803,1.04824,1.00,1.12
2015.06.08 19:37:51.357,1.04805,1.04824,1.00,1.00
2015.06.08 19:37:51.674,1.0481,1.04827,1.00,1.50
2015.06.08 19:37:51.726,1.04805,1.04827,1.50,1.50
2015.06.08 19:37:52.082,1.04805,1.04825,1.00,1.00
2015.06.08 19:37:52.389,1.04803,1.04823,1.00,1.00
2015.06.08 19:37:55.998,1.04802,1.04823,1.12,1.00
2015.06.08 19:37:58.293,1.04804,1.04823,1.00,1.00
2015.06.08 19:37:59.765,1.04805,1.04823,1.00,1.00
2015.06.08 19:38:00.070,1.04808,1.04823,1.00,1.00
2015.06.08 19:38:00.623,1.04809,1.04826,1.00,1.00
2015.06.08 19:38:01.134,1.0481,1.04826,1.00,1.00
2015.06.08 19:38:01.287,1.04805,1.04826,1.87,1.00
2015.06.08 19:38:01.800,1.04806,1.04826,1.00,1.00
2015.06.08 19:38:03.139,1.0481,1.04826,1.00,1.00
2015.06.08 19:38:03.648,1.04809,1.04826,1.00,1.00
2015.06.08 19:38:04.157,1.0481,1.04826,1.00,1.00
2015.06.08 19:38:04.918,1.04809,1.04826,1.00,1.00
2015.06.08 19:38:17.815,1.04809,1.04827,1.00,1.00
2015.06.08 19:38:18.322,1.04806,1.04827,2.62,1.00
2015.06.08 19:38:18.794,1.04806,1.04827,2.62,1.00
2015.06.08 19:38:22.959,1.04806,1.04827,2.62,1.00
2015.06.08 19:38:23.467,1.04805,1.04826,1.50,1.12
2015.06.08 19:38:23.569,1.04805,1.04824,1.50,1.00
2015.06.08 19:38:23.671,1.04803,1.04823,1.00,1.00
2015.06.08 19:38:24.183,1.04802,1.04823,1.00,1.12
2015.06.08 19:38:24.691,1.04801,1.04823,1.50,1.87
2015.06.08 19:38:25.198,1.04801,1.04823,1.50,1.87
2015.06.08 19:38:26.068,1.04801,1.04823,1.50,1.87
2015.06.08 19:38:28.071,1.04801,1.04823,1.87,1.50
2015.06.08 19:38:28.958,1.04803,1.04823,1.00,1.00
2015.06.08 19:38:29.474,1.04803,1.04823,1.87,1.00
2015.06.08 19:38:29.778,1.04804,1.04823,1.87,1.00
2015.06.08 19:38:29.982,1.04805,1.04827,1.37,2.25
2015.06.08 19:38:30.288,1.04805,1.04827,1.87,2.25
2015.06.08 19:38:31.217,1.04806,1.04827,1.37,2.25
2015.06.08 19:38:31.536,1.04804,1.04823,1.00,1.12
2015.06.08 19:38:31.638,1.04802,1.04823,1.00,1.00
2015.06.08 19:38:32.147,1.04802,1.04822,1.00,1.00
2015.06.08 19:38:32.656,1.04801,1.04822,1.00,1.50
2015.06.08 19:38:34.248,1.04801,1.04822,1.00,1.87
2015.06.08 19:38:34.779,1.04801,1.04822,1.00,1.50
2015.06.08 19:38:35.262,1.04802,1.04823,1.37,1.00
2015.06.08 19:38:35.365,1.04802,1.04822,1.00,1.50
2015.06.08 19:38:36.216,1.04802,1.04822,1.00,1.87
2015.06.08 19:38:36.471,1.04802,1.04823,1.00,1.00
2015.06.08 19:38:36.677,1.04804,1.04823,1.12,1.00
2015.06.08 19:38:36.728,1.04804,1.04826,2.62,1.00
2015.06.08 19:38:37.585,1.04804,1.04826,2.62,1.00
2015.06.08 19:38:38.871,1.04804,1.04826,2.25,1.00
2015.06.08 19:38:39.564,1.04804,1.04826,2.62,1.00
2015.06.08 19:38:40.070,1.04804,1.04825,1.50,1.00
2015.06.08 19:38:42.524,1.04804,1.04826,1.87,2.25
2015.06.08 19:38:42.783,1.04804,1.04824,1.50,1.00
2015.06.08 19:38:44.218,1.04804,1.04823,1.00,1.37
2015.06.08 19:38:44.390,1.048,1.04819,1.00,1.37
2015.06.08 19:38:46.819,1.048,1.04819,1.00,1.37
2015.06.08 19:38:47.355,1.04799,1.04819,1.00,1.37
2015.06.08 19:38:57.998,1.04799,1.04819,1.00,1.00
2015.06.08 19:38:58.115,1.04801,1.04819,1.00,1.00
2015.06.08 19:38:58.268,1.04805,1.04824,1.00,1.50
2015.06.08 19:39:12.510,1.04806,1.04825,1.00,1.00
2015.06.08 19:39:13.018,1.04806,1.04826,1.50,1.12
2015.06.08 19:39:19.715,1.04806,1.04827,1.00,1.00
2015.06.08 19:39:24.678,1.0481,1.04827,1.00,1.00
2015.06.08 19:39:24.832,1.04811,1.04829,1.50,1.00
2015.06.08 19:39:24.884,1.04812,1.04833,1.00,1.50
2015.06.08 19:39:25.394,1.04811,1.04833,1.50,2.25
2015.06.08 19:39:26.005,1.04811,1.04831,1.50,1.00
2015.06.08 19:39:26.541,1.04811,1.04833,1.50,3.00
2015.06.08 19:39:30.858,1.04811,1.04833,2.25,1.00
2015.06.08 19:39:30.960,1.04813,1.04833,1.37,1.00
2015.06.08 19:39:31.062,1.04818,1.04834,1.00,1.00
2015.06.08 19:39:31.164,1.04816,1.04834,1.12,1.00
2015.06.08 19:39:32.370,1.04814,1.04834,1.87,1.00
2015.06.08 19:39:32.891,1.04814,1.04834,1.00,1.00
2015.06.08 19:39:33.397,1.04814,1.04834,1.87,1.00
2015.06.08 19:39:34.027,1.04814,1.04834,1.50,1.00
2015.06.08 19:39:34.981,1.04814,1.04834,1.87,1.00
2015.06.08 19:39:35.287,1.04819,1.04834,1.37,1.00
2015.06.08 19:39:36.537,1.0482,1.04834,1.37,1.00
2015.06.08 19:39:36.639,1.0482,1.04834,1.12,1.00
2015.06.08 19:39:40.128,1.04818,1.04834,1.12,1.00
2015.06.08 19:39:41.184,1.04819,1.04834,3.00,1.00
2015.06.08 19:39:41.493,1.04826,1.04834,1.00,1.00
2015.06.08 19:39:41.595,1.04821,1.04834,4.12,1.00
2015.06.08 19:39:41.800,1.04819,1.04834,3.75,1.00
2015.06.08 19:39:43.170,1.04818,1.04834,1.50,1.00
2015.06.08 19:39:43.678,1.04817,1.04834,1.00,1.00
2015.06.08 19:39:44.781,1.04815,1.04834,1.00,1.12
2015.06.08 19:39:45.293,1.04814,1.04834,1.00,1.12
2015.06.08 19:39:48.983,1.04814,1.04834,1.00,1.37
2015.06.08 19:39:49.136,1.04814,1.04828,1.00,1.00
2015.06.08 19:39:49.252,1.04809,1.04829,1.00,1.37
2015.06.08 19:39:49.355,1.04808,1.04828,1.00,1.37
2015.06.08 19:39:49.715,1.0481,1.04826,1.00,1.37
2015.06.08 19:39:49.766,1.0481,1.04827,1.00,1.00
2015.06.08 19:39:49.868,1.0481,1.04829,1.00,1.00
2015.06.08 19:39:50.122,1.04808,1.04829,4.50,1.00
2015.06.08 19:39:50.654,1.04808,1.0483,1.50,2.25
2015.06.08 19:39:50.757,1.04808,1.0483,1.50,2.62
2015.06.08 19:39:52.868,1.04808,1.0483,1.50,2.62
2015.06.08 19:39:53.756,1.0481,1.0483,3.00,2.25
2015.06.08 19:39:53.859,1.04811,1.0483,4.12,1.00
2015.06.08 19:39:53.911,1.04813,1.04833,1.00,1.50
2015.06.08 19:39:54.065,1.04811,1.04833,1.50,2.25
2015.06.08 19:39:54.167,1.04811,1.0483,1.50,1.00
2015.06.08 19:39:54.472,1.04811,1.04828,1.50,1.00
2015.06.08 19:39:55.256,1.04811,1.0483,1.00,1.37
2015.06.08 19:39:55.561,1.04808,1.04827,1.00,1.37
2015.06.08 19:39:56.079,1.04808,1.04827,1.00,1.37
2015.06.08 19:39:58.290,1.04808,1.04824,1.00,1.37
2015.06.08 19:39:58.443,1.04803,1.0482,1.00,1.12
2015.06.08 19:39:58.545,1.04803,1.04818,1.00,1.00
2015.06.08 19:39:58.748,1.04803,1.0482,1.00,1.00
2015.06.08 19:39:59.258,1.04803,1.04823,1.00,1.87
2015.06.08 19:39:59.309,1.04803,1.04823,1.00,1.87
2015.06.08 19:39:59.614,1.04804,1.04825,1.00,1.00
2015.06.08 19:39:59.666,1.04806,1.04825,3.75,1.00
2015.06.08 19:39:59.971,1.0481,1.04822,3.75,1.00
2015.06.08 19:40:00.655,1.04807,1.04822,3.75,1.00
2015.06.08 19:40:01.445,1.04806,1.04822,3.00,1.00
2015.06.08 19:40:02.948,1.04805,1.04822,3.00,1.00
2015.06.08 19:40:03.494,1.04804,1.04822,3.75,1.00
2015.06.08 19:40:05.398,1.04805,1.04821,3.00,1.00
2015.06.08 19:40:05.449,1.04809,1.04821,1.00,1.00
2015.06.08 19:40:05.602,1.04812,1.04825,3.00,1.00
2015.06.08 19:40:05.806,1.04809,1.04825,1.00,1.00
2015.06.08 19:40:06.314,1.04808,1.04825,1.00,1.15
2015.06.08 19:40:07.869,1.04805,1.04825,1.00,1.27
2015.06.08 19:40:10.122,1.04808,1.04827,1.00,1.00
2015.06.08 19:40:17.784,1.04808,1.0483,1.50,1.50
2015.06.08 19:40:24.483,1.0481,1.0483,1.00,1.00
2015.06.08 19:40:34.756,1.04812,1.0483,1.00,1.00
2015.06.08 19:40:34.858,1.04812,1.04832,1.00,1.00
2015.06.08 19:40:35.393,1.04813,1.04834,1.00,2.62
2015.06.08 19:40:35.733,1.04813,1.04834,1.00,2.25
2015.06.08 19:40:36.042,1.04813,1.04834,1.00,2.62
2015.06.08 19:40:36.143,1.04813,1.04834,1.00,2.62
2015.06.08 19:40:36.694,1.04813,1.04833,1.00,1.00
2015.06.08 19:40:37.216,1.04813,1.04832,1.00,1.00
2015.06.08 19:40:38.242,1.04813,1.04834,1.00,2.62
2015.06.08 19:40:38.789,1.04813,1.04834,1.00,2.25
2015.06.08 19:40:41.149,1.04814,1.04834,1.00,2.25
2015.06.08 19:40:46.566,1.04816,1.04834,1.00,1.00
2015.06.08 19:40:58.327,1.04814,1.04834,1.50,1.00
2015.06.08 19:41:02.882,1.04815,1.04834,1.00,1.00
2015.06.08 19:41:03.590,1.04814,1.04834,2.25,1.00
2015.06.08 19:41:03.641,1.04814,1.04834,2.62,1.00
2015.06.08 19:41:03.743,1.04814,1.04834,2.25,1.00
2015.06.08 19:41:04.120,1.04814,1.04832,1.00,1.00
2015.06.08 19:41:04.273,1.04808,1.04827,1.00,1.00
2015.06.08 19:41:04.324,1.04808,1.04825,1.00,1.00
2015.06.08 19:41:04.375,1.04804,1.04825,1.00,1.00
2015.06.08 19:41:04.833,1.04804,1.04823,1.00,1.00
2015.06.08 19:41:04.934,1.04801,1.04822,1.00,1.00
2015.06.08 19:41:05.478,1.04801,1.04822,1.00,1.37
2015.06.08 19:41:05.986,1.04801,1.04822,1.12,1.00
2015.06.08 19:41:06.889,1.04803,1.04822,1.00,1.00
2015.06.08 19:41:09.894,1.04801,1.04822,1.00,1.00
2015.06.08 19:41:10.110,1.04803,1.04822,1.37,1.00
2015.06.08 19:41:10.198,1.04803,1.04822,1.00,1.00
2015.06.08 19:41:10.300,1.04803,1.04825,1.50,1.00
2015.06.08 19:41:11.564,1.04803,1.04825,1.87,1.00
2015.06.08 19:41:13.780,1.04803,1.04825,1.50,1.00
2015.06.08 19:41:14.290,1.04803,1.04825,1.50,1.37
2015.06.08 19:41:14.813,1.04803,1.04825,1.50,1.50
2015.06.08 19:41:15.321,1.04803,1.04823,1.00,1.37
2015.06.08 19:41:16.050,1.04803,1.04823,1.00,1.12
2015.06.08 19:41:16.558,1.04801,1.04822,1.00,1.12
2015.06.08 19:41:20.230,1.04801,1.04822,1.00,1.37
2015.06.08 19:41:20.593,1.04803,1.04822,1.00,1.00
2015.06.08 19:41:20.645,1.04803,1.04824,1.50,1.00
2015.06.08 19:41:21.153,1.04803,1.04825,1.50,2.25
2015.06.08 19:41:21.662,1.04803,1.04825,1.87,2.25
2015.06.08 19:41:22.781,1.04805,1.04825,1.00,1.00
2015.06.08 19:41:26.159,1.04805,1.04825,1.87,1.00
2015.06.08 19:41:26.665,1.04805,1.04825,1.50,1.00
2015.06.08 19:41:31.063,1.04806,1.04827,1.50,1.00
2015.06.08 19:41:32.562,1.04812,1.04827,1.00,1.00
2015.06.08 19:41:32.749,1.04808,1.04828,1.50,1.00
2015.06.08 19:41:32.802,1.04808,1.04828,3.00,1.00
2015.06.08 19:41:32.854,1.0481,1.0483,1.37,1.00
2015.06.08 19:41:32.907,1.0481,1.0483,1.00,1.00
2015.06.08 19:41:33.415,1.04809,1.0483,1.00,1.00
2015.06.08 19:41:34.511,1.04809,1.0483,1.00,1.37
2015.06.08 19:41:35.401,1.04809,1.0483,1.00,1.12
2015.06.08 19:41:36.638,1.04809,1.04828,1.00,1.12
2015.06.08 19:41:36.791,1.04806,1.04826,2.25,1.00
2015.06.08 19:41:37.299,1.04806,1.04827,1.50,1.37
2015.06.08 19:41:37.842,1.04806,1.04827,1.50,1.37
2015.06.08 19:41:38.353,1.04806,1.04827,1.50,1.37
2015.06.08 19:41:38.582,1.04806,1.04828,1.50,1.87
2015.06.08 19:41:39.517,1.04806,1.04828,1.50,2.62
2015.06.08 19:41:39.914,1.04806,1.04828,1.50,3.00
2015.06.08 19:41:40.017,1.04806,1.04828,1.50,2.62
2015.06.08 19:41:41.481,1.04807,1.04828,1.00,1.87
2015.06.08 19:41:42.590,1.04807,1.04828,1.00,1.87
2015.06.08 19:41:42.692,1.04807,1.04828,1.00,1.87
2015.06.08 19:41:44.203,1.04807,1.04828,1.00,1.87
2015.06.08 19:41:44.509,1.04808,1.04828,1.50,1.00
2015.06.08 19:41:45.050,1.04807,1.04828,1.50,1.00
2015.06.08 19:41:47.312,1.04807,1.04828,2.25,1.37
2015.06.08 19:41:47.363,1.0481,1.04828,1.00,1.37
2015.06.08 19:41:47.465,1.0481,1.04829,1.00,1.00
2015.06.08 19:41:47.820,1.0481,1.04831,1.00,1.87
2015.06.08 19:41:48.329,1.0481,1.04831,1.00,1.87
2015.06.08 19:41:50.099,1.04809,1.04831,1.50,1.87
2015.06.08 19:41:50.150,1.04809,1.04831,1.50,1.87
2015.06.08 19:41:50.622,1.0481,1.04831,1.00,1.87
2015.06.08 19:41:50.723,1.0481,1.04831,1.00,1.87
2015.06.08 19:41:51.230,1.04809,1.04831,1.50,1.87
2015.06.08 19:41:52.759,1.04809,1.04829,1.00,1.00
2015.06.08 19:41:55.565,1.04809,1.04829,1.00,1.37
2015.06.08 19:41:55.981,1.04809,1.04829,1.00,1.00
2015.06.08 19:41:58.890,1.04809,1.04829,1.00,1.37
2015.06.08 19:41:59.451,1.04809,1.04829,1.00,1.00
2015.06.08 19:41:59.898,1.04809,1.04829,1.00,1.50
2015.06.08 19:42:00.354,1.04807,1.04828,1.00,1.50
2015.06.08 19:42:00.567,1.04807,1.04828,1.00,1.12
2015.06.08 19:42:00.879,1.04807,1.04828,1.00,1.50
2015.06.08 19:42:00.980,1.04807,1.04828,1.00,1.37
2015.06.08 19:42:01.615,1.04807,1.04828,1.00,1.00
2015.06.08 19:42:01.970,1.04807,1.04828,1.00,1.37
2015.06.08 19:42:02.320,1.04807,1.04828,1.00,1.12
2015.06.08 19:42:02.371,1.04807,1.04828,1.00,1.37
2015.06.08 19:42:03.100,1.04807,1.04828,1.00,1.37
2015.06.08 19:42:03.203,1.04808,1.04828,1.00,1.00
2015.06.08 19:42:03.307,1.0481,1.04829,1.00,1.00
2015.06.08 19:42:03.358,1.0481,1.04831,1.00,1.12
2015.06.08 19:42:03.866,1.04811,1.04831,1.00,1.00
2015.06.08 19:42:06.126,1.0481,1.04831,1.00,1.00
2015.06.08 19:42:06.634,1.0481,1.04831,1.00,1.37
2015.06.08 19:42:07.141,1.04809,1.04831,1.00,2.62
2015.06.08 19:42:07.649,1.04809,1.04831,1.00,2.62
2015.06.08 19:42:07.983,1.04809,1.04831,1.87,1.50
2015.06.08 19:42:08.367,1.0481,1.04831,1.87,1.50
2015.06.08 19:42:08.469,1.0481,1.04831,1.50,1.50
2015.06.08 19:42:10.393,1.04811,1.04831,1.00,1.50
2015.06.08 19:42:11.150,1.0481,1.04831,1.50,1.50
2015.06.08 19:42:11.252,1.0481,1.04831,1.87,1.50
2015.06.08 19:42:12.527,1.04813,1.04831,1.00,1.00
2015.06.08 19:42:12.833,1.04816,1.04834,1.37,1.00
2015.06.08 19:42:16.693,1.04817,1.04834,1.37,1.00
2015.06.08 19:42:16.897,1.04818,1.04834,1.00,1.00
2015.06.08 19:42:21.670,1.04818,1.04834,1.37,1.00
2015.06.08 19:42:23.157,1.04818,1.04834,1.87,1.00
2015.06.08 19:42:24.176,1.04817,1.04834,1.00,1.00
2015.06.08 19:42:27.527,1.04818,1.04834,1.00,1.00
2015.06.08 19:42:28.290,1.04818,1.04834,2.25,1.00
2015.06.08 19:42:28.794,1.04824,1.04834,1.00,1.00
2015.06.08 19:42:29.302,1.04825,1.04834,1.00,1.00
2015.06.08 19:42:31.197,1.04824,1.04834,1.00,1.00
2015.06.08 19:42:31.404,1.0482,1.04834,1.50,1.00
2015.06.08 19:42:33.053,1.04822,1.04834,1.12,1.00
2015.06.08 19:42:33.257,1.04819,1.04834,1.00,1.00
2015.06.08 19:42:33.511,1.04817,1.04834,1.00,1.00
2015.06.08 19:42:33.689,1.04821,1.04834,1.00,1.00
2015.06.08 19:42:34.259,1.0482,1.04834,1.00,1.00
2015.06.08 19:42:34.675,1.04818,1.04834,1.00,1.00
2015.06.08 19:42:35.211,1.04817,1.04834,1.00,1.00
2015.06.08 19:42:41.134,1.04817,1.04834,1.37,1.00
2015.06.08 19:42:41.306,1.04817,1.04834,2.25,1.00
2015.06.08 19:42:41.460,1.04817,1.04834,2.62,1.00
2015.06.08 19:42:42.166,1.04817,1.04834,2.62,1.00
2015.06.08 19:42:42.682,1.04817,1.04834,1.50,1.00
2015.06.08 19:42:48.942,1.04817,1.04834,1.37,1.00
2015.06.08 19:42:49.496,1.04817,1.04834,2.62,1.00
2015.06.08 19:42:50.580,1.04817,1.04834,1.50,1.00
2015.06.08 19:42:52.209,1.04816,1.04834,1.00,1.00
2015.06.08 19:43:07.378,1.04816,1.04834,1.00,1.37
2015.06.08 19:43:07.480,1.04816,1.04834,1.00,1.12
2015.06.08 19:43:07.582,1.04814,1.04834,1.00,1.37
2015.06.08 19:43:07.684,1.04814,1.04834,1.00,1.12
2015.06.08 19:43:07.786,1.04814,1.04834,1.00,1.37
2015.06.08 19:43:08.091,1.04813,1.04834,1.00,1.87
2015.06.08 19:43:08.608,1.04813,1.04834,1.00,2.25
2015.06.08 19:43:08.862,1.0481,1.04832,1.50,1.37
2015.06.08 19:43:09.015,1.0481,1.04831,1.00,1.37
2015.06.08 19:43:09.269,1.04808,1.04829,1.00,1.37
2015.06.08 19:43:09.524,1.04808,1.04829,1.00,1.00
2015.06.08 19:43:09.626,1.04808,1.04829,1.00,1.37
2015.06.08 19:43:10.205,1.04808,1.04829,1.00,2.25
2015.06.08 19:43:10.309,1.0481,1.04829,1.00,1.87
2015.06.08 19:43:10.563,1.04812,1.04829,1.00,1.00
2015.06.08 19:43:10.762,1.04812,1.04833,1.00,1.00
2015.06.08 19:43:14.172,1.04812,1.04833,1.37,1.00
2015.06.08 19:43:15.139,1.04812,1.04833,1.00,1.00
2015.06.08 19:43:15.669,1.04812,1.04833,1.37,1.00
2015.06.08 19:43:16.177,1.04812,1.04833,1.37,1.00
2015.06.08 19:43:23.040,1.04812,1.04833,1.00,1.12
2015.06.08 19:43:23.345,1.04811,1.04833,1.00,1.87
2015.06.08 19:43:23.858,1.04811,1.04832,1.00,1.50
2015.06.08 19:43:24.375,1.04811,1.04832,1.00,1.87
2015.06.08 19:43:24.894,1.04811,1.04832,1.00,1.87
2015.06.08 19:43:26.554,1.04811,1.04832,1.00,1.37
2015.06.08 19:43:26.883,1.04811,1.04832,1.00,1.37
2015.06.08 19:43:27.346,1.04808,1.04829,1.00,1.37
2015.06.08 19:43:27.884,1.04807,1.04829,1.50,1.87
2015.06.08 19:43:28.528,1.04807,1.04829,1.50,1.87
2015.06.08 19:43:30.135,1.04807,1.04829,1.50,1.87
2015.06.08 19:43:31.198,1.04807,1.04829,1.00,2.62
2015.06.08 19:43:31.504,1.04805,1.04826,1.00,1.37
2015.06.08 19:43:32.011,1.04805,1.04826,1.00,1.87
2015.06.08 19:43:33.039,1.04805,1.04826,1.00,1.12
2015.06.08 19:43:33.547,1.04806,1.04826,1.00,1.12
2015.06.08 19:43:34.618,1.04805,1.04826,1.00,1.12
2015.06.08 19:43:34.923,1.04804,1.04825,1.00,1.37
2015.06.08 19:43:35.434,1.04804,1.04826,1.50,1.87
2015.06.08 19:43:36.077,1.04804,1.04826,1.50,1.50
2015.06.08 19:43:36.179,1.04804,1.04826,1.50,1.87
2015.06.08 19:43:38.155,1.04804,1.04826,1.50,1.50
2015.06.08 19:43:38.257,1.04804,1.04825,1.00,1.87
2015.06.08 19:43:38.777,1.04804,1.04825,1.00,2.62
2015.06.08 19:43:39.082,1.04804,1.04825,1.00,2.62
2015.06.08 19:43:39.197,1.04804,1.04825,1.00,2.62
2015.06.08 19:43:43.646,1.04804,1.04824,1.00,1.00
2015.06.08 19:43:45.768,1.04804,1.04825,1.00,1.00
2015.06.08 19:43:46.269,1.04804,1.04826,1.87,1.00
2015.06.08 19:43:46.789,1.04804,1.04826,1.50,1.37
2015.06.08 19:43:47.094,1.04804,1.04826,1.87,1.00
2015.06.08 19:43:48.196,1.04806,1.04826,1.00,1.00
2015.06.08 19:43:49.377,1.04808,1.04826,1.37,1.00
2015.06.08 19:43:49.479,1.0481,1.0483,1.37,1.00
2015.06.08 19:43:49.632,1.04813,1.04831,1.00,1.00
2015.06.08 19:44:01.198,1.04811,1.04831,1.00,1.00
2015.06.08 19:44:01.365,1.04809,1.04831,1.00,1.37
2015.06.08 19:44:01.518,1.04809,1.04831,1.00,1.87
2015.06.08 19:44:02.027,1.04809,1.04831,1.00,1.50
2015.06.08 19:44:02.535,1.0481,1.04831,1.00,1.00
2015.06.08 19:44:02.653,1.04812,1.04831,1.00,1.00
2015.06.08 19:44:10.154,1.04812,1.04831,1.00,1.37
2015.06.08 19:44:10.206,1.0481,1.04831,1.00,1.37
2015.06.08 19:44:10.257,1.0481,1.04831,1.00,1.37
2015.06.08 19:44:10.633,1.0481,1.04832,1.50,1.87
2015.06.08 19:44:11.243,1.0481,1.04832,1.50,1.37
2015.06.08 19:44:11.751,1.0481,1.04832,1.50,1.37
2015.06.08 19:44:12.062,1.04808,1.04829,1.50,1.87
2015.06.08 19:44:12.572,1.04807,1.04824,1.00,1.00
2015.06.08 19:44:12.674,1.04804,1.04824,1.00,1.50
2015.06.08 19:44:16.117,1.04807,1.04824,1.00,1.00
2015.06.08 19:44:23.039,1.04804,1.04824,1.00,1.87
2015.06.08 19:44:23.727,1.04806,1.04824,1.00,1.00
2015.06.08 19:44:24.032,1.0481,1.04831,1.00,1.50
2015.06.08 19:44:25.148,1.04812,1.04831,1.00,1.00
2015.06.08 19:44:43.156,1.0481,1.04831,1.00,1.00
2015.06.08 19:44:43.361,1.04808,1.04828,1.87,1.00
2015.06.08 19:44:43.717,1.04808,1.04828,1.87,1.00
2015.06.08 19:44:43.920,1.04808,1.0483,1.87,1.50
2015.06.08 19:44:47.933,1.0481,1.0483,1.12,1.00
2015.06.08 19:44:48.187,1.04808,1.0483,1.87,1.00
2015.06.08 19:44:48.390,1.04808,1.04828,1.50,1.00
2015.06.08 19:44:48.549,1.04805,1.04827,1.87,1.50
2015.06.08 19:44:48.753,1.04805,1.04827,1.87,1.00
2015.06.08 19:44:48.956,1.04809,1.04831,1.12,1.00
2015.06.08 19:44:49.818,1.0481,1.04831,1.00,1.00
2015.06.08 19:44:49.971,1.0481,1.04831,1.87,1.00
2015.06.08 19:44:50.181,1.0481,1.04831,1.00,1.00
2015.06.08 19:44:50.283,1.04809,1.04829,1.00,1.00
2015.06.08 19:44:50.791,1.04808,1.04828,1.12,1.50
2015.06.08 19:44:51.302,1.04808,1.04827,1.12,1.00
2015.06.08 19:44:52.146,1.04808,1.04828,1.12,1.50
2015.06.08 19:44:52.501,1.04808,1.04828,1.37,1.50
2015.06.08 19:44:52.910,1.04808,1.04827,1.12,1.00
2015.06.08 19:44:53.103,1.04806,1.04827,1.50,1.00
2015.06.08 19:44:53.624,1.04806,1.04826,1.50,1.00
2015.06.08 19:44:54.134,1.04806,1.04827,1.50,1.00
2015.06.08 19:44:54.682,1.04806,1.04826,1.50,1.00
2015.06.08 19:44:56.375,1.04806,1.04825,1.00,1.00
2015.06.08 19:44:57.947,1.04804,1.04825,1.37,1.00
2015.06.08 19:44:58.818,1.04804,1.04825,1.00,1.50
2015.06.08 19:45:05.068,1.04804,1.04825,1.00,1.87
2015.06.08 19:45:09.261,1.04804,1.04825,1.00,1.87
2015.06.08 19:45:09.414,1.04803,1.04823,1.00,1.87
2015.06.08 19:45:09.516,1.04801,1.04822,1.00,1.37
2015.06.08 19:45:10.278,1.04801,1.04822,1.00,1.12
2015.06.08 19:45:10.824,1.048,1.04822,1.50,1.12
2015.06.08 19:45:12.183,1.048,1.04822,1.50,1.87
2015.06.08 19:45:12.285,1.048,1.0482,1.50,1.12
2015.06.08 19:45:12.386,1.04798,1.04819,1.00,1.00
2015.06.08 19:45:13.023,1.04798,1.04819,1.37,1.50
2015.06.08 19:45:13.176,1.04802,1.04822,1.00,1.00
2015.06.08 19:45:13.753,1.04802,1.04823,1.00,1.00
2015.06.08 19:45:14.680,1.04804,1.04823,1.00,1.00
2015.06.08 19:45:14.985,1.04807,1.04829,1.87,1.00
2015.06.08 19:45:15.188,1.04811,1.04832,1.37,1.50
2015.06.08 19:45:15.732,1.04811,1.04832,1.50,1.00
2015.06.08 19:45:18.025,1.04812,1.04832,1.37,1.00
2015.06.08 19:45:18.331,1.04818,1.04834,1.00,1.00
2015.06.08 19:45:18.484,1.04815,1.04834,1.50,1.00
2015.06.08 19:45:19.086,1.04816,1.04834,1.50,1.00
2015.06.08 19:45:21.014,1.04818,1.04834,1.50,1.00
2015.06.08 19:45:21.319,1.04825,1.04834,1.00,1.00
2015.06.08 19:45:21.720,1.04825,1.04841,1.50,1.00
2015.06.08 19:45:22.208,1.04826,1.04847,1.00,2.62
2015.06.08 19:45:22.615,1.04826,1.04847,1.00,1.37
2015.06.08 19:45:22.920,1.04822,1.04842,1.50,1.37
2015.06.08 19:45:24.172,1.04822,1.04842,1.00,1.37
2015.06.08 19:45:29.675,1.04821,1.04839,1.00,1.37
2015.06.08 19:45:29.727,1.04817,1.04837,1.50,1.87
2015.06.08 19:45:29.825,1.04812,1.04831,1.00,1.37
2015.06.08 19:45:29.927,1.04808,1.0483,1.00,1.00
2015.06.08 19:45:35.412,1.04808,1.04829,1.00,1.00
2015.06.08 19:45:38.360,1.04808,1.04827,1.00,1.00
2015.06.08 19:45:40.259,1.04807,1.04826,1.00,1.00
2015.06.08 19:45:40.310,1.04804,1.04826,1.12,1.00
2015.06.08 19:45:49.221,1.04804,1.04826,1.37,1.00
2015.06.08 19:45:49.831,1.04804,1.04824,1.12,1.00
2015.06.08 19:45:56.238,1.04803,1.04824,1.00,1.12
2015.06.08 19:45:59.130,1.04803,1.04822,1.00,1.00
2015.06.08 19:45:59.284,1.048,1.0482,1.50,1.12
2015.06.08 19:45:59.335,1.048,1.0482,1.00,1.37
2015.06.08 19:45:59.442,1.048,1.0482,1.00,1.00
2015.06.08 19:46:02.245,1.048,1.0482,1.00,1.37
2015.06.08 19:46:02.866,1.04796,1.04813,1.00,1.00
2015.06.08 19:46:02.968,1.04791,1.04813,1.00,2.62
2015.06.08 19:46:03.020,1.04791,1.04813,1.37,2.25
2015.06.08 19:46:16.249,1.04791,1.04813,1.37,1.00
2015.06.08 19:46:16.757,1.04791,1.04812,1.50,1.12
2015.06.08 19:46:17.333,1.04791,1.04813,1.87,1.50
2015.06.08 19:46:23.826,1.04792,1.04813,1.00,1.50
2015.06.08 19:46:24.132,1.04792,1.04813,1.37,1.50
2015.06.08 19:46:24.183,1.04792,1.04813,1.00,1.50
2015.06.08 19:46:31.363,1.04792,1.04813,1.37,1.50
2015.06.08 19:46:34.667,1.04792,1.04813,1.00,1.50
2015.06.08 19:46:35.064,1.04792,1.04811,1.00,1.12
2015.06.08 19:46:38.197,1.04791,1.04811,1.00,1.50
2015.06.08 19:46:38.604,1.04789,1.0481,1.87,1.00
2015.06.08 19:46:38.758,1.04789,1.04807,1.12,1.00
2015.06.08 19:46:39.632,1.04787,1.04807,1.87,1.00
2015.06.08 19:46:40.619,1.04787,1.04808,1.87,1.00
2015.06.08 19:46:41.157,1.0479,1.04808,1.12,1.00
2015.06.08 19:46:41.310,1.0479,1.04811,1.12,1.50
2015.06.08 19:46:41.811,1.0479,1.0481,1.12,1.00
2015.06.08 19:46:42.904,1.04789,1.04808,1.87,1.00
2015.06.08 19:46:43.413,1.04789,1.04807,1.87,1.00
2015.06.08 19:46:47.127,1.04789,1.04808,1.87,1.00
2015.06.08 19:46:47.732,1.04789,1.04809,1.87,1.00
2015.06.08 19:46:48.240,1.04789,1.0481,1.87,1.00
2015.06.08 19:46:48.782,1.04789,1.04811,1.87,1.50
2015.06.08 19:46:49.587,1.04789,1.0481,1.87,1.00
2015.06.08 19:46:54.550,1.04789,1.0481,1.87,1.00
2015.06.08 19:46:55.057,1.04789,1.04811,1.50,1.87
2015.06.08 19:46:55.415,1.04789,1.0481,1.50,1.87
2015.06.08 19:46:55.568,1.04789,1.04811,1.50,2.62
2015.06.08 19:46:56.077,1.0479,1.04811,1.12,1.50
2015.06.08 19:46:56.470,1.0479,1.04811,1.37,1.50
2015.06.08 19:46:57.769,1.0479,1.04812,1.87,1.50
2015.06.08 19:47:20.841,1.04792,1.04812,1.12,2.10
2015.06.08 19:47:20.943,1.0479,1.0481,1.50,1.60
2015.06.08 19:47:20.994,1.0479,1.04809,1.00,2.85
2015.06.08 19:47:21.045,1.04787,1.04808,1.37,1.60
2015.06.08 19:47:21.096,1.04786,1.04804,2.62,1.00
2015.06.08 19:47:21.198,1.04786,1.04804,2.62,1.00
2015.06.08 19:47:21.544,1.04789,1.04807,1.00,1.00
2015.06.08 19:47:21.849,1.04791,1.0481,1.12,1.00
2015.06.08 19:47:41.401,1.04793,1.0481,1.00,1.00
2015.06.08 19:47:41.909,1.04793,1.04811,1.00,1.50
2015.06.08 19:47:46.498,1.04793,1.04811,1.37,1.50
2015.06.08 19:47:47.017,1.04795,1.04812,1.00,1.00
2015.06.08 19:47:47.559,1.04795,1.04813,1.00,1.00
2015.06.08 19:47:53.117,1.04797,1.04814,1.12,1.00
2015.06.08 19:47:53.476,1.04795,1.04813,1.00,1.00
2015.06.08 19:47:54.020,1.04795,1.04812,1.00,1.00
2015.06.08 19:47:54.527,1.04795,1.04813,1.00,1.00
2015.06.08 19:47:55.932,1.04795,1.04811,1.00,1.00
2015.06.08 19:47:56.085,1.04793,1.04811,1.50,1.00
2015.06.08 19:47:56.441,1.04791,1.0481,1.00,1.00
2015.06.08 19:48:01.802,1.04791,1.04809,1.00,1.00
2015.06.08 19:48:05.030,1.04791,1.04809,1.00,1.37
2015.06.08 19:48:06.170,1.04791,1.0481,1.00,1.37
2015.06.08 19:48:08.660,1.04791,1.0481,1.00,1.12
2015.06.08 19:48:11.632,1.04789,1.0481,1.50,1.12
2015.06.08 19:48:11.685,1.04789,1.04805,1.50,1.00
2015.06.08 19:48:11.838,1.04787,1.04806,1.50,1.00
2015.06.08 19:48:11.889,1.04789,1.04808,1.00,1.00
2015.06.08 19:48:12.195,1.04791,1.04809,1.00,1.00
2015.06.08 19:48:12.348,1.04791,1.04811,1.00,1.00
2015.06.08 19:48:13.402,1.04791,1.04811,1.37,1.00
2015.06.08 19:48:13.859,1.04795,1.04812,1.00,1.00
2015.06.08 19:48:13.910,1.04795,1.04814,1.12,1.00
2015.06.08 19:48:23.382,1.04797,1.04814,1.37,1.00
2015.06.08 19:48:23.916,1.04799,1.04815,1.12,1.00
2015.06.08 19:48:24.018,1.04799,1.04819,1.12,1.50
2015.06.08 19:48:33.580,1.048,1.04819,1.00,1.50
2015.06.08 19:49:00.891,1.04798,1.04819,1.50,1.00
2015.06.08 19:49:01.094,1.04798,1.04816,1.00,1.00
2015.06.08 19:49:01.399,1.04798,1.04818,1.37,1.50
2015.06.08 19:49:01.938,1.04798,1.04817,1.37,1.00
2015.06.08 19:49:02.487,1.04798,1.04818,1.37,1.50
2015.06.08 19:49:04.806,1.04798,1.04818,1.37,1.50
2015.06.08 19:49:12.276,1.04798,1.04816,1.37,1.00
2015.06.08 19:49:12.582,1.04795,1.04814,1.00,1.00
2015.06.08 19:49:15.469,1.04794,1.04816,1.50,1.87
2015.06.08 19:49:16.009,1.04794,1.04816,1.50,1.87
2015.06.08 19:49:16.780,1.04796,1.04816,1.00,1.37
2015.06.08 19:49:17.085,1.04798,1.04816,1.00,1.00
2015.06.08 19:49:18.183,1.04798,1.04818,1.12,1.00
2015.06.08 19:49:18.646,1.04798,1.04819,1.37,1.00
2015.06.08 19:49:18.850,1.04803,1.04823,1.00,1.00
2015.06.08 19:49:19.047,1.04803,1.04823,1.37,1.00
2015.06.08 19:49:19.352,1.04803,1.04823,1.00,1.00
2015.06.08 19:49:20.744,1.04803,1.04823,1.37,1.00
2015.06.08 19:49:24.970,1.04803,1.04823,1.00,1.00
2015.06.08 19:49:25.072,1.04801,1.04823,2.25,1.50
2015.06.08 19:49:37.047,1.04801,1.04821,1.12,1.00
2015.06.08 19:49:37.721,1.048,1.04821,1.12,1.00
2015.06.08 19:49:38.258,1.048,1.04822,1.87,1.50
2015.06.08 19:49:48.588,1.048,1.0482,1.00,1.00
2015.06.08 19:49:57.480,1.048,1.04822,1.00,2.25
2015.06.08 19:49:57.582,1.048,1.04822,1.37,2.25
2015.06.08 19:49:57.956,1.04802,1.04819,1.00,1.00
2015.06.08 19:49:58.111,1.04798,1.04818,1.00,1.00
2015.06.08 19:49:58.214,1.04795,1.04817,1.50,1.00
2015.06.08 19:49:59.078,1.04795,1.04815,1.50,1.12
2015.06.08 19:50:00.952,1.04795,1.04813,1.00,1.00
2015.06.08 19:50:01.361,1.04792,1.04813,1.00,1.37
2015.06.08 19:50:02.008,1.04792,1.04813,1.00,1.12
2015.06.08 19:50:03.884,1.04792,1.04813,1.37,1.00
2015.06.08 19:50:04.721,1.04792,1.04813,1.12,1.00
2015.06.08 19:50:09.729,1.04792,1.04813,1.37,1.00
2015.06.08 19:50:10.236,1.04792,1.04813,1.00,1.12
2015.06.08 19:50:10.747,1.04792,1.04813,1.00,1.87
2015.06.08 19:50:14.410,1.04792,1.04813,1.00,1.50
2015.06.08 19:50:14.969,1.04792,1.04813,1.00,1.87
2015.06.08 19:50:15.477,1.04792,1.04813,1.00,1.12
2015.06.08 19:50:16.871,1.04792,1.04813,1.00,1.87
2015.06.08 19:50:17.765,1.04791,1.04813,1.00,2.62
2015.06.08 19:50:20.629,1.04791,1.04813,1.00,2.62
2015.06.08 19:50:22.243,1.04791,1.04813,1.00,2.62
2015.06.08 19:50:22.345,1.04791,1.04806,1.00,1.37
2015.06.08 19:50:22.498,1.04787,1.04804,1.00,1.00
2015.06.08 19:50:22.610,1.04783,1.04803,1.00,1.00
2015.06.08 19:50:22.763,1.0478,1.04801,1.00,1.50
2015.06.08 19:50:25.311,1.0478,1.04798,1.00,1.00
2015.06.08 19:50:25.616,1.04777,1.04797,1.00,1.37
2015.06.08 19:50:27.303,1.04777,1.04797,1.00,1.87
2015.06.08 19:50:30.322,1.04777,1.04798,1.00,1.87
2015.06.08 19:50:30.839,1.04777,1.04799,1.50,1.87
2015.06.08 19:50:30.941,1.04777,1.04799,1.50,1.87
2015.06.08 19:50:48.583,1.04777,1.04799,1.50,1.37
2015.06.08 19:50:49.092,1.04777,1.04799,1.50,1.87
2015.06.08 19:50:50.088,1.04777,1.04799,1.50,1.87
2015.06.08 19:50:50.847,1.04777,1.04797,1.50,1.00
2015.06.08 19:50:52.094,1.04777,1.04797,1.00,1.37
2015.06.08 19:50:52.819,1.04777,1.04797,1.00,1.37
2015.06.08 19:50:56.542,1.04777,1.04797,1.50,1.00
2015.06.08 19:50:56.807,1.04777,1.04799,1.50,2.25
2015.06.08 19:51:07.784,1.04777,1.04799,1.50,2.62
2015.06.08 19:51:07.886,1.04777,1.04798,1.50,1.12
2015.06.08 19:51:08.558,1.04777,1.04799,1.50,2.62
2015.06.08 19:51:10.296,1.04779,1.04799,1.00,1.87
2015.06.08 19:51:14.787,1.04779,1.04799,1.00,2.62
2015.06.08 19:51:18.299,1.04779,1.04798,1.00,1.87
2015.06.08 19:51:22.130,1.04779,1.04799,1.00,2.62
2015.06.08 19:51:22.676,1.04779,1.04799,1.00,1.87
2015.06.08 19:51:25.001,1.04779,1.04799,1.00,1.87
2015.06.08 19:51:28.305,1.04779,1.04799,1.00,1.50
2015.06.08 19:51:28.407,1.04781,1.04799,1.00,1.00
2015.06.08 19:51:28.954,1.04781,1.048,1.00,1.50
2015.06.08 19:51:30.014,1.04781,1.048,1.00,1.87
2015.06.08 19:51:36.233,1.04781,1.048,1.00,1.37
2015.06.08 19:51:36.284,1.04779,1.048,1.00,2.62
2015.06.08 19:51:41.388,1.04781,1.048,1.00,1.87
2015.06.08 19:51:42.356,1.04781,1.04802,1.00,3.37
2015.06.08 19:51:46.466,1.04781,1.04801,1.00,1.37
2015.06.08 19:51:46.965,1.0478,1.048,1.00,1.37
2015.06.08 19:51:50.061,1.0478,1.04801,1.00,2.62
2015.06.08 19:51:51.669,1.0478,1.04799,1.00,1.37
2015.06.08 19:51:52.001,1.0478,1.04799,1.00,1.50
2015.06.08 19:51:53.285,1.0478,1.04798,1.00,1.75
2015.06.08 19:51:53.597,1.04774,1.04778,1.00,1.00
2015.06.08 19:51:53.801,1.04763,1.04773,1.00,1.00
2015.06.08 19:51:53.852,1.04759,1.04773,1.00,1.50
2015.06.08 19:51:53.903,1.04753,1.04773,1.00,1.50
2015.06.08 19:51:54.005,1.04753,1.0477,1.00,1.00
2015.06.08 19:51:54.107,1.04748,1.04769,1.00,1.00
2015.06.08 19:51:54.209,1.04744,1.04766,1.50,1.50
2015.06.08 19:51:54.412,1.04741,1.04763,1.00,1.00
2015.06.08 19:51:55.171,1.04741,1.04763,1.87,1.00
2015.06.08 19:51:55.576,1.04744,1.04764,1.00,1.00
2015.06.08 19:51:56.081,1.04745,1.04766,1.00,1.37
2015.06.08 19:51:56.385,1.04744,1.04763,1.00,1.37
2015.06.08 19:51:56.538,1.0474,1.04761,1.00,1.00
2015.06.08 19:51:56.589,1.04742,1.04761,1.00,1.00
2015.06.08 19:51:56.741,1.04745,1.04767,1.00,1.37
2015.06.08 19:51:57.096,1.04744,1.04766,1.00,1.37
2015.06.08 19:51:57.654,1.04743,1.04765,1.00,1.37
2015.06.08 19:51:58.163,1.04746,1.04769,1.00,1.37
2015.06.08 19:51:58.366,1.04748,1.04769,1.00,1.00
2015.06.08 19:51:58.671,1.0475,1.04769,1.00,1.00
2015.06.08 19:51:58.976,1.04753,1.04769,1.00,1.00
2015.06.08 19:51:59.617,1.04754,1.04769,1.00,1.00
2015.06.08 19:51:59.928,1.04756,1.04775,1.00,1.00
2015.06.08 19:52:00.488,1.04756,1.04777,1.00,1.12
2015.06.08 19:52:00.998,1.04757,1.04777,1.00,1.12
2015.06.08 19:52:01.505,1.04756,1.04778,1.00,1.00
2015.06.08 19:52:02.007,1.04756,1.04778,1.00,1.37
2015.06.08 19:52:02.311,1.04756,1.04778,1.12,1.00
2015.06.08 19:52:02.515,1.04754,1.04777,2.25,1.75
2015.06.08 19:52:02.826,1.04753,1.04768,1.00,1.12
2015.06.08 19:52:03.329,1.04753,1.04769,1.00,1.00
2015.06.08 19:52:03.836,1.04752,1.04769,1.50,1.00
2015.06.08 19:52:03.888,1.04753,1.04773,1.50,1.00
2015.06.08 19:52:05.379,1.04753,1.04773,1.50,1.37
2015.06.08 19:52:06.189,1.04756,1.04773,1.00,1.37
2015.06.08 19:52:06.395,1.04756,1.04774,1.00,1.12
2015.06.08 19:52:06.497,1.04757,1.04774,1.00,1.37
2015.06.08 19:52:06.599,1.04757,1.04775,1.00,1.12
2015.06.08 19:52:08.046,1.04756,1.04775,1.00,1.12
2015.06.08 19:52:08.560,1.04756,1.04764,1.00,1.00
2015.06.08 19:52:08.611,1.04754,1.04764,1.00,1.00
2015.06.08 19:52:08.662,1.04752,1.04775,1.00,1.37
2015.06.08 19:52:08.713,1.04752,1.04762,1.00,1.00
2015.06.08 19:52:08.856,1.04749,1.04761,1.00,1.00
2015.06.08 19:52:08.907,1.04746,1.04761,1.00,1.00
2015.06.08 19:52:09.061,1.04745,1.04765,1.50,1.00
2015.06.08 19:52:09.265,1.04745,1.04767,1.50,1.00
2015.06.08 19:52:09.316,1.04745,1.04767,2.25,1.00
2015.06.08 19:52:09.621,1.04745,1.04765,1.50,1.00
2015.06.08 19:52:10.147,1.04746,1.04766,1.37,1.12
2015.06.08 19:52:10.681,1.04746,1.04766,1.37,1.37
2015.06.08 19:52:11.776,1.04746,1.04768,1.87,1.37
2015.06.08 19:52:12.284,1.04747,1.04768,2.25,1.37
2015.06.08 19:52:13.550,1.04747,1.04768,2.25,1.37
2015.06.08 19:52:13.652,1.04749,1.04769,1.37,1.87
2015.06.08 19:52:13.805,1.04749,1.04771,1.87,1.37
2015.06.08 19:52:14.328,1.04751,1.04772,1.00,1.37
2015.06.08 19:52:15.261,1.04751,1.04774,1.50,1.87
2015.06.08 19:52:15.363,1.04751,1.04774,1.50,1.00
2015.06.08 19:52:16.873,1.04751,1.04774,1.50,1.37
2015.06.08 19:52:17.267,1.04751,1.04774,1.50,1.75
2015.06.08 19:52:17.369,1.0475,1.04771,1.75,1.37
2015.06.08 19:52:17.985,1.04747,1.04766,2.25,1.12
2015.06.08 19:52:18.036,1.04744,1.04766,1.50,1.12
2015.06.08 19:52:18.087,1.04741,1.04763,1.00,1.00
2015.06.08 19:52:18.443,1.04739,1.04762,1.00,1.00
2015.06.08 19:52:20.284,1.04739,1.04762,1.00,1.37
2015.06.08 19:52:20.589,1.04739,1.04762,1.00,1.12
2015.06.08 19:52:20.691,1.04739,1.04763,1.00,3.37
2015.06.08 19:52:21.199,1.04738,1.04762,1.00,1.87
2015.06.08 19:52:21.886,1.04738,1.04762,1.00,1.87
2015.06.08 19:52:22.193,1.04738,1.04762,1.00,1.87
2015.06.08 19:52:22.244,1.0474,1.04762,1.00,1.37
2015.06.08 19:52:22.346,1.04738,1.04762,1.00,1.87
2015.06.08 19:52:22.895,1.04739,1.04762,1.00,3.00
2015.06.08 19:52:23.099,1.04739,1.04762,1.00,1.87
2015.06.08 19:52:23.606,1.04739,1.04762,1.00,1.87
2015.06.08 19:52:24.238,1.04739,1.04762,1.00,1.87
2015.06.08 19:52:25.346,1.04739,1.04762,1.00,1.87
2015.06.08 19:52:26.138,1.04739,1.04762,1.00,1.87
2015.06.08 19:52:26.656,1.04739,1.04762,1.00,1.37
2015.06.08 19:52:29.030,1.04739,1.04762,1.00,1.37
2015.06.08 19:52:34.611,1.04737,1.04761,1.00,1.87
2015.06.08 19:52:34.663,1.04736,1.04761,1.50,2.25
2015.06.08 19:52:34.714,1.04738,1.0476,1.00,1.00
2015.06.08 19:52:35.019,1.04742,1.04762,1.00,1.00
2015.06.08 19:52:35.356,1.04742,1.0476,1.00,1.00
2015.06.08 19:52:35.458,1.0474,1.0476,1.50,1.00
2015.06.08 19:52:35.915,1.04738,1.0476,3.00,1.00
2015.06.08 19:52:36.579,1.04741,1.0476,1.00,1.00
2015.06.08 19:52:36.744,1.04739,1.0476,1.00,1.00
2015.06.08 19:52:39.312,1.04739,1.0476,1.00,1.37
2015.06.08 19:52:39.415,1.04739,1.0476,1.00,1.12
2015.06.08 19:52:40.660,1.04739,1.04759,1.00,1.00
2015.06.08 19:52:41.173,1.04739,1.0476,1.00,1.50
2015.06.08 19:52:41.581,1.04741,1.0476,1.00,1.00
2015.06.08 19:52:41.784,1.04739,1.0476,1.50,1.00
2015.06.08 19:52:42.317,1.0474,1.0476,1.00,1.00
2015.06.08 19:52:50.550,1.0474,1.0476,1.00,1.37
2015.06.08 19:52:50.652,1.04738,1.0476,3.00,1.12
2015.06.08 19:52:51.246,1.04738,1.04759,1.50,1.00
2015.06.08 19:52:51.535,1.0474,1.04758,1.00,1.12
2015.06.08 19:52:51.661,1.04738,1.04758,1.00,1.12
2015.06.08 19:52:52.192,1.04738,1.04759,1.00,1.00
2015.06.08 19:52:54.850,1.04739,1.04759,1.00,1.00
2015.06.08 19:52:55.109,1.0474,1.04762,2.25,1.12
2015.06.08 19:52:55.364,1.0474,1.04762,2.25,1.37
2015.06.08 19:52:57.211,1.04738,1.04759,2.25,1.50
2015.06.08 19:52:57.725,1.04738,1.04759,1.50,1.37
2015.06.08 19:52:58.324,1.04738,1.04759,1.50,1.00
2015.06.08 19:52:58.856,1.04739,1.04759,1.00,1.00
2015.06.08 19:53:00.285,1.04741,1.04759,1.00,1.00
2015.06.08 19:53:00.643,1.04741,1.04762,1.12,1.00
2015.06.08 19:53:02.596,1.04741,1.04762,1.37,1.00
2015.06.08 19:53:04.697,1.04741,1.04762,1.00,1.00
2015.06.08 19:53:04.849,1.04741,1.04762,1.00,1.37
2015.06.08 19:53:04.951,1.04741,1.04762,1.00,1.00
2015.06.08 19:53:08.035,1.04742,1.04762,1.12,1.00
2015.06.08 19:53:09.417,1.04742,1.04761,1.00,1.00
2015.06.08 19:53:10.093,1.04742,1.04762,1.00,1.00
2015.06.08 19:53:13.617,1.04741,1.04761,1.00,1.00
2015.06.08 19:53:13.922,1.04741,1.04759,1.00,1.00
2015.06.08 19:53:15.908,1.04742,1.04762,1.00,1.87
2015.06.08 19:53:16.437,1.04742,1.04763,1.12,1.00
2015.06.08 19:53:18.706,1.04744,1.04763,1.00,1.00
2015.06.08 19:53:21.674,1.04744,1.04763,1.37,1.50
2015.06.08 19:53:21.878,1.04744,1.04763,1.00,1.50
2015.06.08 19:53:27.053,1.04744,1.04764,2.25,1.12
2015.06.08 19:53:27.104,1.04746,1.04764,1.00,1.00
2015.06.08 19:53:27.156,1.04746,1.04766,1.00,1.00
2015.06.08 19:53:27.818,1.04748,1.04766,1.00,1.00
2015.06.08 19:53:27.869,1.04748,1.04769,1.00,1.50
2015.06.08 19:53:28.668,1.04748,1.04769,1.00,1.37
2015.06.08 19:53:30.184,1.04748,1.04768,1.00,1.37
2015.06.08 19:53:30.285,1.04748,1.04769,1.00,2.25
2015.06.08 19:53:30.692,1.04747,1.04765,1.00,1.37
2015.06.08 19:53:30.794,1.04744,1.04763,1.37,1.00
2015.06.08 19:53:31.100,1.04744,1.04766,1.50,1.50
2015.06.08 19:53:36.207,1.04744,1.04766,1.87,1.00
2015.06.08 19:53:40.936,1.04744,1.04766,2.62,1.00
2015.06.08 19:53:41.403,1.04744,1.04764,1.50,1.00
2015.06.08 19:53:41.911,1.04744,1.04763,1.50,1.12
2015.06.08 19:53:42.442,1.04744,1.04764,1.50,1.12
2015.06.08 19:53:44.721,1.04744,1.04762,1.50,1.00
2015.06.08 19:53:44.976,1.04744,1.04764,1.50,1.00
2015.06.08 19:53:45.027,1.04744,1.04764,1.87,1.00
2015.06.08 19:53:45.129,1.04744,1.04764,1.87,1.00
2015.06.08 19:53:45.383,1.04744,1.04766,1.87,2.25
2015.06.08 19:53:46.561,1.04745,1.04766,1.00,2.25
2015.06.08 19:53:46.612,1.04762,1.04766,1.00,1.00
2015.06.08 19:53:46.715,1.0476,1.04768,1.00,1.00
2015.06.08 19:53:46.817,1.04768,1.04773,1.00,1.00
2015.06.08 19:53:46.869,1.04768,1.04775,1.00,1.00
2015.06.08 19:53:47.026,1.04766,1.04775,1.00,1.00
2015.06.08 19:53:47.102,1.04766,1.04784,1.00,1.00
2015.06.08 19:53:47.206,1.04768,1.04784,1.00,1.00
2015.06.08 19:53:47.309,1.04768,1.0479,2.25,2.25
2015.06.08 19:53:47.614,1.04768,1.04788,2.25,1.00
2015.06.08 19:53:48.024,1.04768,1.0479,1.50,1.50
2015.06.08 19:53:49.499,1.04768,1.04789,1.50,1.00
2015.06.08 19:53:49.551,1.04768,1.04785,1.00,1.00
2015.06.08 19:53:49.758,1.04766,1.04787,1.37,1.00
2015.06.08 19:53:50.586,1.04768,1.04787,1.00,1.00
2015.06.08 19:53:50.840,1.04769,1.0479,1.00,1.00
2015.06.08 19:53:51.348,1.04769,1.04791,2.25,1.00
2015.06.08 19:53:52.732,1.04769,1.04788,1.00,1.00
2015.06.08 19:53:53.245,1.04768,1.04788,1.00,1.87
2015.06.08 19:53:53.550,1.04768,1.04788,1.00,2.62
2015.06.08 19:53:53.651,1.04766,1.04788,1.50,2.62
2015.06.08 19:53:53.956,1.04766,1.04788,1.50,2.62
2015.06.08 19:53:54.462,1.04766,1.04787,1.50,1.00
2015.06.08 19:53:55.611,1.04766,1.04788,1.50,2.62
2015.06.08 19:53:57.346,1.04766,1.04787,1.50,1.00
2015.06.08 19:53:57.854,1.04766,1.04788,1.50,1.87
2015.06.08 19:53:58.384,1.04766,1.04788,1.50,2.62
2015.06.08 19:54:00.593,1.04766,1.04788,1.50,2.62
2015.06.08 19:54:00.798,1.04766,1.04788,2.25,1.87
2015.06.08 19:54:00.952,1.04764,1.04786,1.00,1.12
2015.06.08 19:54:01.467,1.04764,1.04787,1.00,1.50
2015.06.08 19:54:01.973,1.04764,1.04786,1.00,1.00
2015.06.08 19:54:02.493,1.04764,1.04786,1.50,1.37
2015.06.08 19:54:03.008,1.04764,1.04786,1.50,1.37
2015.06.08 19:54:03.532,1.04764,1.04784,1.00,1.87
2015.06.08 19:54:03.634,1.04764,1.04784,1.00,1.87
2015.06.08 19:54:03.736,1.04764,1.04782,1.00,1.12
2015.06.08 19:54:04.267,1.04764,1.04786,1.00,1.37
2015.06.08 19:54:05.313,1.04764,1.04786,1.00,1.37
2015.06.08 19:54:10.171,1.04765,1.04788,1.00,1.87
2015.06.08 19:54:14.463,1.04765,1.04788,1.00,1.37
2015.06.08 19:54:14.972,1.04766,1.0479,1.50,1.87
2015.06.08 19:54:15.024,1.04766,1.0479,1.50,1.87
2015.06.08 19:54:15.550,1.04766,1.0479,1.87,1.00
2015.06.08 19:54:15.950,1.04768,1.0479,1.00,1.00
2015.06.08 19:54:16.488,1.04769,1.04792,1.00,1.37
2015.06.08 19:54:16.844,1.04767,1.04791,1.00,1.87
2015.06.08 19:54:16.946,1.04767,1.0479,1.00,1.37
2015.06.08 19:54:17.460,1.04767,1.0479,1.00,1.00
2015.06.08 19:54:18.075,1.04767,1.04791,1.00,1.87
2015.06.08 19:54:18.379,1.04767,1.04791,1.50,1.87
2015.06.08 19:54:19.777,1.04766,1.04788,1.00,1.00
2015.06.08 19:54:20.284,1.04766,1.0479,2.62,1.00
2015.06.08 19:54:21.361,1.04766,1.0479,3.37,1.00
2015.06.08 19:54:21.463,1.04769,1.04792,1.00,1.87
2015.06.08 19:54:23.305,1.04768,1.04791,1.50,1.00
2015.06.08 19:54:23.356,1.04768,1.04791,1.50,1.50
2015.06.08 19:54:23.458,1.04768,1.04791,1.50,1.37
2015.06.08 19:54:23.964,1.04767,1.04788,1.00,1.12
2015.06.08 19:54:24.895,1.04767,1.0479,1.00,1.12
2015.06.08 19:54:25.303,1.04766,1.04787,1.00,1.00
2015.06.08 19:54:25.615,1.04768,1.04787,1.00,1.00
2015.06.08 19:54:25.718,1.04768,1.0479,1.00,1.00
2015.06.08 19:54:26.225,1.04769,1.0479,1.00,1.00
2015.06.08 19:54:26.580,1.04769,1.04792,1.50,1.00
2015.06.08 19:54:30.570,1.04769,1.04792,1.00,1.37
2015.06.08 19:54:31.376,1.04769,1.04792,1.00,1.12
2015.06.08 19:54:31.883,1.04769,1.04792,1.00,1.37
2015.06.08 19:54:33.294,1.04769,1.04792,1.00,1.00
2015.06.08 19:54:33.801,1.04769,1.04793,1.12,2.25
2015.06.08 19:54:34.989,1.04769,1.04793,1.00,2.62
2015.06.08 19:54:36.807,1.04769,1.04793,1.00,3.37
2015.06.08 19:54:38.104,1.04768,1.04791,1.00,1.37
2015.06.08 19:54:38.510,1.04767,1.0479,1.50,1.37
2015.06.08 19:54:39.033,1.04767,1.0479,1.50,1.37
2015.06.08 19:54:39.541,1.04767,1.0479,1.50,1.37
2015.06.08 19:54:40.049,1.04767,1.0479,1.50,1.37
2015.06.08 19:54:40.998,1.04768,1.0479,1.00,1.37
2015.06.08 19:54:41.548,1.04767,1.0479,1.00,1.87
2015.06.08 19:54:48.935,1.04765,1.04787,1.00,1.37
2015.06.08 19:54:49.193,1.04765,1.04787,1.00,2.62
2015.06.08 19:54:49.448,1.04763,1.04786,1.00,2.62
2015.06.08 19:54:50.006,1.04763,1.04784,1.00,1.37
2015.06.08 19:54:51.345,1.04759,1.04779,1.50,1.00
2015.06.08 19:54:51.448,1.04756,1.04779,1.00,1.87
2015.06.08 19:54:54.243,1.04756,1.04774,1.00,1.00
2015.06.08 19:54:54.396,1.04753,1.04774,1.00,1.87
2015.06.08 19:54:54.908,1.04753,1.04773,1.00,1.00
2015.06.08 19:54:55.753,1.04753,1.04773,1.00,1.37
2015.06.08 19:54:56.235,1.04753,1.04775,1.00,1.87
2015.06.08 19:54:56.749,1.04754,1.04775,1.00,1.00
2015.06.08 19:54:59.652,1.04754,1.04775,1.50,1.00
2015.06.08 19:55:00.191,1.04754,1.04775,1.87,1.00
2015.06.08 19:55:00.699,1.04754,1.04774,1.12,1.50
2015.06.08 19:55:02.356,1.04753,1.04774,1.37,1.87
2015.06.08 19:55:02.905,1.04753,1.04774,1.00,1.87
2015.06.08 19:55:03.448,1.04753,1.04773,1.00,1.87
2015.06.08 19:55:04.247,1.04753,1.04773,1.00,1.87
2015.06.08 19:55:05.582,1.04753,1.04773,1.00,1.87
2015.06.08 19:55:05.684,1.04753,1.04775,1.00,2.62
2015.06.08 19:55:05.786,1.04753,1.04775,1.50,1.00
2015.06.08 19:55:06.046,1.04753,1.04769,1.00,1.00
2015.06.08 19:55:06.148,1.04753,1.04771,1.00,1.00
2015.06.08 19:55:06.607,1.04753,1.04773,1.00,1.00
2015.06.08 19:55:07.124,1.04755,1.04774,1.00,1.00
2015.06.08 19:55:07.226,1.04756,1.04777,1.00,2.25
2015.06.08 19:55:07.907,1.04756,1.04777,1.00,1.87
2015.06.08 19:55:09.765,1.04756,1.04777,1.00,1.37
2015.06.08 19:55:10.308,1.04756,1.04775,1.00,1.87
2015.06.08 19:55:10.456,1.04753,1.04775,1.00,2.62
2015.06.08 19:55:11.269,1.04753,1.04773,1.00,1.37
2015.06.08 19:55:11.675,1.0475,1.04772,1.00,2.62
2015.06.08 19:55:12.401,1.04752,1.04771,1.00,1.37
2015.06.08 19:55:13.246,1.0475,1.04771,1.50,1.37
2015.06.08 19:55:21.601,1.0475,1.04771,1.00,1.50
2015.06.08 19:55:21.804,1.04753,1.04771,1.00,1.00
2015.06.08 19:55:22.311,1.04753,1.04774,1.00,1.37
2015.06.08 19:55:22.840,1.04753,1.04774,1.00,1.37
2015.06.08 19:55:23.356,1.04753,1.04773,1.00,1.37
2015.06.08 19:55:26.611,1.04753,1.04772,1.00,1.37
2015.06.08 19:55:27.119,1.04753,1.04774,1.00,2.25
2015.06.08 19:55:27.221,1.04753,1.04774,1.00,1.87
2015.06.08 19:55:29.995,1.04759,1.04774,1.00,1.50
2015.06.08 19:55:30.046,1.04759,1.04775,1.37,1.37
2015.06.08 19:55:30.135,1.04763,1.04777,1.00,1.00
2015.06.08 19:55:30.186,1.04763,1.04782,3.00,1.00
2015.06.08 19:55:30.238,1.04763,1.04784,3.37,1.00
2015.06.08 19:55:30.289,1.04768,1.04786,1.00,1.00
2015.06.08 19:55:30.340,1.04768,1.04788,1.00,2.25
2015.06.08 19:55:30.798,1.0477,1.04788,1.00,1.50
2015.06.08 19:55:31.356,1.04769,1.04788,1.00,1.50
2015.06.08 19:55:31.458,1.04767,1.04788,1.00,1.50
2015.06.08 19:55:31.509,1.04766,1.04785,1.00,1.00
2015.06.08 19:55:32.234,1.04767,1.04785,1.00,1.00
2015.06.08 19:55:32.772,1.04766,1.04785,1.00,1.00
2015.06.08 19:55:34.107,1.04767,1.04785,1.00,1.00
2015.06.08 19:55:34.738,1.04766,1.04785,1.00,1.00
2015.06.08 19:55:35.541,1.04767,1.04785,1.00,1.00
2015.06.08 19:55:38.180,1.04766,1.04785,1.00,1.00
2015.06.08 19:55:39.937,1.04765,1.04785,1.00,1.00
2015.06.08 19:55:40.292,1.04763,1.04784,1.50,1.00
2015.06.08 19:55:40.344,1.04765,1.04784,1.12,1.00
2015.06.08 19:55:40.649,1.04765,1.04782,1.12,1.00
2015.06.08 19:55:41.412,1.04763,1.04782,2.25,1.00
2015.06.08 19:55:41.836,1.04766,1.04782,1.12,1.00
2015.06.08 19:55:42.034,1.04769,1.04786,1.12,1.00
2015.06.08 19:55:42.238,1.04769,1.04789,1.00,1.00
2015.06.08 19:55:43.149,1.04768,1.04789,1.50,1.00
2015.06.08 19:55:43.684,1.04769,1.04789,1.00,1.00
2015.06.08 19:55:44.216,1.04771,1.04789,1.00,1.00
2015.06.08 19:55:44.481,1.04772,1.04793,1.50,1.00
2015.06.08 19:55:44.839,1.0477,1.0479,1.00,1.00
2015.06.08 19:55:45.347,1.04769,1.0479,1.00,1.00
2015.06.08 19:55:46.851,1.04768,1.0479,1.00,1.87
2015.06.08 19:55:47.482,1.04767,1.04787,2.25,1.00
2015.06.08 19:55:47.787,1.04773,1.0479,1.00,1.00
2015.06.08 19:55:48.294,1.04776,1.0479,1.00,1.00
2015.06.08 19:55:49.984,1.04775,1.0479,1.00,1.00
2015.06.08 19:55:50.292,1.04778,1.0479,1.00,1.00
2015.06.08 19:55:50.343,1.04778,1.04794,1.00,1.00
2015.06.08 19:55:50.394,1.04775,1.04794,1.12,1.00
2015.06.08 19:55:50.905,1.04774,1.04794,1.00,1.00
2015.06.08 19:55:51.440,1.04773,1.04794,1.12,1.00
2015.06.08 19:55:52.020,1.04773,1.04791,1.00,1.00
2015.06.08 19:55:52.542,1.04778,1.04791,1.00,1.00
2015.06.08 19:55:54.429,1.04781,1.04791,1.00,1.00
2015.06.08 19:55:54.947,1.04782,1.04791,1.00,1.00
2015.06.08 19:55:57.686,1.04783,1.04792,1.00,1.00
2015.06.08 19:55:57.737,1.04783,1.04795,1.00,1.00
2015.06.08 19:55:59.356,1.04783,1.04798,1.00,1.00
2015.06.08 19:55:59.458,1.04788,1.04798,1.00,1.00
2015.06.08 19:56:00.434,1.04788,1.04801,1.00,1.50
2015.06.08 19:56:01.399,1.04779,1.04801,2.25,1.87
2015.06.08 19:56:01.967,1.04779,1.04799,1.50,1.00
2015.06.08 19:56:02.076,1.04777,1.04798,2.25,1.00
2015.06.08 19:56:02.381,1.04781,1.04798,1.00,1.00
2015.06.08 19:56:02.688,1.04784,1.04795,1.00,1.00
2015.06.08 19:56:04.393,1.04781,1.04795,1.00,1.00
2015.06.08 19:56:06.174,1.04786,1.04798,1.00,1.50
2015.06.08 19:56:06.682,1.04787,1.04798,1.00,1.00
2015.06.08 19:56:11.191,1.04787,1.04801,1.00,1.00
2015.06.08 19:56:11.697,1.04788,1.04801,1.00,1.00
2015.06.08 19:56:12.553,1.04788,1.04801,1.00,1.87
2015.06.08 19:56:12.930,1.04788,1.04797,1.00,1.00
2015.06.08 19:56:13.134,1.04778,1.04797,1.00,1.00
2015.06.08 19:56:13.945,1.04778,1.04797,1.37,1.00
2015.06.08 19:56:14.213,1.04784,1.04797,1.00,1.00
2015.06.08 19:56:15.406,1.04786,1.04801,1.50,1.50
2015.06.08 19:56:18.840,1.04783,1.04801,1.00,1.00
2015.06.08 19:56:25.589,1.04782,1.04801,1.00,1.00
2015.06.08 19:56:25.742,1.04782,1.04798,1.00,1.00
2015.06.08 19:56:27.276,1.04781,1.04798,1.00,1.00
2015.06.08 19:56:27.582,1.04779,1.04798,1.00,1.00
2015.06.08 19:56:28.116,1.0478,1.04798,1.00,1.00
2015.06.08 19:56:28.623,1.04781,1.04798,1.00,1.00
2015.06.08 19:56:31.611,1.04781,1.04801,1.50,1.00
2015.06.08 19:56:33.903,1.04784,1.04801,1.00,1.00
2015.06.08 19:56:34.722,1.04784,1.04801,1.37,1.00
2015.06.08 19:56:35.360,1.04784,1.04801,1.00,1.00
2015.06.08 19:56:37.446,1.04781,1.04801,2.62,1.00
2015.06.08 19:56:38.776,1.04784,1.04801,1.00,1.00
2015.06.08 19:56:39.132,1.04782,1.04801,1.00,1.00
2015.06.08 19:56:39.259,1.04783,1.04801,1.37,1.00
2015.06.08 19:56:39.361,1.04782,1.04801,1.50,1.00
2015.06.08 19:56:39.903,1.04783,1.04801,1.00,1.00
2015.06.08 19:56:40.005,1.04783,1.04801,1.37,1.00
2015.06.08 19:56:40.208,1.04789,1.04806,1.00,1.00
2015.06.08 19:56:40.452,1.04793,1.04806,1.00,1.00
2015.06.08 19:56:40.706,1.04793,1.04809,1.00,1.00
2015.06.08 19:56:41.011,1.04793,1.04812,1.00,1.00
2015.06.08 19:56:41.544,1.04792,1.04812,1.50,1.00
2015.06.08 19:56:42.089,1.04793,1.04812,1.00,1.00
2015.06.08 19:56:43.042,1.04792,1.04812,1.87,1.00
2015.06.08 19:56:43.575,1.04795,1.04812,1.12,1.00
2015.06.08 19:56:44.526,1.04794,1.04812,1.12,1.00
2015.06.08 19:56:45.070,1.04792,1.04812,2.25,1.00
2015.06.08 19:56:45.223,1.04794,1.04812,1.37,1.00
2015.06.08 19:56:47.143,1.04794,1.04812,1.00,1.00
2015.06.08 19:56:47.245,1.04792,1.04812,1.00,1.00
2015.06.08 19:56:47.296,1.0479,1.04811,3.00,1.00
2015.06.08 19:56:47.449,1.04789,1.04809,4.12,1.00
2015.06.08 19:56:49.773,1.04791,1.04809,1.37,1.00
2015.06.08 19:56:51.332,1.04791,1.04809,2.25,1.00
2015.06.08 19:56:52.433,1.04792,1.04809,1.00,1.00
2015.06.08 19:56:53.208,1.04793,1.04809,1.00,1.00
2015.06.08 19:56:53.310,1.04793,1.04813,1.37,1.00
2015.06.08 19:56:53.514,1.04793,1.04813,1.12,1.00
2015.06.08 19:56:53.768,1.04792,1.0481,1.00,1.00
2015.06.08 19:56:54.276,1.04793,1.0481,1.00,1.00
2015.06.08 19:56:54.787,1.04793,1.0481,1.37,1.00
2015.06.08 19:56:56.098,1.0479,1.0481,1.50,1.00
2015.06.08 19:56:59.186,1.04789,1.0481,1.00,1.87
2015.06.08 19:56:59.491,1.04786,1.04803,1.37,1.00
2015.06.08 19:57:02.147,1.04783,1.04803,1.00,1.00
2015.06.08 19:57:04.556,1.04782,1.04803,1.87,1.00
2015.06.08 19:57:04.717,1.04782,1.04799,1.12,1.00
2015.06.08 19:57:04.819,1.04778,1.04799,1.50,1.00
2015.06.08 19:57:04.921,1.04778,1.04797,1.50,1.00
2015.06.08 19:57:05.279,1.04776,1.04796,1.50,1.00
2015.06.08 19:57:05.330,1.04779,1.04796,1.00,1.00
2015.06.08 19:57:05.432,1.04779,1.04799,1.50,1.00
2015.06.08 19:57:08.475,1.04777,1.04799,1.50,1.00
2015.06.08 19:57:09.133,1.04777,1.04796,1.00,1.00
2015.06.08 19:57:09.337,1.04775,1.04796,1.12,1.00
2015.06.08 19:57:09.856,1.04774,1.04795,1.87,1.00
2015.06.08 19:57:09.958,1.04775,1.04793,1.12,1.00
2015.06.08 19:57:10.162,1.04777,1.04797,1.00,1.00
2015.06.08 19:57:11.521,1.04776,1.04797,1.50,1.00
2015.06.08 19:57:12.428,1.04778,1.04797,1.50,1.00
2015.06.08 19:57:12.835,1.0478,1.04797,1.50,1.00
2015.06.08 19:57:12.937,1.0478,1.048,1.50,1.00
2015.06.08 19:57:13.445,1.04781,1.048,1.00,1.00
2015.06.08 19:57:15.378,1.04781,1.048,1.37,1.00
2015.06.08 19:57:15.993,1.04781,1.048,1.37,1.00
2015.06.08 19:57:16.248,1.04783,1.04803,2.25,1.00
2015.06.08 19:57:16.925,1.04783,1.04803,3.37,1.00
2015.06.08 19:57:17.027,1.04783,1.04803,1.50,1.00
2015.06.08 19:57:17.231,1.04783,1.04803,1.37,1.00
2015.06.08 19:57:17.282,1.04783,1.04803,1.00,1.00
2015.06.08 19:57:28.198,1.04785,1.04803,1.00,1.00
2015.06.08 19:57:30.082,1.04787,1.04803,1.00,1.00
2015.06.08 19:57:30.444,1.04796,1.04811,1.00,1.00
2015.06.08 19:57:30.496,1.04796,1.04814,1.00,1.00
2015.06.08 19:57:31.005,1.04794,1.04814,1.87,1.00
2015.06.08 19:57:32.277,1.04792,1.04814,3.00,1.37
2015.06.08 19:57:32.379,1.04792,1.04812,1.50,2.62
2015.06.08 19:57:32.430,1.0479,1.0481,1.00,1.00
2015.06.08 19:57:32.532,1.04789,1.04808,1.00,1.00
2015.06.08 19:57:33.294,1.04788,1.04808,1.00,1.00
2015.06.08 19:57:33.824,1.04786,1.04808,2.62,1.00
2015.06.08 19:57:34.129,1.0479,1.04808,1.87,1.00
2015.06.08 19:57:34.181,1.04791,1.04808,1.00,1.00
2015.06.08 19:57:34.232,1.04791,1.04812,1.00,1.00
2015.06.08 19:57:35.386,1.04791,1.04812,1.50,1.00
2015.06.08 19:57:36.044,1.04791,1.04812,1.50,1.00
2015.06.08 19:57:36.548,1.04791,1.04812,1.50,1.00
2015.06.08 19:57:38.293,1.04791,1.04812,1.50,1.00
2015.06.08 19:57:38.800,1.04792,1.04812,1.00,1.00
2015.06.08 19:57:39.614,1.04792,1.04812,1.00,1.87
2015.06.08 19:57:40.119,1.04792,1.04811,1.00,1.00
2015.06.08 19:57:41.866,1.0479,1.04811,1.87,1.00
2015.06.08 19:57:41.917,1.0479,1.04811,1.87,1.37
2015.06.08 19:57:42.533,1.0479,1.04811,1.00,1.12
2015.06.08 19:57:42.940,1.0479,1.04811,1.00,1.37
2015.06.08 19:57:43.426,1.0479,1.04811,1.87,1.00
2015.06.08 19:57:43.977,1.04791,1.04812,1.50,1.00
2015.06.08 19:57:45.037,1.04791,1.04812,1.37,1.00
2015.06.08 19:57:45.544,1.04791,1.04812,3.37,1.00
2015.06.08 19:57:47.076,1.04793,1.04812,1.37,1.00
2015.06.08 19:57:47.584,1.04793,1.04812,1.87,1.00
2015.06.08 19:57:47.889,1.04794,1.04812,1.50,1.00
2015.06.08 19:57:47.991,1.04795,1.04812,1.00,1.00
2015.06.08 19:57:48.042,1.04795,1.04815,1.00,1.00
2015.06.08 19:57:49.479,1.04795,1.04815,1.00,1.37
2015.06.08 19:57:49.742,1.04793,1.04814,1.50,1.37
2015.06.08 19:57:49.845,1.04793,1.04815,1.50,1.50
2015.06.08 19:57:49.897,1.04798,1.04815,1.00,1.00
2015.06.08 19:57:50.050,1.04797,1.04818,1.00,1.00
2015.06.08 19:57:50.101,1.04799,1.04818,1.00,1.00
2015.06.08 19:57:50.356,1.04799,1.04821,1.50,1.50
2015.06.08 19:57:50.724,1.04797,1.04818,1.50,1.00
2015.06.08 19:57:53.580,1.04797,1.04817,1.00,1.00
2015.06.08 19:57:53.953,1.04797,1.04815,1.00,1.00
2015.06.08 19:57:54.207,1.04795,1.04815,1.50,1.00
2015.06.08 19:57:57.577,1.04794,1.04815,1.00,1.12
2015.06.08 19:57:57.932,1.04803,1.04819,1.00,1.00
2015.06.08 19:57:58.237,1.04805,1.04822,1.00,1.37
2015.06.08 19:57:58.288,1.04803,1.04822,2.25,1.37
2015.06.08 19:57:59.143,1.04804,1.04823,1.00,1.37
2015.06.08 19:58:00.063,1.04805,1.04823,1.00,1.12
2015.06.08 19:58:00.267,1.04806,1.04827,1.50,1.50
2015.06.08 19:58:00.774,1.04807,1.04827,1.00,1.12
2015.06.08 19:58:01.870,1.04808,1.0483,1.00,2.62
2015.06.08 19:58:03.510,1.04808,1.04829,1.50,1.37
2015.06.08 19:58:08.021,1.04811,1.04829,1.00,1.00
2015.06.08 19:58:08.327,1.04814,1.04833,1.50,1.37
2015.06.08 19:58:08.429,1.04816,1.04834,1.50,1.87
2015.06.08 19:58:08.582,1.04818,1.04834,1.00,1.12
2015.06.08 19:58:08.887,1.04818,1.04838,1.00,1.00
2015.06.08 19:58:09.512,1.04818,1.04839,1.50,1.87
2015.06.08 19:58:10.388,1.04819,1.04839,1.00,1.12
2015.06.08 19:58:11.394,1.0482,1.04839,1.00,1.12
2015.06.08 19:58:12.158,1.0482,1.0484,1.00,1.00
2015.06.08 19:58:12.666,1.0482,1.0484,1.00,1.37
2015.06.08 19:58:13.181,1.0482,1.0484,1.00,1.00
2015.06.08 19:58:14.618,1.0482,1.0484,1.00,1.37
2015.06.08 19:58:15.126,1.0482,1.0484,1.00,1.37
2015.06.08 19:58:16.143,1.0482,1.0484,1.00,1.37
2015.06.08 19:58:17.476,1.0482,1.04842,1.00,2.62
2015.06.08 19:58:17.578,1.0482,1.04842,1.50,2.62
2015.06.08 19:58:18.143,1.0482,1.04842,1.50,1.87
2015.06.08 19:58:18.245,1.0482,1.04842,1.50,1.87
2015.06.08 19:58:19.391,1.0482,1.04841,1.50,1.00
2015.06.08 19:58:19.898,1.0482,1.0484,1.00,1.00
2015.06.08 19:58:20.434,1.0482,1.04841,1.00,1.87
2015.06.08 19:58:20.688,1.0482,1.0484,1.00,1.75
2015.06.08 19:58:24.893,1.0482,1.04841,1.00,2.25
2015.06.08 19:58:26.886,1.0482,1.0484,1.00,1.75
2015.06.08 19:58:29.379,1.0482,1.04841,1.00,1.75
2015.06.08 19:58:29.481,1.04818,1.04839,1.50,1.50
2015.06.08 19:58:30.759,1.04818,1.04839,1.00,1.37
2015.06.08 19:58:31.064,1.04819,1.04839,1.00,1.37
2015.06.08 19:58:31.166,1.04819,1.04839,1.00,1.00
2015.06.08 19:58:32.768,1.0482,1.04839,1.00,1.00
2015.06.08 19:58:32.988,1.0482,1.04842,1.50,1.50
2015.06.08 19:58:34.290,1.0482,1.04842,1.50,1.37
2015.06.08 19:58:35.191,1.0482,1.04842,1.50,1.50
2015.06.08 19:58:36.686,1.0482,1.04842,1.50,1.37
2015.06.08 19:58:38.798,1.0482,1.0484,1.50,1.37
2015.06.08 19:58:40.310,1.0482,1.04842,1.00,1.50
2015.06.08 19:58:41.594,1.0482,1.04842,1.00,1.87
2015.06.08 19:58:42.990,1.0482,1.04842,1.00,1.87
2015.06.08 19:58:43.702,1.0482,1.04842,1.00,2.25
2015.06.08 19:58:44.910,1.0482,1.04841,1.00,1.87
2015.06.08 19:58:45.511,1.0482,1.04841,1.00,1.87
2015.06.08 19:58:45.614,1.04818,1.04838,1.00,1.37
2015.06.08 19:58:46.910,1.04818,1.04838,1.00,1.12
2015.06.08 19:58:48.169,1.0482,1.04838,1.00,1.00
2015.06.08 19:58:49.728,1.04818,1.04838,1.00,1.00
2015.06.08 19:58:49.975,1.04818,1.04838,1.00,1.37
2015.06.08 19:58:50.280,1.04818,1.04836,1.00,1.37
2015.06.08 19:58:50.332,1.04818,1.04836,1.00,1.00
2015.06.08 19:58:50.485,1.04818,1.04838,1.00,1.50
2015.06.08 19:58:51.223,1.04818,1.04838,1.00,1.87
2015.06.08 19:58:51.392,1.04818,1.04838,1.00,1.50
2015.06.08 19:58:52.016,1.04818,1.04838,1.87,1.00
2015.06.08 19:58:52.119,1.04818,1.04838,1.50,1.00
2015.06.08 19:58:54.239,1.04818,1.04838,1.87,1.00
2015.06.08 19:58:54.788,1.04818,1.04838,1.87,1.00
2015.06.08 19:59:00.149,1.0482,1.04838,1.37,1.00
2015.06.08 19:59:00.659,1.0482,1.04838,1.00,1.00
2015.06.08 19:59:05.080,1.0482,1.04838,1.00,1.37
2015.06.08 19:59:05.621,1.0482,1.04838,1.00,1.00
2015.06.08 19:59:08.388,1.0482,1.0484,1.50,1.50
2015.06.08 19:59:12.849,1.04821,1.0484,1.00,1.00
2015.06.08 19:59:12.951,1.04825,1.0484,1.00,1.00
2015.06.08 19:59:13.104,1.04825,1.04843,1.00,1.50
2015.06.08 19:59:13.358,1.04827,1.04843,1.00,1.00
2015.06.08 19:59:13.801,1.04822,1.04843,1.00,1.07
2015.06.08 19:59:14.057,1.04825,1.04843,1.00,1.00
2015.06.08 19:59:14.611,1.04824,1.04843,1.00,1.00
2015.06.08 19:59:20.169,1.04823,1.04843,1.00,1.00
2015.06.08 19:59:20.424,1.04825,1.04843,1.00,1.00
2015.06.08 19:59:20.931,1.04824,1.04843,1.00,1.00
2015.06.08 19:59:23.348,1.04823,1.04843,1.00,1.00
2015.06.08 19:59:26.442,1.04822,1.04843,1.00,1.00
2015.06.08 19:59:26.775,1.04824,1.04843,1.00,1.00
2015.06.08 19:59:27.890,1.04823,1.04843,1.00,1.00
2015.06.08 19:59:28.388,1.04825,1.04842,1.00,1.00
2015.06.08 19:59:28.694,1.04829,1.04843,1.00,1.00
2015.06.08 19:59:28.746,1.04829,1.04846,1.00,1.12
2015.06.08 19:59:28.899,1.04825,1.04846,1.00,1.50
2015.06.08 19:59:29.406,1.04826,1.04845,1.00,1.00
2015.06.08 19:59:29.609,1.04825,1.04843,1.00,1.00
2015.06.08 19:59:30.073,1.04823,1.04843,1.12,1.50
2015.06.08 19:59:30.631,1.04822,1.04843,1.12,1.50
2015.06.08 19:59:32.976,1.04822,1.04841,1.12,1.00
2015.06.08 19:59:33.281,1.0482,1.04838,1.00,1.00
2015.06.08 19:59:33.788,1.04819,1.04838,1.87,1.00
2015.06.08 19:59:34.297,1.04819,1.04838,1.37,1.00
2015.06.08 19:59:34.812,1.04821,1.04838,1.00,1.00
2015.06.08 19:59:35.322,1.04819,1.04838,1.37,1.00
2015.06.08 19:59:36.922,1.04818,1.04838,1.37,1.00
2015.06.08 19:59:38.522,1.04818,1.04836,1.00,1.00
2015.06.08 19:59:38.573,1.04816,1.04836,1.00,1.50
2015.06.08 19:59:38.764,1.04816,1.04834,1.00,1.50
2015.06.08 19:59:38.816,1.04812,1.04833,2.25,1.00
2015.06.08 19:59:39.846,1.04814,1.04833,1.37,1.00
2015.06.08 19:59:40.359,1.04814,1.04833,1.00,1.00
2015.06.08 19:59:40.969,1.04813,1.04833,1.87,1.00
2015.06.08 19:59:41.778,1.04812,1.04833,1.12,1.50
2015.06.08 19:59:43.152,1.04812,1.04833,1.37,1.50
2015.06.08 19:59:43.762,1.04811,1.04831,1.00,1.00
2015.06.08 19:59:44.293,1.04809,1.0483,1.87,1.00
2015.06.08 19:59:44.599,1.04809,1.0483,3.00,1.00
2015.06.08 19:59:44.955,1.04809,1.04829,1.12,1.00
2015.06.08 19:59:45.490,1.04809,1.0483,1.87,1.00
2015.06.08 19:59:45.947,1.04808,1.04829,1.00,1.37
2015.06.08 19:59:46.101,1.04805,1.04826,1.00,1.00
2015.06.08 19:59:46.254,1.04805,1.04826,1.00,1.87
2015.06.08 19:59:46.508,1.04802,1.04824,2.25,1.12
2015.06.08 19:59:48.346,1.04802,1.04824,2.62,1.00
2015.06.08 19:59:48.967,1.04802,1.04824,2.25,1.12
2015.06.08 19:59:51.097,1.04802,1.04824,2.25,1.37
2015.06.08 19:59:51.603,1.04802,1.04824,1.50,1.37
2015.06.08 19:59:52.170,1.04802,1.04824,1.50,1.12
2015.06.08 19:59:52.576,1.04802,1.04824,1.50,1.37
2015.06.08 19:59:52.822,1.04802,1.04824,1.50,2.62
2015.06.08 19:59:53.281,1.04802,1.04823,1.00,1.37
2015.06.08 19:59:53.687,1.04802,1.04824,1.00,3.00
2015.06.08 19:59:54.889,1.04802,1.04824,2.25,1.87
2015.06.08 19:59:55.498,1.04802,1.04824,1.00,3.37
2015.06.08 19:59:56.049,1.04802,1.04824,1.00,1.87
2015.06.08 19:59:56.994,1.04808,1.04823,1.00,1.12
2015.06.08 19:59:57.198,1.04811,1.04829,1.00,1.00
2015.06.08 19:59:57.250,1.04811,1.04832,1.00,1.00
2015.06.08 19:59:57.402,1.0481,1.04829,1.00,1.00
2015.06.08 19:59:57.453,1.04807,1.04829,1.50,1.00
2015.06.08 19:59:59.914,1.04807,1.04829,1.00,2.62
