2010.04.07 16:00:00.131,1.43205,1.4322,16.00,8.00
2010.04.07 16:00:01.953,1.43205,1.4322,16.40,5.60
2010.04.07 16:00:02.165,1.43205,1.4322,14.80,4.00
2010.04.07 16:00:05.391,1.43205,1.4322,16.40,4.00
2010.04.07 16:00:06.008,1.43205,1.4322,14.80,4.00
2010.04.07 16:00:06.182,1.43205,1.4322,14.40,5.60
2010.04.07 16:00:06.349,1.43205,1.4322,16.00,5.60
2010.04.07 16:00:06.632,1.43205,1.4322,14.40,5.60
2010.04.07 16:00:07.384,1.43205,1.4322,14.80,5.60
2010.04.07 16:00:10.777,1.4321,1.4322,1.60,4.00
2010.04.07 16:00:15.259,1.4321,1.4322,1.60,5.60
2010.04.07 16:00:15.593,1.4321,1.4322,1.60,8.00
2010.04.07 16:00:16.179,1.4321,1.4322,5.60,8.00
2010.04.07 16:00:18.029,1.4321,1.4322,4.00,8.00
2010.04.07 16:00:20.300,1.43205,1.4322,16.40,16.00
2010.04.07 16:00:23.590,1.43205,1.4322,16.40,14.40
2010.04.07 16:00:24.360,1.43205,1.4322,14.80,14.40
2010.04.07 16:00:25.038,1.4321,1.4322,1.60,14.40
2010.04.07 16:00:26.573,1.43205,1.4322,16.40,14.40
2010.04.07 16:00:39.254,1.43205,1.4322,14.80,14.40
2010.04.07 16:00:39.964,1.43205,1.4322,16.40,14.40
2010.04.07 16:00:49.731,1.43205,1.4322,14.80,14.40
2010.04.07 16:00:54.194,1.43205,1.4322,12.40,6.40
2010.04.07 16:01:31.240,1.43205,1.4322,8.40,6.40
2010.04.07 16:01:34.420,1.43205,1.4322,6.80,6.40
2010.04.07 16:01:35.007,1.43205,1.4322,6.80,6.80
2010.04.07 16:01:35.494,1.43205,1.4322,6.80,8.40
2010.04.07 16:01:35.851,1.43205,1.4322,10.80,8.00
2010.04.07 16:01:36.092,1.43205,1.4322,10.80,6.40
2010.04.07 16:01:59.428,1.43205,1.4322,12.40,6.40
2010.04.07 16:02:00.531,1.43205,1.4322,10.80,6.40
2010.04.07 16:02:05.864,1.43205,1.4322,9.20,6.40
2010.04.07 16:02:06.123,1.43205,1.4322,9.20,8.00
2010.04.07 16:02:06.255,1.4321,1.4322,1.60,6.40
2010.04.07 16:02:07.136,1.43205,1.4322,11.60,6.40
2010.04.07 16:02:09.013,1.43205,1.4322,13.20,6.40
2010.04.07 16:02:10.947,1.43205,1.4322,11.60,6.40
2010.04.07 16:02:12.703,1.43205,1.4322,13.20,6.40
2010.04.07 16:02:12.874,1.43205,1.4322,11.60,6.40
2010.04.07 16:02:13.401,1.43205,1.4322,12.40,6.40
2010.04.07 16:02:14.421,1.43205,1.4322,10.80,6.40
2010.04.07 16:02:15.592,1.43205,1.4322,12.40,6.40
2010.04.07 16:02:17.221,1.43205,1.4322,10.80,6.40
2010.04.07 16:02:29.219,1.43205,1.4322,12.40,6.40
2010.04.07 16:02:33.684,1.43205,1.4322,10.80,6.40
2010.04.07 16:02:36.583,1.43205,1.4322,12.40,6.40
2010.04.07 16:02:42.795,1.43205,1.4322,10.80,8.00
2010.04.07 16:02:43.876,1.43205,1.4322,12.40,6.40
2010.04.07 16:02:44.886,1.43205,1.4322,10.80,6.40
2010.04.07 16:02:46.772,1.43205,1.4322,12.40,6.40
2010.04.07 16:02:47.172,1.43205,1.4322,10.80,8.00
2010.04.07 16:02:47.694,1.43205,1.4322,12.40,8.00
2010.04.07 16:02:47.838,1.43205,1.4322,12.40,6.40
2010.04.07 16:02:48.183,1.43205,1.4322,10.80,6.40
2010.04.07 16:02:49.001,1.43205,1.4322,12.40,6.40
2010.04.07 16:02:50.973,1.43205,1.4322,10.80,6.40
2010.04.07 16:02:51.122,1.43205,1.4322,12.40,6.40
2010.04.07 16:02:57.886,1.4321,1.4322,1.60,6.40
2010.04.07 16:03:02.637,1.43205,1.4322,10.80,6.40
2010.04.07 16:03:05.923,1.43205,1.4322,12.40,6.40
2010.04.07 16:03:07.911,1.4321,1.4322,1.60,6.40
2010.04.07 16:03:09.625,1.43205,1.4322,10.80,6.40
2010.04.07 16:03:13.309,1.43205,1.4322,12.40,6.40
2010.04.07 16:03:13.770,1.43205,1.4322,10.80,6.40
2010.04.07 16:03:14.423,1.4321,1.4322,1.60,5.80
2010.04.07 16:03:14.788,1.43205,1.4322,10.80,5.80
2010.04.07 16:03:28.248,1.43205,1.4322,12.40,5.80
2010.04.07 16:03:28.416,1.43205,1.4322,10.80,5.80
2010.04.07 16:03:29.098,1.43205,1.4322,12.40,5.80
2010.04.07 16:03:31.214,1.43205,1.4322,10.80,5.80
2010.04.07 16:03:38.236,1.43205,1.4322,12.40,5.80
2010.04.07 16:03:45.169,1.43205,1.4322,12.40,7.40
2010.04.07 16:03:45.818,1.43205,1.4322,10.80,5.80
2010.04.07 16:03:46.080,1.43205,1.4322,12.40,5.80
2010.04.07 16:03:46.419,1.43205,1.4322,10.80,5.80
2010.04.07 16:04:09.288,1.43205,1.4322,12.40,5.80
2010.04.07 16:04:11.972,1.43205,1.4322,12.40,7.40
2010.04.07 16:04:12.189,1.43205,1.4322,12.40,3.40
2010.04.07 16:04:12.393,1.43205,1.4322,10.80,3.40
2010.04.07 16:04:13.236,1.4321,1.4322,1.60,5.80
2010.04.07 16:04:13.576,1.43205,1.4322,12.40,5.20
2010.04.07 16:04:15.276,1.43205,1.4322,12.40,6.80
2010.04.07 16:04:16.371,1.43205,1.4322,10.80,6.80
2010.04.07 16:04:16.601,1.43205,1.4322,12.40,6.80
2010.04.07 16:04:17.291,1.43205,1.4322,10.80,6.80
2010.04.07 16:04:18.391,1.43205,1.4322,12.40,5.20
2010.04.07 16:04:19.201,1.43205,1.4322,10.80,5.20
2010.04.07 16:04:24.694,1.43205,1.4322,12.40,5.20
2010.04.07 16:04:29.273,1.43205,1.4322,10.80,6.80
2010.04.07 16:04:29.401,1.43205,1.4322,12.40,6.80
2010.04.07 16:04:31.187,1.43205,1.4322,10.80,6.80
2010.04.07 16:04:33.047,1.43205,1.4322,12.40,5.20
2010.04.07 16:04:35.237,1.43205,1.4322,12.40,6.80
2010.04.07 16:04:37.426,1.43205,1.4322,10.80,6.80
2010.04.07 16:04:39.575,1.43205,1.4322,10.80,5.20
2010.04.07 16:04:44.738,1.43205,1.4322,12.40,5.20
2010.04.07 16:04:45.774,1.43205,1.4322,12.40,6.80
2010.04.07 16:04:46.113,1.43205,1.4322,10.80,6.80
2010.04.07 16:04:55.515,1.43205,1.4322,12.40,6.80
2010.04.07 16:04:57.661,1.43205,1.4322,10.80,6.80
2010.04.07 16:04:59.083,1.43205,1.4321,4.30,2.40
2010.04.07 16:04:59.377,1.432,1.4321,3.50,2.40
2010.04.07 16:04:59.670,1.432,1.4321,3.10,2.40
2010.04.07 16:05:00.408,1.432,1.4321,3.50,2.40
2010.04.07 16:05:00.733,1.432,1.4321,1.90,2.40
2010.04.07 16:05:01.109,1.432,1.4321,3.50,2.40
2010.04.07 16:05:05.832,1.432,1.4321,1.90,2.40
2010.04.07 16:05:06.519,1.432,1.4321,3.50,2.40
2010.04.07 16:05:12.340,1.432,1.4321,1.90,2.40
2010.04.07 16:05:17.524,1.432,1.43215,1.90,4.90
2010.04.07 16:05:17.746,1.432,1.43215,1.90,4.00
2010.04.07 16:05:24.509,1.432,1.43215,1.90,4.80
2010.04.07 16:05:27.067,1.432,1.43215,1.90,4.00
2010.04.07 16:05:27.204,1.432,1.43215,3.50,4.00
2010.04.07 16:05:29.303,1.432,1.43215,1.90,4.00
2010.04.07 16:05:29.893,1.432,1.43215,1.90,4.80
2010.04.07 16:05:35.125,1.432,1.43215,1.90,4.00
2010.04.07 16:05:35.821,1.432,1.43215,1.90,4.80
2010.04.07 16:05:36.350,1.432,1.43215,1.90,4.00
2010.04.07 16:05:39.419,1.432,1.43215,1.90,4.80
2010.04.07 16:05:39.779,1.432,1.43215,1.90,4.00
2010.04.07 16:05:41.780,1.432,1.43215,3.50,4.00
2010.04.07 16:05:46.229,1.432,1.43215,4.30,4.00
2010.04.07 16:05:50.309,1.432,1.43215,5.10,4.00
2010.04.07 16:05:50.648,1.432,1.43215,4.30,4.00
2010.04.07 16:05:55.937,1.432,1.43215,2.70,4.00
2010.04.07 16:05:56.257,1.432,1.43215,1.70,4.00
2010.04.07 16:05:58.177,1.432,1.4321,1.30,2.40
2010.04.07 16:05:58.457,1.432,1.43215,1.70,4.00
2010.04.07 16:05:59.606,1.432,1.43215,4.10,1.60
2010.04.07 16:05:59.806,1.432,1.43215,5.70,1.60
2010.04.07 16:06:00.621,1.432,1.4321,1.70,1.60
2010.04.07 16:06:02.159,1.432,1.4321,1.30,4.00
2010.04.07 16:06:03.379,1.432,1.43215,1.70,4.00
2010.04.07 16:06:04.617,1.432,1.4321,1.30,4.00
2010.04.07 16:06:04.815,1.432,1.4321,1.30,1.60
2010.04.07 16:06:05.015,1.432,1.4321,1.70,1.60
2010.04.07 16:06:10.962,1.432,1.43215,1.70,4.00
2010.04.07 16:06:12.386,1.432,1.43215,4.10,1.60
2010.04.07 16:06:13.173,1.432,1.4322,7.30,16.70
2010.04.07 16:06:13.287,1.43205,1.4322,1.00,12.30
2010.04.07 16:06:13.951,1.432,1.4322,11.30,12.30
2010.04.07 16:06:15.692,1.43205,1.4322,1.00,12.30
2010.04.07 16:06:16.521,1.432,1.4322,12.10,13.10
2010.04.07 16:06:16.901,1.432,1.4322,11.30,13.10
2010.04.07 16:06:19.249,1.432,1.43215,7.30,1.60
2010.04.07 16:06:21.037,1.432,1.43215,1.70,4.00
2010.04.07 16:06:21.186,1.432,1.4321,1.70,1.60
2010.04.07 16:06:25.960,1.432,1.43215,1.70,4.00
2010.04.07 16:07:08.953,1.432,1.4322,7.30,17.50
2010.04.07 16:07:09.137,1.432,1.4322,12.90,12.30
2010.04.07 16:07:10.351,1.432,1.4322,8.90,17.10
2010.04.07 16:07:10.984,1.432,1.4322,8.10,17.10
2010.04.07 16:07:11.266,1.432,1.4322,8.10,13.10
2010.04.07 16:07:12.820,1.432,1.4322,8.90,13.10
2010.04.07 16:07:13.164,1.432,1.4322,12.10,12.30
2010.04.07 16:07:13.428,1.432,1.4322,8.10,12.30
2010.04.07 16:07:15.138,1.432,1.4322,8.10,13.10
2010.04.07 16:07:15.439,1.432,1.4322,8.10,17.10
2010.04.07 16:07:17.644,1.432,1.4322,12.10,12.30
2010.04.07 16:07:18.460,1.432,1.4322,8.10,9.50
2010.04.07 16:07:22.947,1.432,1.43215,8.10,2.80
2010.04.07 16:07:50.321,1.432,1.43215,7.30,5.20
2010.04.07 16:07:50.409,1.432,1.43215,5.70,6.80
2010.04.07 16:07:50.630,1.432,1.43215,3.30,6.80
2010.04.07 16:07:50.853,1.432,1.43215,1.70,6.80
2010.04.07 16:07:52.904,1.432,1.43215,2.50,6.80
2010.04.07 16:07:53.249,1.432,1.43215,1.70,6.80
2010.04.07 16:08:08.970,1.432,1.43215,1.40,6.80
2010.04.07 16:08:09.124,1.432,1.43215,1.20,6.80
2010.04.07 16:08:14.036,1.432,1.43215,2.80,6.80
2010.04.07 16:08:14.500,1.432,1.43215,1.20,6.80
2010.04.07 16:08:17.337,1.432,1.4321,1.20,1.60
2010.04.07 16:08:21.981,1.432,1.43215,1.20,6.80
2010.04.07 16:08:34.630,1.432,1.4321,1.20,1.60
2010.04.07 16:08:36.871,1.432,1.4321,1.00,1.60
2010.04.07 16:08:37.137,1.432,1.4321,1.20,1.60
2010.04.07 16:08:37.927,1.432,1.4321,3.60,1.60
2010.04.07 16:08:37.990,1.432,1.43215,5.20,2.80
2010.04.07 16:08:38.181,1.4321,1.4322,5.20,3.00
2010.04.07 16:08:38.373,1.43215,1.4322,8.00,1.20
2010.04.07 16:08:38.571,1.43215,1.4323,16.30,1.60
2010.04.07 16:08:38.760,1.43215,1.4323,17.10,1.60
2010.04.07 16:08:39.410,1.43215,1.4323,16.30,1.60
2010.04.07 16:08:40.148,1.43215,1.4323,17.20,1.60
2010.04.07 16:08:49.626,1.43215,1.4323,14.80,1.60
2010.04.07 16:09:00.734,1.43215,1.4323,14.00,1.60
2010.04.07 16:09:10.892,1.43215,1.43235,14.00,5.20
2010.04.07 16:09:12.041,1.43215,1.43235,14.00,4.40
2010.04.07 16:09:16.267,1.43215,1.43235,14.00,4.00
2010.04.07 16:09:22.547,1.4322,1.43235,2.40,1.60
2010.04.07 16:09:22.647,1.4322,1.43235,5.60,1.60
2010.04.07 16:09:22.750,1.4322,1.43235,8.40,2.40
2010.04.07 16:09:22.848,1.43225,1.4324,2.40,6.00
2010.04.07 16:09:22.947,1.43225,1.4324,2.40,4.40
2010.04.07 16:09:23.259,1.4322,1.4324,17.60,6.40
2010.04.07 16:09:23.468,1.4322,1.4324,15.60,6.40
2010.04.07 16:09:23.678,1.4322,1.4324,10.00,14.40
2010.04.07 16:09:23.886,1.4322,1.4324,10.00,10.40
2010.04.07 16:09:25.491,1.4322,1.43235,8.40,1.60
2010.04.07 16:09:28.385,1.4322,1.43235,6.80,1.60
2010.04.07 16:09:28.496,1.4322,1.43235,4.40,4.00
2010.04.07 16:09:28.717,1.4322,1.43235,1.00,4.00
2010.04.07 16:09:30.287,1.4322,1.43235,4.00,4.00
2010.04.07 16:09:30.530,1.43215,1.43235,16.40,4.00
2010.04.07 16:09:31.083,1.43215,1.43235,24.00,4.00
2010.04.07 16:09:31.329,1.4322,1.43235,1.00,4.00
2010.04.07 16:09:32.460,1.43215,1.4323,14.80,1.60
2010.04.07 16:09:33.209,1.43215,1.43235,22.40,4.00
2010.04.07 16:09:35.786,1.43215,1.43235,21.60,4.00
2010.04.07 16:09:35.993,1.4322,1.43235,1.00,4.00
2010.04.07 16:09:38.689,1.4322,1.43235,8.40,1.60
2010.04.07 16:09:39.022,1.4322,1.4324,8.40,10.40
2010.04.07 16:09:39.354,1.4322,1.43235,6.00,2.40
2010.04.07 16:09:39.524,1.4322,1.43235,2.00,2.40
2010.04.07 16:09:40.100,1.4322,1.4324,6.00,10.40
2010.04.07 16:09:40.437,1.4322,1.4324,10.00,10.40
2010.04.07 16:09:42.346,1.4322,1.43235,7.60,2.40
2010.04.07 16:09:42.483,1.4322,1.43235,3.60,2.40
2010.04.07 16:09:42.626,1.4322,1.43235,1.00,2.40
2010.04.07 16:09:43.127,1.4322,1.4324,2.80,15.20
2010.04.07 16:09:43.470,1.4322,1.4324,4.90,10.40
2010.04.07 16:09:44.603,1.4322,1.43235,4.90,1.60
2010.04.07 16:09:45.594,1.4322,1.43235,1.00,4.00
2010.04.07 16:09:45.867,1.4322,1.43235,4.90,1.60
2010.04.07 16:09:53.998,1.4322,1.43235,1.00,4.00
2010.04.07 16:09:54.088,1.4322,1.43235,7.30,1.60
2010.04.07 16:09:55.231,1.4322,1.43235,5.70,1.60
2010.04.07 16:09:55.581,1.4322,1.43235,1.00,4.00
2010.04.07 16:09:58.011,1.43225,1.43235,2.40,1.60
2010.04.07 16:09:58.132,1.43225,1.4324,4.00,4.70
2010.04.07 16:09:58.259,1.43225,1.4324,4.00,4.30
2010.04.07 16:10:03.394,1.43225,1.4324,4.40,4.30
2010.04.07 16:10:04.039,1.43225,1.4324,4.00,4.30
2010.04.07 16:10:21.551,1.43225,1.4324,4.00,4.00
2010.04.07 16:10:21.692,1.43225,1.4324,4.00,1.60
2010.04.07 16:10:22.322,1.4322,1.4324,17.20,1.60
2010.04.07 16:10:22.506,1.43225,1.4324,2.40,1.60
2010.04.07 16:10:22.684,1.43225,1.43235,2.40,1.00
2010.04.07 16:10:23.692,1.43225,1.43235,4.00,1.00
2010.04.07 16:10:31.847,1.43225,1.43235,2.40,1.00
2010.04.07 16:10:38.538,1.43225,1.43235,4.80,1.00
2010.04.07 16:10:39.710,1.43225,1.43235,4.00,1.00
2010.04.07 16:10:41.891,1.43225,1.43235,4.00,1.60
2010.04.07 16:10:41.918,1.43225,1.43235,1.60,4.00
2010.04.07 16:10:41.950,1.4322,1.43235,11.60,4.00
2010.04.07 16:10:41.978,1.4322,1.43235,10.80,4.00
2010.04.07 16:10:42.011,1.4322,1.43235,10.40,4.00
2010.04.07 16:10:42.038,1.4322,1.43235,6.40,8.00
2010.04.07 16:10:42.069,1.4322,1.43235,2.40,8.00
2010.04.07 16:10:42.190,1.4322,1.43235,1.60,8.00
2010.04.07 16:10:42.280,1.4322,1.43235,1.60,4.00
2010.04.07 16:10:42.853,1.4322,1.43235,2.80,4.00
2010.04.07 16:10:49.299,1.43225,1.4324,4.00,11.20
2010.04.07 16:10:49.529,1.43225,1.4324,6.80,1.60
2010.04.07 16:10:49.998,1.43225,1.4324,10.80,1.60
2010.04.07 16:10:50.231,1.43225,1.4324,6.80,1.60
2010.04.07 16:10:51.446,1.43225,1.4324,5.20,1.60
2010.04.07 16:10:52.639,1.43225,1.4324,4.80,1.60
2010.04.07 16:10:53.085,1.43225,1.43235,4.80,1.60
2010.04.07 16:10:53.322,1.43225,1.4324,4.80,1.60
2010.04.07 16:10:53.942,1.43225,1.4324,5.20,1.60
2010.04.07 16:10:54.302,1.43225,1.4324,4.80,1.60
2010.04.07 16:10:57.899,1.43225,1.4324,4.00,1.60
2010.04.07 16:10:58.255,1.43225,1.4324,1.00,8.00
2010.04.07 16:10:58.766,1.4322,1.4324,12.90,8.00
2010.04.07 16:10:59.360,1.4322,1.4324,8.10,12.00
2010.04.07 16:11:00.050,1.4322,1.43235,2.50,4.00
2010.04.07 16:11:00.682,1.4322,1.43235,3.30,4.00
2010.04.07 16:11:01.006,1.4322,1.4324,7.10,12.40
2010.04.07 16:11:01.316,1.4322,1.4324,7.10,12.00
2010.04.07 16:11:01.629,1.4322,1.4324,6.30,8.00
2010.04.07 16:11:02.036,1.4322,1.4324,10.30,8.00
2010.04.07 16:11:02.352,1.4322,1.4324,11.10,8.00
2010.04.07 16:11:03.285,1.4322,1.4324,12.70,8.00
2010.04.07 16:11:04.253,1.4322,1.4324,16.70,4.00
2010.04.07 16:11:08.416,1.43225,1.4324,1.00,8.00
2010.04.07 16:11:11.746,1.43225,1.43245,4.40,16.00
2010.04.07 16:11:12.031,1.43225,1.4324,5.20,1.60
2010.04.07 16:11:13.604,1.43225,1.43235,5.20,1.60
2010.04.07 16:11:13.868,1.4322,1.4324,9.20,12.00
2010.04.07 16:11:14.125,1.4322,1.4324,7.60,12.00
2010.04.07 16:11:14.385,1.4322,1.4324,11.60,8.00
2010.04.07 16:11:14.990,1.4323,1.43245,2.00,13.60
2010.04.07 16:11:15.713,1.4323,1.43245,2.00,6.40
2010.04.07 16:11:19.700,1.4323,1.43245,2.00,2.40
2010.04.07 16:11:20.842,1.4323,1.43245,2.00,4.00
2010.04.07 16:11:21.188,1.4323,1.43245,2.00,8.00
2010.04.07 16:11:21.372,1.4323,1.43245,2.00,4.00
2010.04.07 16:11:21.827,1.4323,1.43245,2.00,2.40
2010.04.07 16:11:23.059,1.4323,1.43245,2.00,4.00
2010.04.07 16:11:23.388,1.4323,1.43245,2.80,4.00
2010.04.07 16:11:24.362,1.4323,1.43245,1.20,4.00
2010.04.07 16:11:24.608,1.4323,1.43245,1.00,4.00
2010.04.07 16:11:24.848,1.4323,1.43245,1.00,12.00
2010.04.07 16:11:30.989,1.43225,1.43235,4.00,2.40
2010.04.07 16:11:31.163,1.43225,1.4324,1.60,4.80
2010.04.07 16:11:31.333,1.43225,1.4324,2.00,6.40
2010.04.07 16:11:31.909,1.43225,1.4324,2.00,2.40
2010.04.07 16:11:32.044,1.43225,1.4324,1.00,12.00
2010.04.07 16:11:38.497,1.43225,1.4324,1.00,8.00
2010.04.07 16:11:40.212,1.43225,1.4324,1.00,4.00
2010.04.07 16:11:42.923,1.4322,1.4324,11.60,4.00
2010.04.07 16:11:54.473,1.4322,1.4324,11.60,4.80
2010.04.07 16:11:54.554,1.4322,1.43235,5.20,2.40
2010.04.07 16:11:54.633,1.4322,1.4324,7.60,12.80
2010.04.07 16:11:55.783,1.43225,1.4324,1.00,8.00
2010.04.07 16:11:58.390,1.43225,1.4324,4.40,4.00
2010.04.07 16:11:58.530,1.43225,1.4324,6.00,4.00
2010.04.07 16:11:58.672,1.43225,1.43235,6.00,2.40
2010.04.07 16:11:58.890,1.43225,1.4324,6.00,4.00
2010.04.07 16:11:59.111,1.43225,1.4324,2.00,4.00
2010.04.07 16:12:01.502,1.43225,1.4324,6.00,4.00
2010.04.07 16:12:03.309,1.43225,1.4324,2.00,8.00
2010.04.07 16:12:06.322,1.43225,1.43235,2.00,2.40
2010.04.07 16:12:06.438,1.43225,1.43235,1.00,2.40
2010.04.07 16:12:08.177,1.4322,1.43235,5.20,2.40
2010.04.07 16:12:08.886,1.4322,1.43235,5.20,4.00
2010.04.07 16:12:08.962,1.4322,1.43235,4.40,4.00
2010.04.07 16:12:14.219,1.4322,1.43235,4.40,2.40
2010.04.07 16:12:20.100,1.4322,1.4324,6.80,12.00
2010.04.07 16:12:20.387,1.4322,1.4324,11.60,8.00
2010.04.07 16:12:20.675,1.43225,1.4324,1.00,8.00
2010.04.07 16:12:26.593,1.43225,1.4324,1.00,4.00
2010.04.07 16:12:29.152,1.43225,1.4324,1.00,8.00
2010.04.07 16:12:30.204,1.43225,1.4324,1.00,4.00
2010.04.07 16:12:30.711,1.43225,1.4324,1.00,8.00
2010.04.07 16:12:32.028,1.43225,1.4324,1.00,4.00
2010.04.07 16:12:32.392,1.43225,1.4324,1.00,8.00
2010.04.07 16:12:38.782,1.43225,1.4324,1.00,7.20
2010.04.07 16:12:39.768,1.43225,1.4324,1.00,8.00
2010.04.07 16:12:40.099,1.43225,1.4324,1.00,6.40
2010.04.07 16:12:41.730,1.43225,1.4324,1.00,2.40
2010.04.07 16:12:42.459,1.43225,1.43235,1.00,2.40
2010.04.07 16:12:42.671,1.4322,1.43235,7.60,4.00
2010.04.07 16:12:43.120,1.4322,1.43235,3.60,2.40
2010.04.07 16:12:43.384,1.4322,1.43235,2.80,2.40
2010.04.07 16:12:58.498,1.4322,1.43235,2.80,4.00
2010.04.07 16:12:59.232,1.4322,1.43235,2.80,2.40
2010.04.07 16:13:29.738,1.4322,1.43235,2.80,4.00
2010.04.07 16:13:39.730,1.4322,1.4323,1.00,2.40
2010.04.07 16:13:39.921,1.4322,1.43235,1.00,4.00
2010.04.07 16:13:40.563,1.4322,1.43235,1.20,4.00
2010.04.07 16:13:44.734,1.4322,1.43235,1.00,4.00
2010.04.07 16:13:44.916,1.4322,1.43235,1.20,4.00
2010.04.07 16:13:47.469,1.4322,1.43235,2.80,4.00
2010.04.07 16:13:48.256,1.4322,1.43235,2.80,2.40
2010.04.07 16:13:48.550,1.4322,1.43235,2.80,4.00
2010.04.07 16:13:53.951,1.4322,1.4323,2.80,1.60
2010.04.07 16:13:54.061,1.4322,1.4323,2.00,1.60
2010.04.07 16:13:56.222,1.4322,1.4323,1.00,1.60
2010.04.07 16:13:56.381,1.4322,1.4323,2.00,1.60
2010.04.07 16:13:58.600,1.4322,1.43235,2.00,4.00
2010.04.07 16:14:00.751,1.4322,1.43235,2.80,4.00
2010.04.07 16:14:00.881,1.4322,1.43235,2.00,2.40
2010.04.07 16:14:01.012,1.4322,1.43235,14.00,1.60
2010.04.07 16:14:01.561,1.4322,1.43235,10.00,1.60
2010.04.07 16:14:01.701,1.4322,1.4324,5.20,8.00
2010.04.07 16:14:01.823,1.4322,1.4324,9.20,8.00
2010.04.07 16:14:02.846,1.4322,1.4324,10.80,8.00
2010.04.07 16:14:04.703,1.4322,1.43235,4.40,2.40
2010.04.07 16:14:05.330,1.4322,1.43235,2.00,2.40
2010.04.07 16:14:07.888,1.43225,1.4324,5.60,12.00
2010.04.07 16:14:08.080,1.43225,1.4324,4.40,9.60
2010.04.07 16:14:08.281,1.43225,1.4324,5.20,1.60
2010.04.07 16:14:11.399,1.43225,1.4324,9.20,1.60
2010.04.07 16:14:13.481,1.43225,1.4324,8.40,1.60
2010.04.07 16:14:13.735,1.43225,1.43245,18.40,4.80
2010.04.07 16:14:13.992,1.4323,1.4325,6.80,12.40
2010.04.07 16:14:14.251,1.4323,1.4325,11.60,8.40
2010.04.07 16:14:14.512,1.4323,1.4325,10.80,8.00
2010.04.07 16:14:18.074,1.4323,1.4325,6.80,12.00
2010.04.07 16:14:18.421,1.43235,1.4325,1.00,4.00
2010.04.07 16:14:21.258,1.43235,1.4325,1.00,2.40
2010.04.07 16:14:24.059,1.4323,1.4325,12.40,2.40
2010.04.07 16:14:24.347,1.4323,1.4325,11.60,2.40
2010.04.07 16:14:24.946,1.4323,1.4325,11.60,4.00
2010.04.07 16:14:32.854,1.4323,1.4325,10.80,8.00
2010.04.07 16:14:33.034,1.4323,1.4325,11.60,8.00
2010.04.07 16:14:35.476,1.4323,1.4325,7.60,8.00
2010.04.07 16:14:35.612,1.4323,1.4325,7.60,12.00
2010.04.07 16:14:36.001,1.4323,1.4325,15.60,4.00
2010.04.07 16:14:36.794,1.43235,1.4325,1.00,4.00
2010.04.07 16:14:43.030,1.4323,1.4325,15.60,4.00
2010.04.07 16:14:43.566,1.43235,1.4325,1.00,4.00
2010.04.07 16:14:47.786,1.4323,1.4325,15.60,4.00
2010.04.07 16:14:49.314,1.43235,1.4325,1.00,4.00
2010.04.07 16:14:49.943,1.43235,1.43255,11.20,12.80
2010.04.07 16:14:50.124,1.4324,1.43255,2.40,9.60
2010.04.07 16:14:50.393,1.4324,1.4326,4.00,12.40
2010.04.07 16:14:50.662,1.4324,1.4326,4.00,12.00
2010.04.07 16:14:50.931,1.4324,1.4326,9.60,4.00
2010.04.07 16:14:51.200,1.4324,1.4326,10.40,4.00
2010.04.07 16:14:51.981,1.4324,1.4326,10.80,4.00
2010.04.07 16:14:52.228,1.4324,1.4326,11.60,2.40
2010.04.07 16:14:52.770,1.43245,1.4326,2.40,2.40
2010.04.07 16:15:00.277,1.43245,1.4326,4.00,2.40
2010.04.07 16:15:01.102,1.4325,1.43265,2.40,12.40
2010.04.07 16:15:01.448,1.4325,1.43265,2.40,8.40
2010.04.07 16:15:01.789,1.43255,1.43265,2.40,5.80
2010.04.07 16:15:02.128,1.43255,1.4327,2.40,8.00
2010.04.07 16:15:03.379,1.43255,1.4327,6.40,4.00
2010.04.07 16:15:03.653,1.4326,1.4327,2.40,1.60
2010.04.07 16:15:03.914,1.43265,1.43275,2.40,1.60
2010.04.07 16:15:06.952,1.4327,1.43285,2.40,13.30
2010.04.07 16:15:07.178,1.4327,1.43285,2.40,8.00
2010.04.07 16:15:07.406,1.4327,1.43285,2.40,4.00
2010.04.07 16:15:07.867,1.43265,1.4328,10.40,4.00
2010.04.07 16:15:08.207,1.43265,1.4328,2.40,8.00
2010.04.07 16:15:08.548,1.4327,1.4328,2.40,8.00
2010.04.07 16:15:09.404,1.4327,1.4328,2.40,4.00
2010.04.07 16:15:09.471,1.43265,1.4328,2.40,8.40
2010.04.07 16:15:09.724,1.43265,1.4328,2.40,8.00
2010.04.07 16:15:11.461,1.43265,1.4328,2.40,5.60
2010.04.07 16:15:11.535,1.43265,1.4328,2.40,4.00
2010.04.07 16:15:11.605,1.4327,1.4328,2.40,1.60
2010.04.07 16:15:11.674,1.4327,1.4328,2.40,2.40
2010.04.07 16:15:11.749,1.43265,1.43275,1.00,4.00
2010.04.07 16:15:11.829,1.4326,1.43275,3.20,8.00
2010.04.07 16:15:11.905,1.43265,1.43275,2.40,5.60
2010.04.07 16:15:12.043,1.43265,1.4328,2.40,10.60
2010.04.07 16:15:12.510,1.43265,1.4328,2.40,9.00
2010.04.07 16:15:12.857,1.43265,1.4328,2.40,8.00
2010.04.07 16:15:16.443,1.4327,1.4328,2.40,5.60
2010.04.07 16:15:16.735,1.43265,1.4328,4.00,8.00
2010.04.07 16:15:16.852,1.43265,1.4328,2.40,8.00
2010.04.07 16:15:25.643,1.43265,1.4328,2.40,5.60
2010.04.07 16:15:25.841,1.43265,1.4328,2.40,7.20
2010.04.07 16:15:25.939,1.4326,1.4328,8.90,9.60
2010.04.07 16:15:26.040,1.43265,1.4328,2.40,9.60
2010.04.07 16:15:26.142,1.43265,1.4328,2.40,10.00
2010.04.07 16:15:26.612,1.43265,1.43275,2.40,4.00
2010.04.07 16:15:26.955,1.43265,1.4328,2.40,9.60
2010.04.07 16:15:31.289,1.43265,1.4328,2.40,13.60
2010.04.07 16:15:31.449,1.43265,1.4328,2.40,9.60
2010.04.07 16:15:32.988,1.43265,1.4328,4.00,9.60
2010.04.07 16:15:33.110,1.43265,1.4328,4.00,10.60
2010.04.07 16:15:33.551,1.43265,1.43275,4.00,2.40
2010.04.07 16:15:33.829,1.43265,1.43275,2.40,1.60
2010.04.07 16:15:34.656,1.4327,1.4328,2.40,7.20
2010.04.07 16:15:34.948,1.4326,1.43275,8.90,8.00
2010.04.07 16:15:35.518,1.43265,1.4328,2.40,14.00
2010.04.07 16:15:35.684,1.43265,1.4328,2.40,13.60
2010.04.07 16:15:35.842,1.43265,1.4328,2.40,9.60
2010.04.07 16:15:36.481,1.43265,1.4328,2.40,13.60
2010.04.07 16:15:37.064,1.43265,1.4328,4.00,13.60
2010.04.07 16:15:37.406,1.43265,1.4328,2.40,15.20
2010.04.07 16:15:38.100,1.4327,1.4328,2.40,4.80
2010.04.07 16:15:38.279,1.43265,1.4328,3.30,10.40
2010.04.07 16:15:38.459,1.4326,1.43275,4.90,8.00
2010.04.07 16:15:38.640,1.43265,1.4328,2.40,17.80
2010.04.07 16:15:38.818,1.43265,1.4328,2.40,16.20
2010.04.07 16:15:39.058,1.43265,1.4328,2.40,15.20
2010.04.07 16:15:39.913,1.4327,1.4328,2.40,4.80
2010.04.07 16:15:40.162,1.43265,1.43275,2.40,1.60
2010.04.07 16:15:41.087,1.43265,1.4328,2.40,15.20
2010.04.07 16:15:41.309,1.4326,1.43275,2.40,8.00
2010.04.07 16:15:41.532,1.43265,1.4328,2.40,17.80
2010.04.07 16:15:41.751,1.43265,1.4328,2.40,15.60
2010.04.07 16:15:42.454,1.43265,1.4328,2.40,15.20
2010.04.07 16:15:44.997,1.4327,1.4328,2.40,3.20
2010.04.07 16:15:46.212,1.43265,1.4328,7.30,5.60
2010.04.07 16:15:46.436,1.43265,1.4328,2.40,9.60
2010.04.07 16:15:46.867,1.43265,1.43275,2.40,1.60
2010.04.07 16:15:47.311,1.4326,1.43275,3.30,4.00
2010.04.07 16:15:48.056,1.43265,1.4328,4.00,5.40
2010.04.07 16:15:48.361,1.43265,1.4328,4.90,3.60
2010.04.07 16:15:48.950,1.4326,1.4328,5.60,13.60
2010.04.07 16:15:49.246,1.4326,1.4328,4.90,14.00
2010.04.07 16:15:49.764,1.43265,1.4328,1.60,12.40
2010.04.07 16:15:49.997,1.4326,1.4328,4.90,12.00
2010.04.07 16:15:50.425,1.4326,1.4328,4.40,12.00
2010.04.07 16:15:50.663,1.4326,1.4328,4.90,12.00
2010.04.07 16:15:50.886,1.4326,1.4328,6.50,12.00
2010.04.07 16:15:51.549,1.43265,1.4328,1.60,12.00
2010.04.07 16:15:51.780,1.4327,1.4328,8.40,8.00
2010.04.07 16:15:51.916,1.4327,1.4329,20.90,3.60
2010.04.07 16:15:52.046,1.43275,1.4329,2.40,6.00
2010.04.07 16:15:52.573,1.43275,1.4329,4.00,6.00
2010.04.07 16:15:52.710,1.43275,1.4329,4.00,8.40
2010.04.07 16:15:52.997,1.43275,1.4329,4.00,8.00
2010.04.07 16:15:53.574,1.43275,1.4329,4.00,4.00
2010.04.07 16:15:55.763,1.4328,1.4329,1.00,4.00
2010.04.07 16:15:55.874,1.4329,1.43295,1.60,13.20
2010.04.07 16:15:56.301,1.4329,1.43295,4.00,10.80
2010.04.07 16:15:56.436,1.4329,1.433,2.40,2.00
2010.04.07 16:15:56.704,1.43285,1.433,8.90,4.40
2010.04.07 16:15:56.833,1.43285,1.433,7.30,7.60
2010.04.07 16:15:56.973,1.43285,1.433,2.40,9.60
2010.04.07 16:15:57.110,1.4329,1.433,2.40,4.00
2010.04.07 16:15:57.246,1.4329,1.43305,4.00,5.60
2010.04.07 16:15:58.139,1.4329,1.43305,4.80,4.00
2010.04.07 16:15:58.489,1.43295,1.4331,2.40,11.20
2010.04.07 16:15:59.265,1.43295,1.4331,10.00,7.20
2010.04.07 16:15:59.464,1.433,1.4332,4.90,14.80
2010.04.07 16:15:59.665,1.43305,1.4332,2.40,11.60
2010.04.07 16:15:59.864,1.43305,1.4332,3.60,7.20
2010.04.07 16:16:00.062,1.43305,1.4332,3.60,8.80
2010.04.07 16:16:02.181,1.4331,1.4332,2.40,8.80
2010.04.07 16:16:02.904,1.43315,1.4332,1.20,1.60
2010.04.07 16:16:03.035,1.43315,1.43325,3.60,4.20
2010.04.07 16:16:03.563,1.43315,1.43325,2.40,1.00
2010.04.07 16:16:03.704,1.43315,1.4333,2.40,4.40
2010.04.07 16:16:04.048,1.4332,1.4333,3.40,10.00
2010.04.07 16:16:04.575,1.4332,1.4333,1.00,10.80
2010.04.07 16:16:04.929,1.4332,1.4333,2.40,2.00
2010.04.07 16:16:07.266,1.4331,1.4333,9.20,10.00
2010.04.07 16:16:07.309,1.4331,1.4333,5.20,14.00
2010.04.07 16:16:07.351,1.4331,1.4333,4.40,14.80
2010.04.07 16:16:07.471,1.4331,1.4333,8.40,10.80
2010.04.07 16:16:07.511,1.4331,1.4333,8.40,12.40
2010.04.07 16:16:07.551,1.4331,1.4333,12.40,8.40
2010.04.07 16:16:07.590,1.4331,1.43325,12.40,1.60
2010.04.07 16:16:07.656,1.4331,1.43325,13.00,1.60
2010.04.07 16:16:07.822,1.43315,1.43325,4.00,1.60
2010.04.07 16:16:08.398,1.4332,1.43335,6.40,6.40
2010.04.07 16:16:09.169,1.4332,1.4333,3.40,2.00
2010.04.07 16:16:09.681,1.4332,1.4333,3.40,1.60
2010.04.07 16:16:09.852,1.4332,1.43335,3.40,3.20
2010.04.07 16:16:10.020,1.4332,1.43335,3.40,1.60
2010.04.07 16:16:10.190,1.4332,1.43335,7.40,1.60
2010.04.07 16:16:10.631,1.4332,1.43335,11.40,1.60
2010.04.07 16:16:10.852,1.4332,1.4334,12.20,2.00
2010.04.07 16:16:11.074,1.43325,1.4334,6.40,2.00
2010.04.07 16:16:11.529,1.4332,1.4334,17.00,1.00
2010.04.07 16:16:11.723,1.43335,1.4335,11.40,1.60
2010.04.07 16:16:11.898,1.43335,1.4335,11.40,1.60
2010.04.07 16:16:12.675,1.43335,1.43355,11.40,4.40
2010.04.07 16:16:13.028,1.4333,1.43345,13.80,1.60
2010.04.07 16:16:13.378,1.4333,1.43345,11.40,1.60
2010.04.07 16:16:14.678,1.4333,1.4335,16.20,1.60
2010.04.07 16:16:14.954,1.4333,1.4335,13.80,3.20
2010.04.07 16:16:15.232,1.43335,1.4335,8.00,1.00
2010.04.07 16:16:15.655,1.4334,1.43355,2.40,5.20
2010.04.07 16:16:16.008,1.43335,1.43355,5.00,15.20
2010.04.07 16:16:17.102,1.43335,1.4335,3.40,1.60
2010.04.07 16:16:17.309,1.43325,1.4335,20.10,4.80
2010.04.07 16:16:17.521,1.43325,1.43345,14.80,1.60
2010.04.07 16:16:17.733,1.43325,1.43345,13.40,1.60
2010.04.07 16:16:18.471,1.43325,1.43345,11.30,5.60
2010.04.07 16:16:18.709,1.4333,1.43345,4.00,4.00
2010.04.07 16:16:18.951,1.4333,1.4335,10.50,2.00
2010.04.07 16:16:19.591,1.4333,1.43345,5.80,4.00
2010.04.07 16:16:19.912,1.4334,1.43355,2.40,10.00
2010.04.07 16:16:20.566,1.4334,1.43355,2.40,8.00
2010.04.07 16:16:20.800,1.4334,1.43355,2.40,9.60
2010.04.07 16:16:21.312,1.43345,1.43355,2.60,8.00
2010.04.07 16:16:21.481,1.4335,1.43355,1.60,8.00
2010.04.07 16:16:21.650,1.43355,1.43365,1.00,1.60
2010.04.07 16:16:21.819,1.43355,1.4337,1.00,10.00
2010.04.07 16:16:22.022,1.43355,1.4337,1.00,2.00
2010.04.07 16:16:22.426,1.43355,1.4337,1.00,1.60
2010.04.07 16:16:22.995,1.4336,1.4337,3.40,1.60
2010.04.07 16:16:23.175,1.43365,1.4337,1.00,1.60
2010.04.07 16:16:23.354,1.43365,1.4337,3.60,1.60
2010.04.07 16:16:23.528,1.43365,1.4338,4.40,12.40
2010.04.07 16:16:23.699,1.43365,1.4338,4.70,3.20
2010.04.07 16:16:25.009,1.43365,1.4338,16.40,1.60
2010.04.07 16:16:25.208,1.43375,1.4339,2.40,12.40
2010.04.07 16:16:25.348,1.43375,1.4339,4.20,7.60
2010.04.07 16:16:25.486,1.43375,1.4339,6.80,2.00
2010.04.07 16:16:25.766,1.4337,1.4339,19.50,1.60
2010.04.07 16:16:26.166,1.4337,1.4339,24.70,1.60
2010.04.07 16:16:26.312,1.43375,1.43395,18.60,5.60
2010.04.07 16:16:26.508,1.43375,1.43395,20.80,1.60
2010.04.07 16:16:26.710,1.4339,1.434,4.00,8.80
2010.04.07 16:16:26.910,1.4339,1.4341,16.00,1.00
2010.04.07 16:16:27.108,1.4339,1.4341,20.40,1.00
2010.04.07 16:16:27.310,1.4339,1.43415,26.20,5.60
2010.04.07 16:16:27.820,1.43405,1.43415,4.00,4.00
2010.04.07 16:16:28.165,1.43405,1.43425,26.80,1.60
2010.04.07 16:16:28.514,1.4341,1.4343,9.60,7.20
2010.04.07 16:16:29.225,1.4342,1.4344,4.00,7.60
2010.04.07 16:16:29.503,1.43425,1.43445,1.00,10.80
2010.04.07 16:16:29.854,1.4343,1.4345,2.40,12.80
2010.04.07 16:16:30.615,1.43445,1.4346,4.80,2.00
2010.04.07 16:16:30.869,1.4345,1.4347,1.60,2.00
2010.04.07 16:16:31.121,1.4345,1.4347,7.20,1.60
2010.04.07 16:16:31.370,1.43455,1.4348,4.40,4.40
2010.04.07 16:16:31.624,1.43475,1.4348,2.40,4.00
2010.04.07 16:16:32.184,1.4347,1.4348,6.90,4.00
2010.04.07 16:16:32.535,1.4347,1.4348,16.60,4.00
2010.04.07 16:16:32.878,1.4347,1.4349,18.50,1.00
2010.04.07 16:16:33.220,1.4348,1.43495,10.00,4.00
2010.04.07 16:16:33.648,1.4348,1.435,13.20,8.40
2010.04.07 16:16:34.003,1.4349,1.4351,5.60,10.40
2010.04.07 16:16:34.251,1.43495,1.4352,14.80,14.80
2010.04.07 16:16:34.491,1.43495,1.43515,5.60,8.00
2010.04.07 16:16:34.732,1.43495,1.43515,6.40,5.60
2010.04.07 16:16:35.290,1.435,1.4352,8.40,10.00
2010.04.07 16:16:35.614,1.43505,1.43525,1.60,10.40
2010.04.07 16:16:35.928,1.43505,1.43525,5.60,1.60
2010.04.07 16:16:36.245,1.435,1.43525,20.80,13.60
2010.04.07 16:16:36.562,1.43505,1.43525,1.60,8.80
2010.04.07 16:16:37.022,1.43505,1.4352,1.00,1.60
2010.04.07 16:16:37.342,1.43515,1.43535,15.10,5.60
2010.04.07 16:16:38.091,1.4352,1.43535,1.00,1.60
2010.04.07 16:16:38.444,1.4352,1.43535,1.20,5.60
2010.04.07 16:16:38.794,1.43515,1.4352,1.00,1.60
2010.04.07 16:16:39.274,1.43505,1.4352,1.00,5.60
2010.04.07 16:16:39.623,1.4349,1.4351,1.00,1.00
2010.04.07 16:16:39.965,1.4349,1.43505,1.00,12.00
2010.04.07 16:16:40.311,1.4349,1.43505,2.00,8.00
2010.04.07 16:16:41.002,1.4349,1.435,2.40,4.00
2010.04.07 16:16:41.220,1.43485,1.43505,2.80,12.80
2010.04.07 16:16:41.434,1.43485,1.43505,2.80,13.20
2010.04.07 16:16:41.655,1.43485,1.435,1.20,8.00
2010.04.07 16:16:42.312,1.4348,1.43495,3.60,8.00
2010.04.07 16:16:42.607,1.4347,1.43485,2.80,4.00
2010.04.07 16:16:42.896,1.43475,1.4348,1.00,4.00
2010.04.07 16:16:43.186,1.4347,1.43485,2.00,8.00
2010.04.07 16:16:44.562,1.43465,1.43485,3.60,8.00
2010.04.07 16:16:44.634,1.43455,1.4347,2.80,4.80
2010.04.07 16:16:44.696,1.43455,1.4347,2.40,4.80
2010.04.07 16:16:44.876,1.43455,1.4347,1.60,7.60
2010.04.07 16:16:45.382,1.43455,1.4347,1.60,6.80
2010.04.07 16:16:45.456,1.4345,1.4347,2.80,10.80
2010.04.07 16:16:45.522,1.4345,1.4347,2.80,11.60
2010.04.07 16:16:45.585,1.4345,1.43465,2.80,8.00
2010.04.07 16:16:46.349,1.43445,1.43465,6.40,6.00
2010.04.07 16:16:46.703,1.4345,1.4347,1.60,4.40
2010.04.07 16:16:46.826,1.43455,1.4347,1.00,6.80
2010.04.07 16:16:46.956,1.43445,1.4346,3.60,2.00
2010.04.07 16:16:47.086,1.43445,1.4346,2.00,13.60
2010.04.07 16:16:47.224,1.4344,1.43455,1.20,1.60
2010.04.07 16:16:47.752,1.43435,1.43455,7.20,5.60
2010.04.07 16:16:48.101,1.43435,1.43455,2.40,6.80
2010.04.07 16:16:48.444,1.43435,1.4345,1.00,1.00
2010.04.07 16:16:48.796,1.4343,1.43445,6.00,1.00
2010.04.07 16:16:49.054,1.4343,1.4345,2.40,5.20
2010.04.07 16:16:49.312,1.4343,1.4345,2.40,4.40
2010.04.07 16:16:49.836,1.4343,1.4345,2.40,6.00
2010.04.07 16:16:50.098,1.4342,1.43435,1.60,1.60
2010.04.07 16:16:50.347,1.43415,1.4343,1.00,3.20
2010.04.07 16:16:50.603,1.434,1.43415,4.00,1.00
2010.04.07 16:16:51.268,1.4336,1.43395,7.60,10.50
2010.04.07 16:16:51.582,1.43355,1.43385,2.40,8.40
2010.04.07 16:16:51.899,1.4335,1.4338,9.20,4.00
2010.04.07 16:16:52.215,1.4335,1.43375,5.60,4.00
2010.04.07 16:16:52.522,1.4336,1.43375,1.60,8.00
2010.04.07 16:16:53.255,1.4336,1.43375,2.40,8.00
2010.04.07 16:16:53.407,1.4336,1.4338,3.20,4.40
2010.04.07 16:16:53.701,1.4336,1.4338,3.20,4.00
2010.04.07 16:16:54.000,1.4336,1.4338,1.60,4.00
2010.04.07 16:16:54.591,1.4336,1.43385,5.60,8.40
2010.04.07 16:16:54.869,1.43355,1.43375,7.60,4.00
2010.04.07 16:16:55.143,1.43355,1.43375,7.60,8.00
2010.04.07 16:16:55.420,1.43355,1.43375,8.80,8.00
2010.04.07 16:16:55.689,1.43355,1.43375,8.80,4.00
2010.04.07 16:16:55.963,1.4335,1.4337,10.00,5.60
2010.04.07 16:16:56.578,1.4335,1.43365,1.20,4.00
2010.04.07 16:16:56.942,1.43345,1.43365,4.80,4.20
2010.04.07 16:16:57.140,1.43345,1.43365,4.80,1.00
2010.04.07 16:16:57.247,1.43345,1.4337,10.40,12.40
2010.04.07 16:16:57.353,1.43345,1.4337,10.80,12.40
2010.04.07 16:16:57.553,1.43345,1.4337,13.20,10.00
2010.04.07 16:16:57.957,1.43345,1.4337,13.80,10.00
2010.04.07 16:16:58.308,1.4335,1.4336,3.20,1.60
2010.04.07 16:16:58.653,1.4335,1.4336,2.40,1.60
2010.04.07 16:16:59.005,1.4335,1.43365,3.20,5.60
2010.04.07 16:16:59.253,1.4335,1.4336,3.20,1.60
2010.04.07 16:16:59.900,1.43345,1.4336,6.80,1.60
2010.04.07 16:17:00.145,1.43345,1.4336,4.80,1.60
2010.04.07 16:17:00.617,1.43345,1.4336,1.00,1.60
2010.04.07 16:17:00.852,1.43345,1.4336,4.80,1.60
2010.04.07 16:17:02.448,1.43345,1.4336,4.00,1.60
2010.04.07 16:17:03.662,1.43345,1.43365,10.00,4.40
2010.04.07 16:17:04.013,1.4335,1.43365,10.80,1.00
2010.04.07 16:17:04.543,1.4335,1.4337,11.60,2.40
2010.04.07 16:17:04.647,1.4335,1.4337,10.80,2.40
2010.04.07 16:17:04.759,1.4335,1.43365,10.80,1.60
2010.04.07 16:17:05.189,1.4335,1.43365,12.40,1.60
2010.04.07 16:17:05.910,1.43355,1.4337,8.00,4.00
2010.04.07 16:17:06.233,1.43355,1.43375,14.40,5.60
2010.04.07 16:17:06.768,1.43355,1.4337,11.20,1.60
2010.04.07 16:17:06.913,1.4335,1.43365,4.40,1.60
2010.04.07 16:17:08.644,1.4335,1.4337,10.80,3.20
2010.04.07 16:17:08.987,1.4335,1.4337,10.00,3.20
2010.04.07 16:17:09.532,1.4335,1.4337,10.40,3.20
2010.04.07 16:17:09.809,1.4336,1.4337,1.00,3.20
2010.04.07 16:17:10.239,1.4336,1.4337,2.40,3.20
2010.04.07 16:17:10.506,1.4336,1.4337,1.00,1.60
2010.04.07 16:17:11.005,1.4336,1.43375,1.00,9.60
2010.04.07 16:17:12.327,1.4336,1.43365,1.00,1.00
2010.04.07 16:17:12.486,1.43355,1.43365,1.00,1.00
2010.04.07 16:17:14.146,1.43355,1.43365,4.80,1.00
2010.04.07 16:17:14.378,1.4335,1.43365,10.80,1.00
2010.04.07 16:17:14.973,1.43355,1.43365,1.00,1.00
2010.04.07 16:17:15.217,1.4335,1.43365,10.80,1.00
2010.04.07 16:17:17.201,1.43355,1.43365,4.80,1.00
2010.04.07 16:17:17.954,1.43355,1.43365,10.00,1.00
2010.04.07 16:17:18.065,1.43355,1.43365,11.20,1.00
2010.04.07 16:17:18.275,1.43355,1.43365,12.00,1.00
2010.04.07 16:17:18.384,1.43355,1.43365,12.40,1.00
2010.04.07 16:17:18.717,1.4336,1.4338,9.90,5.60
2010.04.07 16:17:19.053,1.4336,1.4338,9.90,4.00
2010.04.07 16:17:19.780,1.4336,1.4338,13.10,4.00
2010.04.07 16:17:20.823,1.4336,1.4338,11.50,4.00
2010.04.07 16:17:21.423,1.4336,1.4338,13.10,4.00
2010.04.07 16:17:22.790,1.4336,1.4338,13.10,4.40
2010.04.07 16:17:22.954,1.4336,1.4338,12.40,4.40
2010.04.07 16:17:23.030,1.4336,1.4338,12.80,4.40
2010.04.07 16:17:23.073,1.4336,1.4338,11.20,4.40
2010.04.07 16:17:23.577,1.4336,1.4338,11.20,4.00
2010.04.07 16:17:25.215,1.4336,1.43375,11.20,1.60
2010.04.07 16:17:25.358,1.4336,1.43375,1.60,4.00
2010.04.07 16:17:25.495,1.4336,1.4337,1.00,4.00
2010.04.07 16:17:25.637,1.4335,1.4337,5.20,4.00
2010.04.07 16:17:26.078,1.4335,1.4337,4.40,4.00
2010.04.07 16:17:26.385,1.4335,1.4337,4.00,5.60
2010.04.07 16:17:30.462,1.4335,1.4337,4.00,4.00
2010.04.07 16:17:30.592,1.4335,1.43375,4.40,12.80
2010.04.07 16:17:30.725,1.43355,1.43375,1.00,8.80
2010.04.07 16:17:30.862,1.43355,1.43375,6.00,8.80
2010.04.07 16:17:31.409,1.43355,1.43375,12.00,4.00
2010.04.07 16:17:31.761,1.4336,1.4338,4.00,5.60
2010.04.07 16:17:32.446,1.43355,1.4338,16.40,5.60
2010.04.07 16:17:33.195,1.43355,1.4338,16.40,6.40
2010.04.07 16:17:33.547,1.43355,1.4338,16.80,5.60
2010.04.07 16:17:33.763,1.43355,1.4338,14.40,6.40
2010.04.07 16:17:33.984,1.4335,1.43375,12.40,8.80
2010.04.07 16:17:34.203,1.4335,1.43375,8.40,11.20
2010.04.07 16:17:34.421,1.4335,1.43375,4.40,11.20
2010.04.07 16:17:35.652,1.4335,1.4337,1.20,8.00
2010.04.07 16:17:35.913,1.4335,1.43375,13.20,4.80
2010.04.07 16:17:36.162,1.4335,1.43375,4.40,10.40
2010.04.07 16:17:36.414,1.4335,1.4337,4.40,4.00
2010.04.07 16:17:37.101,1.43345,1.4337,10.80,9.60
2010.04.07 16:17:37.320,1.43345,1.4337,11.60,9.60
2010.04.07 16:17:37.981,1.43345,1.4337,9.20,12.80
2010.04.07 16:17:38.202,1.43345,1.4337,4.40,13.60
2010.04.07 16:17:38.957,1.43345,1.43365,4.00,1.60
2010.04.07 16:17:39.305,1.43345,1.43365,1.60,4.00
2010.04.07 16:17:39.611,1.43345,1.43365,5.60,4.00
2010.04.07 16:17:40.322,1.4334,1.4336,1.00,5.60
2010.04.07 16:17:40.671,1.43335,1.43355,4.00,4.00
2010.04.07 16:17:41.023,1.43335,1.43355,8.80,8.00
2010.04.07 16:17:41.372,1.43335,1.4335,4.00,8.80
2010.04.07 16:17:41.805,1.4334,1.4335,4.00,8.80
2010.04.07 16:17:42.162,1.43325,1.43345,4.00,1.00
2010.04.07 16:17:42.512,1.4332,1.4334,15.60,1.00
2010.04.07 16:17:43.224,1.4332,1.43335,8.40,1.60
2010.04.07 16:17:43.538,1.43295,1.4332,9.60,1.60
2010.04.07 16:17:43.822,1.43295,1.43325,1.00,1.60
2010.04.07 16:17:44.390,1.4329,1.4333,10.40,8.40
2010.04.07 16:17:44.671,1.4329,1.43315,8.40,9.20
2010.04.07 16:17:45.318,1.4329,1.4331,4.40,1.00
2010.04.07 16:17:45.576,1.43285,1.43305,4.00,4.00
2010.04.07 16:17:45.836,1.4329,1.43305,1.00,4.00
2010.04.07 16:17:46.073,1.4329,1.43305,1.60,4.00
2010.04.07 16:17:46.302,1.43285,1.43305,4.40,4.00
2010.04.07 16:17:46.527,1.43285,1.43305,4.00,4.00
2010.04.07 16:17:47.818,1.4329,1.43305,1.00,4.00
2010.04.07 16:17:47.980,1.4329,1.43305,1.00,5.60
2010.04.07 16:17:48.205,1.4329,1.433,6.40,1.00
2010.04.07 16:17:48.417,1.4329,1.4331,8.80,1.00
2010.04.07 16:17:48.627,1.4329,1.4331,8.80,1.00
2010.04.07 16:17:48.840,1.4329,1.4331,8.80,1.00
2010.04.07 16:17:49.061,1.4329,1.43315,8.40,8.40
2010.04.07 16:17:49.753,1.43295,1.43315,4.00,4.00
2010.04.07 16:17:52.874,1.433,1.4332,8.80,1.00
2010.04.07 16:17:53.018,1.433,1.43325,10.80,8.40
2010.04.07 16:17:53.156,1.433,1.43325,12.40,8.40
2010.04.07 16:17:53.296,1.433,1.43325,11.60,8.40
2010.04.07 16:17:54.245,1.433,1.4332,11.60,1.60
2010.04.07 16:17:54.807,1.433,1.4332,10.00,1.60
2010.04.07 16:17:56.148,1.433,1.4332,10.80,3.20
2010.04.07 16:17:56.286,1.433,1.4332,10.00,3.20
2010.04.07 16:17:56.827,1.433,1.4332,9.20,1.60
2010.04.07 16:17:57.163,1.43305,1.43325,8.40,11.20
2010.04.07 16:18:00.345,1.43305,1.43325,7.60,11.20
2010.04.07 16:18:02.839,1.43305,1.43325,2.40,11.20
2010.04.07 16:18:02.918,1.433,1.4332,1.20,8.00
2010.04.07 16:18:03.063,1.433,1.4332,1.00,8.00
2010.04.07 16:18:03.203,1.433,1.4332,1.00,11.20
2010.04.07 16:18:03.484,1.433,1.4332,1.20,11.20
2010.04.07 16:18:03.625,1.433,1.4332,1.00,12.80
2010.04.07 16:18:03.765,1.433,1.4332,4.80,7.20
2010.04.07 16:18:03.905,1.433,1.4332,1.00,11.20
2010.04.07 16:18:04.174,1.433,1.4332,1.00,11.20
2010.04.07 16:18:04.442,1.43295,1.4332,12.40,11.20
2010.04.07 16:18:05.888,1.43295,1.43315,10.80,1.60
2010.04.07 16:18:06.138,1.43295,1.43315,8.00,9.60
2010.04.07 16:18:06.381,1.433,1.43315,1.00,1.60
2010.04.07 16:18:06.617,1.433,1.43315,1.00,9.60
2010.04.07 16:18:07.695,1.43295,1.43315,2.40,9.60
2010.04.07 16:18:07.832,1.43295,1.43315,7.60,9.60
2010.04.07 16:18:07.975,1.433,1.43315,5.60,8.00
2010.04.07 16:18:08.112,1.433,1.43315,9.60,4.00
2010.04.07 16:18:08.254,1.433,1.4332,11.60,1.60
2010.04.07 16:18:08.523,1.433,1.43325,11.60,13.60
2010.04.07 16:18:08.661,1.433,1.43325,11.60,12.80
2010.04.07 16:18:09.134,1.433,1.4332,6.80,4.00
2010.04.07 16:18:09.474,1.433,1.4332,1.00,4.00
2010.04.07 16:18:09.813,1.433,1.4332,1.00,4.00
2010.04.07 16:18:10.878,1.433,1.43325,10.00,11.20
2010.04.07 16:18:10.940,1.433,1.43325,10.00,12.80
2010.04.07 16:18:10.970,1.433,1.43325,9.20,13.60
2010.04.07 16:18:11.140,1.433,1.43325,8.40,14.40
2010.04.07 16:18:11.230,1.433,1.4332,4.40,4.00
2010.04.07 16:18:11.280,1.433,1.4332,1.00,4.00
2010.04.07 16:18:11.550,1.43295,1.4332,13.20,4.00
2010.04.07 16:18:12.210,1.433,1.4332,1.00,4.00
2010.04.07 16:18:13.311,1.43295,1.4332,13.20,4.00
2010.04.07 16:18:13.960,1.433,1.4332,1.00,4.00
2010.04.07 16:18:14.980,1.43305,1.4332,6.40,4.00
2010.04.07 16:18:15.101,1.4331,1.4332,3.20,4.00
2010.04.07 16:18:15.220,1.43305,1.43325,1.00,9.60
2010.04.07 16:18:15.380,1.43305,1.4332,1.00,4.00
2010.04.07 16:18:15.422,1.43305,1.4332,7.60,4.00
2010.04.07 16:18:15.500,1.43305,1.43325,7.60,9.60
2010.04.07 16:18:17.541,1.43305,1.43325,8.00,9.60
2010.04.07 16:18:19.247,1.43305,1.43325,2.00,9.60
2010.04.07 16:18:19.440,1.43305,1.43325,7.60,9.60
2010.04.07 16:18:19.629,1.43305,1.43325,8.00,9.60
2010.04.07 16:18:21.148,1.43305,1.43325,6.40,9.60
2010.04.07 16:18:21.218,1.43305,1.43325,5.60,9.60
2010.04.07 16:18:21.287,1.43305,1.43325,1.00,9.60
2010.04.07 16:18:21.359,1.433,1.43325,9.20,9.60
2010.04.07 16:18:21.428,1.433,1.4332,5.20,4.00
2010.04.07 16:18:21.499,1.433,1.4332,3.60,4.00
2010.04.07 16:18:21.567,1.43305,1.4332,5.20,4.00
2010.04.07 16:18:21.741,1.43305,1.4332,6.00,4.00
2010.04.07 16:18:21.909,1.43305,1.43325,6.00,8.00
2010.04.07 16:18:22.078,1.43305,1.43325,7.60,8.00
2010.04.07 16:18:23.997,1.43305,1.43325,6.80,8.00
2010.04.07 16:18:24.057,1.43305,1.43325,5.20,9.60
2010.04.07 16:18:24.280,1.433,1.4332,12.40,1.60
2010.04.07 16:18:25.170,1.433,1.43315,3.60,1.60
2010.04.07 16:18:25.297,1.433,1.43315,2.00,1.60
2010.04.07 16:18:25.428,1.433,1.43315,6.00,1.60
2010.04.07 16:18:25.557,1.433,1.43315,5.60,1.60
2010.04.07 16:18:25.686,1.433,1.43315,6.00,1.60
2010.04.07 16:18:26.420,1.433,1.43315,5.60,1.60
2010.04.07 16:18:26.896,1.433,1.43315,6.00,1.60
2010.04.07 16:18:27.537,1.433,1.4331,6.00,1.00
2010.04.07 16:18:27.587,1.433,1.4331,4.40,1.00
2010.04.07 16:18:27.637,1.43295,1.4331,5.20,1.00
2010.04.07 16:18:27.688,1.43295,1.43315,2.80,10.00
2010.04.07 16:18:27.737,1.43295,1.4331,2.00,2.40
2010.04.07 16:18:27.827,1.43295,1.43315,6.80,5.60
2010.04.07 16:18:27.877,1.43295,1.43315,6.80,6.40
2010.04.07 16:18:27.927,1.43295,1.43315,10.80,2.40
2010.04.07 16:18:27.976,1.43295,1.43315,10.80,1.60
2010.04.07 16:18:28.026,1.433,1.43315,4.00,1.60
2010.04.07 16:18:28.077,1.433,1.4331,4.00,1.60
2010.04.07 16:18:28.347,1.43295,1.43315,8.80,1.20
2010.04.07 16:18:28.398,1.43295,1.4331,8.00,1.00
2010.04.07 16:18:28.739,1.43295,1.43305,8.00,1.60
2010.04.07 16:18:29.510,1.43295,1.43315,8.00,2.40
2010.04.07 16:18:30.477,1.43295,1.4331,8.00,1.00
2010.04.07 16:18:30.617,1.43295,1.43305,8.00,2.40
2010.04.07 16:18:30.764,1.43295,1.433,4.00,1.00
2010.04.07 16:18:31.054,1.43285,1.433,4.00,1.00
2010.04.07 16:18:31.567,1.43285,1.433,8.00,1.00
2010.04.07 16:18:31.923,1.43275,1.43295,8.40,1.00
2010.04.07 16:18:32.275,1.43275,1.43295,1.60,4.80
2010.04.07 16:18:32.623,1.4328,1.43295,4.00,1.00
2010.04.07 16:18:33.371,1.43275,1.43295,10.80,1.00
2010.04.07 16:18:33.981,1.43275,1.43295,2.00,8.80
2010.04.07 16:18:34.661,1.43285,1.43295,5.20,8.00
2010.04.07 16:18:34.925,1.4328,1.433,7.60,7.60
2010.04.07 16:18:35.610,1.4328,1.433,6.00,7.60
2010.04.07 16:18:35.959,1.4328,1.43295,1.00,9.20
2010.04.07 16:18:36.227,1.4327,1.43295,10.00,10.80
2010.04.07 16:18:36.485,1.4327,1.43295,9.60,10.80
2010.04.07 16:18:37.228,1.4327,1.43295,10.00,10.40
2010.04.07 16:18:38.019,1.43275,1.43295,9.60,1.00
2010.04.07 16:18:38.167,1.43275,1.433,8.00,6.90
2010.04.07 16:18:38.307,1.4328,1.433,4.00,8.10
2010.04.07 16:18:38.445,1.4328,1.433,4.00,5.30
2010.04.07 16:18:38.586,1.4328,1.43295,4.00,3.20
2010.04.07 16:18:38.725,1.43275,1.43295,9.20,1.60
2010.04.07 16:18:38.863,1.43275,1.43295,8.80,2.00
2010.04.07 16:18:39.006,1.43275,1.43295,8.00,3.60
2010.04.07 16:18:39.244,1.43275,1.43295,8.00,2.00
2010.04.07 16:18:39.486,1.43275,1.43295,14.00,2.00
2010.04.07 16:18:39.726,1.4328,1.43295,4.00,1.00
2010.04.07 16:18:40.134,1.4328,1.433,4.00,8.80
2010.04.07 16:18:40.288,1.4328,1.433,4.00,2.40
2010.04.07 16:18:40.433,1.4328,1.433,4.00,1.60
2010.04.07 16:18:40.585,1.4328,1.433,4.80,1.60
2010.04.07 16:18:41.186,1.4328,1.43305,4.80,6.80
2010.04.07 16:18:41.957,1.43275,1.433,16.20,2.40
2010.04.07 16:18:42.284,1.4328,1.433,4.00,2.40
2010.04.07 16:18:42.448,1.4328,1.433,4.00,1.60
2010.04.07 16:18:42.604,1.4328,1.433,8.80,1.60
2010.04.07 16:18:42.765,1.4328,1.433,8.00,1.60
2010.04.07 16:18:43.790,1.43285,1.433,4.00,1.60
2010.04.07 16:18:44.103,1.43285,1.433,4.80,1.60
2010.04.07 16:18:44.428,1.43285,1.43305,4.00,4.00
2010.04.07 16:18:44.744,1.43285,1.43305,8.00,3.20
2010.04.07 16:18:45.873,1.43285,1.43305,8.00,1.60
2010.04.07 16:18:46.013,1.4329,1.43305,4.00,1.60
2010.04.07 16:18:46.476,1.4329,1.43305,8.00,1.60
2010.04.07 16:18:48.111,1.43285,1.43305,8.00,1.60
2010.04.07 16:18:54.311,1.43285,1.43305,4.00,7.20
2010.04.07 16:18:54.452,1.4328,1.433,4.80,4.00
2010.04.07 16:18:54.729,1.4328,1.43305,4.80,11.20
2010.04.07 16:18:55.011,1.43285,1.43305,5.20,11.20
2010.04.07 16:18:55.152,1.43285,1.43305,10.00,3.20
2010.04.07 16:18:55.685,1.43285,1.43305,10.80,1.60
2010.04.07 16:18:55.944,1.43285,1.4331,16.40,11.20
2010.04.07 16:18:56.730,1.43285,1.4331,12.40,11.20
2010.04.07 16:18:56.992,1.43285,1.4331,16.40,11.60
2010.04.07 16:18:57.230,1.43285,1.4331,12.40,11.60
2010.04.07 16:18:57.911,1.43285,1.4331,11.60,12.40
2010.04.07 16:18:58.134,1.43285,1.43305,4.80,4.00
2010.04.07 16:18:58.733,1.43285,1.4331,10.80,11.60
2010.04.07 16:18:58.949,1.43285,1.4331,12.40,11.60
2010.04.07 16:19:00.618,1.4329,1.4331,1.00,11.60
2010.04.07 16:19:00.869,1.4329,1.4331,1.00,11.20
2010.04.07 16:19:01.210,1.4329,1.4331,1.00,11.60
2010.04.07 16:19:01.473,1.4329,1.4331,1.00,11.20
2010.04.07 16:19:02.185,1.4329,1.4331,1.00,11.60
2010.04.07 16:19:02.658,1.4329,1.4331,1.00,11.20
2010.04.07 16:19:03.820,1.4329,1.43305,1.00,8.00
2010.04.07 16:19:04.050,1.43285,1.43305,1.20,8.00
2010.04.07 16:19:04.278,1.43285,1.43305,1.00,8.00
2010.04.07 16:19:04.478,1.43285,1.43305,1.00,4.00
2010.04.07 16:19:05.091,1.43285,1.43305,3.20,4.00
2010.04.07 16:19:05.364,1.4329,1.4331,2.40,8.00
2010.04.07 16:19:06.158,1.4329,1.4331,1.60,9.60
2010.04.07 16:19:06.432,1.4329,1.4331,11.20,3.20
2010.04.07 16:19:06.672,1.43295,1.4331,1.60,4.00
2010.04.07 16:19:06.909,1.43295,1.4331,1.60,8.00
2010.04.07 16:19:07.669,1.43295,1.43315,1.60,12.80
2010.04.07 16:19:08.258,1.4329,1.43315,6.80,14.40
2010.04.07 16:19:08.813,1.4329,1.43315,6.00,16.00
2010.04.07 16:19:09.502,1.4329,1.4331,5.60,8.00
2010.04.07 16:19:09.851,1.43285,1.4331,16.80,8.00
2010.04.07 16:19:10.807,1.4329,1.4331,4.00,4.00
2010.04.07 16:19:11.660,1.4329,1.4331,4.00,6.40
2010.04.07 16:19:11.919,1.4329,1.4331,2.80,4.00
2010.04.07 16:19:12.027,1.43295,1.4331,5.20,4.00
2010.04.07 16:19:12.138,1.43295,1.43315,5.20,9.60
2010.04.07 16:19:13.308,1.43305,1.43315,3.20,9.60
2010.04.07 16:19:13.460,1.433,1.4331,4.00,2.40
2010.04.07 16:19:13.618,1.4329,1.43295,8.20,2.40
2010.04.07 16:19:13.768,1.4329,1.43295,5.60,2.40
2010.04.07 16:19:14.320,1.4328,1.43295,4.00,6.40
2010.04.07 16:19:14.530,1.43275,1.43295,5.60,6.40
2010.04.07 16:19:14.739,1.4328,1.43295,1.00,4.00
2010.04.07 16:19:15.776,1.4328,1.43295,1.00,6.40
2010.04.07 16:19:15.977,1.43275,1.43295,2.00,6.40
2010.04.07 16:19:16.177,1.43275,1.43295,1.60,10.40
2010.04.07 16:19:16.847,1.43275,1.43295,1.60,12.00
2010.04.07 16:19:17.115,1.4327,1.43295,25.20,12.00
2010.04.07 16:19:19.865,1.4327,1.43295,17.20,12.00
2010.04.07 16:19:20.045,1.4327,1.43295,15.60,13.60
2010.04.07 16:19:20.226,1.4327,1.43295,15.60,14.40
2010.04.07 16:19:20.410,1.4327,1.4329,6.00,2.40
2010.04.07 16:19:20.592,1.4327,1.4329,4.00,2.40
2010.04.07 16:19:20.771,1.4327,1.4329,8.00,2.40
2010.04.07 16:19:20.945,1.4327,1.4329,8.00,3.20
2010.04.07 16:19:21.531,1.4327,1.4329,8.00,4.00
2010.04.07 16:19:21.714,1.4326,1.4328,4.80,6.40
2010.04.07 16:19:22.000,1.43255,1.4327,8.80,2.40
2010.04.07 16:19:22.278,1.43255,1.4327,4.00,2.40
2010.04.07 16:19:23.741,1.4326,1.43275,4.80,4.00
2010.04.07 16:19:23.928,1.43255,1.4328,18.40,10.80
2010.04.07 16:19:24.114,1.43255,1.4328,20.80,10.80
2010.04.07 16:19:24.474,1.43255,1.4328,20.40,10.40
2010.04.07 16:19:24.839,1.4326,1.4328,8.00,10.40
2010.04.07 16:19:25.419,1.43265,1.43285,1.60,12.00
2010.04.07 16:19:25.733,1.43265,1.4329,19.60,12.40
2010.04.07 16:19:26.045,1.43265,1.4329,20.00,8.40
2010.04.07 16:19:26.288,1.4327,1.4329,4.00,6.40
2010.04.07 16:19:27.404,1.43275,1.43295,7.60,9.70
2010.04.07 16:19:27.586,1.43275,1.433,21.20,10.00
2010.04.07 16:19:27.774,1.43275,1.433,20.40,9.60
2010.04.07 16:19:29.189,1.4328,1.433,4.00,12.00
2010.04.07 16:19:29.768,1.4328,1.433,4.00,6.40
2010.04.07 16:19:33.845,1.4328,1.433,4.00,8.00
2010.04.07 16:19:34.039,1.43275,1.433,11.20,10.40
2010.04.07 16:19:34.224,1.4328,1.433,4.00,13.60
2010.04.07 16:19:34.402,1.4328,1.433,4.00,8.00
2010.04.07 16:19:34.942,1.4328,1.433,4.80,5.60
2010.04.07 16:19:35.122,1.4328,1.43305,4.80,14.80
2010.04.07 16:19:35.361,1.4328,1.43305,4.80,14.00
2010.04.07 16:19:35.844,1.4328,1.43305,8.80,14.00
2010.04.07 16:19:37.203,1.4328,1.43305,8.80,13.60
2010.04.07 16:19:37.601,1.4328,1.43305,8.00,14.40
2010.04.07 16:19:37.733,1.4328,1.433,8.00,2.40
2010.04.07 16:19:37.770,1.4328,1.433,4.00,6.40
2010.04.07 16:19:38.644,1.4328,1.433,5.60,2.40
2010.04.07 16:19:40.253,1.43285,1.43305,4.00,8.80
2010.04.07 16:19:40.421,1.43285,1.43305,4.00,8.00
2010.04.07 16:19:40.899,1.43285,1.43305,8.00,4.00
2010.04.07 16:19:41.336,1.43285,1.43305,8.00,2.40
2010.04.07 16:19:48.459,1.4328,1.43305,11.60,10.40
2010.04.07 16:19:48.611,1.4328,1.43305,14.00,10.40
2010.04.07 16:19:48.770,1.43285,1.43305,4.00,6.40
2010.04.07 16:19:49.631,1.43285,1.43305,8.00,2.40
2010.04.07 16:19:49.947,1.43285,1.43305,4.00,2.40
2010.04.07 16:19:50.437,1.43285,1.433,4.00,2.40
2010.04.07 16:19:50.587,1.43285,1.43305,4.00,3.20
2010.04.07 16:19:50.741,1.4328,1.43305,6.00,13.20
2010.04.07 16:19:50.897,1.4328,1.433,6.00,4.00
2010.04.07 16:19:51.248,1.4328,1.433,5.60,4.00
2010.04.07 16:19:52.425,1.4328,1.433,6.40,4.00
2010.04.07 16:19:52.980,1.43285,1.43305,4.00,5.60
2010.04.07 16:19:55.298,1.43285,1.43305,4.00,4.00
2010.04.07 16:19:55.855,1.43285,1.43305,7.60,4.00
2010.04.07 16:19:56.325,1.4329,1.43305,1.00,4.00
2010.04.07 16:19:56.465,1.43295,1.4331,4.00,1.00
2010.04.07 16:19:56.845,1.43295,1.43315,4.00,7.20
2010.04.07 16:19:58.046,1.43295,1.43315,4.80,5.60
2010.04.07 16:19:58.125,1.43295,1.43315,8.80,1.60
2010.04.07 16:19:58.207,1.43295,1.43315,14.00,1.60
2010.04.07 16:19:58.364,1.43295,1.4332,14.00,12.40
2010.04.07 16:19:58.447,1.43295,1.4332,12.40,14.00
2010.04.07 16:19:58.930,1.43295,1.4332,4.00,17.20
2010.04.07 16:19:59.279,1.43295,1.43315,4.00,4.00
2010.04.07 16:20:01.268,1.43295,1.43315,6.80,4.00
2010.04.07 16:20:01.705,1.43295,1.43315,8.40,4.00
2010.04.07 16:20:01.881,1.43305,1.4332,21.20,1.00
2010.04.07 16:20:02.058,1.43305,1.4332,20.80,1.00
2010.04.07 16:20:02.236,1.43305,1.4333,20.80,4.00
2010.04.07 16:20:02.416,1.4331,1.4333,12.80,4.00
2010.04.07 16:20:02.596,1.43315,1.43335,11.60,4.80
2010.04.07 16:20:02.957,1.43315,1.43335,12.40,4.80
2010.04.07 16:20:03.415,1.4332,1.43335,4.80,1.00
2010.04.07 16:20:03.878,1.4332,1.43335,2.40,4.80
2010.04.07 16:20:04.487,1.43325,1.43335,4.00,1.00
2010.04.07 16:20:04.701,1.43325,1.43345,4.00,4.00
2010.04.07 16:20:04.907,1.43325,1.43345,4.80,4.00
2010.04.07 16:20:05.117,1.43325,1.4334,5.60,3.20
2010.04.07 16:20:05.308,1.43325,1.4334,5.60,2.40
2010.04.07 16:20:05.497,1.43325,1.43345,11.20,4.40
2010.04.07 16:20:06.088,1.43325,1.43345,8.00,4.00
2010.04.07 16:20:06.407,1.43325,1.4335,14.40,10.40
2010.04.07 16:20:06.724,1.43325,1.4335,16.40,9.60
2010.04.07 16:20:07.043,1.43325,1.4335,17.20,10.00
2010.04.07 16:20:07.366,1.4333,1.43355,12.00,11.20
2010.04.07 16:20:07.462,1.4333,1.43355,14.40,10.40
2010.04.07 16:20:07.562,1.4333,1.43355,16.00,10.40
2010.04.07 16:20:07.662,1.4333,1.43355,13.60,10.40
2010.04.07 16:20:07.763,1.4333,1.43355,13.60,10.00
2010.04.07 16:20:07.862,1.43335,1.43355,4.00,8.40
2010.04.07 16:20:07.963,1.43335,1.43355,4.00,4.40
2010.04.07 16:20:08.545,1.43335,1.43355,6.00,4.40
2010.04.07 16:20:08.764,1.4334,1.43355,8.00,1.00
2010.04.07 16:20:08.973,1.43335,1.43355,10.80,1.00
2010.04.07 16:20:09.391,1.4334,1.43355,4.00,1.00
2010.04.07 16:20:09.602,1.43335,1.43355,11.40,1.00
2010.04.07 16:20:10.295,1.4334,1.43355,4.00,1.00
2010.04.07 16:20:10.632,1.43345,1.4336,4.40,1.00
2010.04.07 16:20:10.882,1.43345,1.43365,4.00,5.60
2010.04.07 16:20:11.133,1.43345,1.43365,5.60,4.00
2010.04.07 16:20:11.384,1.43345,1.43365,4.00,4.00
2010.04.07 16:20:12.161,1.43345,1.43365,5.60,4.00
2010.04.07 16:20:12.568,1.43345,1.43365,5.60,8.00
2010.04.07 16:20:12.847,1.4334,1.4336,1.00,14.00
2010.04.07 16:20:12.995,1.43335,1.4336,6.80,16.40
2010.04.07 16:20:13.281,1.43335,1.4336,6.80,14.80
2010.04.07 16:20:13.431,1.43335,1.4336,6.80,15.60
2010.04.07 16:20:14.744,1.43335,1.4336,7.20,21.60
2010.04.07 16:20:14.938,1.43335,1.43355,4.40,7.20
2010.04.07 16:20:15.125,1.43335,1.43355,4.40,8.00
2010.04.07 16:20:15.316,1.4333,1.4335,1.20,9.60
2010.04.07 16:20:15.504,1.43325,1.4335,11.60,9.60
2010.04.07 16:20:15.700,1.4333,1.4335,1.00,9.60
2010.04.07 16:20:15.891,1.4333,1.4335,1.00,11.20
2010.04.07 16:20:16.698,1.43335,1.43355,7.60,11.60
2010.04.07 16:20:17.336,1.4333,1.4335,1.20,8.00
2010.04.07 16:20:17.461,1.4333,1.4335,1.00,8.00
2010.04.07 16:20:17.520,1.43325,1.4335,9.60,8.00
2010.04.07 16:20:17.580,1.43325,1.4335,8.80,11.20
2010.04.07 16:20:17.710,1.43325,1.4335,8.80,12.00
2010.04.07 16:20:18.009,1.43325,1.4335,8.80,12.40
2010.04.07 16:20:18.855,1.43325,1.43335,4.00,2.40
2010.04.07 16:20:19.432,1.4332,1.43335,1.00,4.00
2010.04.07 16:20:19.591,1.43315,1.43335,4.00,4.00
2010.04.07 16:20:20.649,1.4332,1.43335,1.00,4.00
2010.04.07 16:20:20.861,1.4332,1.4334,3.60,8.40
2010.04.07 16:20:21.070,1.4332,1.4334,8.40,1.00
2010.04.07 16:20:21.281,1.4332,1.4334,7.20,1.60
2010.04.07 16:20:22.871,1.4332,1.4334,4.00,5.60
2010.04.07 16:20:23.299,1.4332,1.4334,4.00,7.20
2010.04.07 16:20:23.980,1.4332,1.4334,4.00,5.60
2010.04.07 16:20:24.890,1.4332,1.4334,7.20,1.60
2010.04.07 16:20:25.603,1.4332,1.43345,7.20,11.60
2010.04.07 16:20:25.762,1.4332,1.43345,4.00,14.80
2010.04.07 16:20:25.914,1.4332,1.43345,7.20,11.60
2010.04.07 16:20:26.071,1.4332,1.4334,7.20,4.00
2010.04.07 16:20:26.332,1.4332,1.43345,11.20,12.00
2010.04.07 16:20:26.600,1.4332,1.43345,11.20,11.60
2010.04.07 16:20:26.859,1.4332,1.43345,11.20,11.20
2010.04.07 16:20:27.640,1.4332,1.43345,4.00,15.60
2010.04.07 16:20:27.786,1.4332,1.43345,4.80,14.80
2010.04.07 16:20:27.857,1.4332,1.43345,7.20,12.40
2010.04.07 16:20:27.927,1.4332,1.43345,11.20,12.40
2010.04.07 16:20:28.459,1.4332,1.43345,11.20,11.20
2010.04.07 16:20:29.107,1.4332,1.43345,7.20,11.20
2010.04.07 16:20:31.406,1.4332,1.43345,6.40,12.00
2010.04.07 16:20:31.568,1.4332,1.4334,4.00,4.00
2010.04.07 16:20:32.636,1.4332,1.4334,4.80,4.00
2010.04.07 16:20:32.726,1.4332,1.43345,11.20,14.00
2010.04.07 16:20:32.816,1.4332,1.43345,11.20,12.40
2010.04.07 16:20:33.226,1.4332,1.43345,11.20,12.00
2010.04.07 16:20:33.906,1.4332,1.43335,8.80,2.40
2010.04.07 16:20:34.049,1.4332,1.4333,4.00,1.00
2010.04.07 16:20:34.189,1.4331,1.43325,4.40,1.00
2010.04.07 16:20:34.327,1.4331,1.43325,1.00,1.00
2010.04.07 16:20:34.506,1.4331,1.4333,1.00,15.20
2010.04.07 16:20:34.686,1.4331,1.4333,1.00,14.80
2010.04.07 16:20:36.295,1.43305,1.4333,10.80,14.80
2010.04.07 16:20:36.396,1.43305,1.43325,10.80,1.60
2010.04.07 16:20:36.495,1.43305,1.4333,10.80,14.80
2010.04.07 16:20:36.595,1.43305,1.4333,10.80,14.00
2010.04.07 16:20:37.419,1.43305,1.43315,10.80,1.60
2010.04.07 16:20:37.679,1.43305,1.43315,10.00,1.60
2010.04.07 16:20:38.435,1.43305,1.43315,12.40,1.60
2010.04.07 16:20:40.919,1.43305,1.43315,12.00,1.60
2010.04.07 16:20:41.515,1.43305,1.43315,8.00,1.60
2010.04.07 16:20:41.619,1.433,1.43315,13.20,1.60
2010.04.07 16:20:41.950,1.433,1.43315,6.40,1.60
2010.04.07 16:20:42.280,1.433,1.43315,2.40,1.60
2010.04.07 16:20:42.796,1.433,1.4331,2.40,1.60
2010.04.07 16:20:44.627,1.433,1.43315,4.00,1.60
2010.04.07 16:20:44.856,1.433,1.43315,2.40,1.60
2010.04.07 16:20:45.073,1.433,1.4332,2.40,8.10
2010.04.07 16:20:45.298,1.43305,1.4332,1.60,6.40
2010.04.07 16:20:45.524,1.433,1.4332,4.00,6.40
2010.04.07 16:20:46.612,1.433,1.4332,4.00,4.00
2010.04.07 16:20:46.727,1.43305,1.43325,4.40,6.40
2010.04.07 16:20:46.834,1.4331,1.43325,2.40,4.00
2010.04.07 16:20:47.145,1.4331,1.4333,2.40,13.60
2010.04.07 16:20:47.453,1.4331,1.4333,6.40,9.60
2010.04.07 16:20:48.710,1.4331,1.4333,6.40,12.00
2010.04.07 16:20:48.854,1.4331,1.4333,6.40,8.00
2010.04.07 16:20:56.688,1.4331,1.4333,6.40,8.80
2010.04.07 16:20:56.952,1.43305,1.43325,8.40,6.50
2010.04.07 16:20:57.460,1.43305,1.43325,8.40,6.90
2010.04.07 16:20:58.272,1.4331,1.43325,2.40,4.40
2010.04.07 16:20:58.462,1.4331,1.43325,6.40,1.00
2010.04.07 16:20:58.843,1.4331,1.4333,6.40,6.80
2010.04.07 16:20:59.449,1.4331,1.4333,6.40,8.00
2010.04.07 16:21:02.139,1.4331,1.4333,6.40,8.10
2010.04.07 16:21:02.836,1.4331,1.4333,2.40,8.10
2010.04.07 16:21:05.409,1.4331,1.4332,2.40,1.00
2010.04.07 16:21:07.391,1.4331,1.43325,2.40,1.00
2010.04.07 16:21:08.083,1.4331,1.4333,2.40,8.50
2010.04.07 16:21:13.606,1.4331,1.43325,2.40,1.00
2010.04.07 16:21:13.825,1.4331,1.43325,2.40,1.20
2010.04.07 16:21:27.898,1.4331,1.43325,6.40,1.20
2010.04.07 16:21:27.986,1.4331,1.43325,4.00,3.60
2010.04.07 16:21:28.074,1.4331,1.4332,4.00,2.40
2010.04.07 16:21:28.164,1.43305,1.4332,4.40,2.40
2010.04.07 16:21:28.384,1.433,1.4332,15.20,3.20
2010.04.07 16:21:28.603,1.43305,1.4332,4.00,3.20
2010.04.07 16:21:29.462,1.43305,1.4332,4.00,3.60
2010.04.07 16:21:29.683,1.43305,1.4332,4.00,3.20
2010.04.07 16:21:32.994,1.433,1.4332,14.80,3.20
2010.04.07 16:21:33.891,1.43305,1.4332,1.00,1.00
2010.04.07 16:21:34.011,1.433,1.4332,14.80,1.00
2010.04.07 16:21:38.280,1.433,1.4332,14.80,3.20
2010.04.07 16:21:39.769,1.43305,1.4332,8.00,1.00
2010.04.07 16:21:40.006,1.43305,1.43325,8.00,6.00
2010.04.07 16:21:41.090,1.43305,1.43325,12.00,3.20
2010.04.07 16:21:41.985,1.43305,1.43325,12.40,3.20
2010.04.07 16:21:42.420,1.43305,1.43325,13.20,3.20
2010.04.07 16:21:42.550,1.4331,1.43325,6.40,1.00
2010.04.07 16:21:42.681,1.4331,1.4333,6.40,8.50
2010.04.07 16:21:43.049,1.4331,1.4333,6.40,8.10
2010.04.07 16:21:44.030,1.4331,1.4333,2.40,12.10
2010.04.07 16:21:47.206,1.4331,1.4333,3.20,12.10
2010.04.07 16:21:47.389,1.43315,1.4333,2.40,9.70
2010.04.07 16:21:47.680,1.43315,1.4333,2.40,1.70
2010.04.07 16:21:47.879,1.43315,1.4333,2.40,5.70
2010.04.07 16:21:50.182,1.43315,1.4333,2.40,1.00
2010.04.07 16:21:53.345,1.4331,1.4333,8.00,2.50
2010.04.07 16:21:53.566,1.4331,1.4333,8.40,2.50
2010.04.07 16:21:56.467,1.43315,1.43335,6.80,17.30
2010.04.07 16:21:56.637,1.43315,1.43335,7.60,17.30
2010.04.07 16:21:56.806,1.43315,1.43335,7.60,16.40
2010.04.07 16:21:56.975,1.43315,1.43335,7.60,16.20
2010.04.07 16:21:58.066,1.43315,1.43335,6.80,16.20
2010.04.07 16:21:59.085,1.43315,1.4333,6.80,4.00
2010.04.07 16:21:59.196,1.43315,1.4333,5.20,5.60
2010.04.07 16:21:59.316,1.4331,1.4333,10.00,8.00
2010.04.07 16:21:59.436,1.4331,1.4333,10.80,5.60
2010.04.07 16:21:59.555,1.43315,1.4333,1.60,5.60
2010.04.07 16:22:00.083,1.43315,1.4333,6.80,5.60
2010.04.07 16:22:04.726,1.43315,1.4333,6.80,8.00
2010.04.07 16:22:05.025,1.4331,1.4333,10.80,8.00
2010.04.07 16:22:05.325,1.4331,1.4333,9.20,8.00
2010.04.07 16:22:05.945,1.43315,1.4333,6.80,5.60
2010.04.07 16:22:06.436,1.43315,1.4333,6.80,10.40
2010.04.07 16:22:06.615,1.4331,1.43325,2.00,3.60
2010.04.07 16:22:06.796,1.4331,1.43325,2.00,6.90
2010.04.07 16:22:06.976,1.4331,1.4332,1.20,2.40
2010.04.07 16:22:07.589,1.43305,1.43325,14.40,5.60
2010.04.07 16:22:07.757,1.43305,1.43325,12.00,5.60
2010.04.07 16:22:07.927,1.43305,1.43325,2.40,14.60
2010.04.07 16:22:08.719,1.43305,1.4332,11.60,2.40
2010.04.07 16:22:09.066,1.43305,1.4332,4.00,2.40
2010.04.07 16:22:10.345,1.43305,1.4332,4.00,4.00
2010.04.07 16:22:27.000,1.43305,1.4332,4.00,2.40
2010.04.07 16:22:29.452,1.43305,1.43315,4.00,2.40
2010.04.07 16:22:29.801,1.433,1.43315,5.60,2.40
2010.04.07 16:22:30.213,1.433,1.43315,5.20,2.40
2010.04.07 16:22:32.748,1.433,1.43315,4.80,2.40
2010.04.07 16:22:33.393,1.433,1.4332,9.20,3.40
2010.04.07 16:22:33.617,1.433,1.43315,10.40,2.40
2010.04.07 16:22:33.815,1.433,1.4332,7.20,1.60
2010.04.07 16:22:34.012,1.433,1.4332,7.20,5.60
2010.04.07 16:22:34.749,1.433,1.4332,7.60,5.60
2010.04.07 16:22:35.111,1.433,1.4332,1.60,14.60
2010.04.07 16:22:35.300,1.433,1.4332,1.60,10.60
2010.04.07 16:22:35.677,1.433,1.4332,1.60,14.60
2010.04.07 16:22:35.867,1.433,1.4332,4.00,12.20
2010.04.07 16:22:36.306,1.43305,1.4332,5.20,12.20
2010.04.07 16:22:36.503,1.43305,1.43325,18.80,4.00
2010.04.07 16:22:36.748,1.43305,1.43325,19.60,4.00
2010.04.07 16:22:38.575,1.43305,1.43325,18.80,4.00
2010.04.07 16:22:38.853,1.43305,1.43325,14.80,4.00
2010.04.07 16:22:39.115,1.43305,1.43325,18.80,4.00
2010.04.07 16:22:40.699,1.43305,1.43325,11.60,9.00
2010.04.07 16:22:41.468,1.43305,1.43325,10.80,9.00
2010.04.07 16:22:41.980,1.43305,1.43325,16.40,4.00
2010.04.07 16:22:42.259,1.43305,1.43325,15.20,4.00
2010.04.07 16:22:42.935,1.43305,1.43325,12.00,4.00
2010.04.07 16:22:44.790,1.43305,1.43325,18.40,2.40
2010.04.07 16:22:45.924,1.43305,1.43325,16.00,2.40
2010.04.07 16:22:46.225,1.43305,1.43325,12.00,2.40
2010.04.07 16:22:48.618,1.4331,1.43325,4.00,2.40
2010.04.07 16:22:48.857,1.4331,1.43325,4.00,4.00
2010.04.07 16:22:49.960,1.43305,1.43325,16.40,4.00
2010.04.07 16:22:50.643,1.43305,1.43325,15.60,4.00
2010.04.07 16:22:55.022,1.43305,1.43325,12.00,4.00
2010.04.07 16:22:57.732,1.43305,1.4332,12.00,2.40
2010.04.07 16:22:57.780,1.43305,1.4332,6.00,2.40
2010.04.07 16:22:57.883,1.43305,1.4332,2.00,2.40
2010.04.07 16:22:57.932,1.433,1.4332,10.80,2.40
2010.04.07 16:22:57.981,1.433,1.4332,10.00,2.40
2010.04.07 16:22:58.474,1.433,1.4332,8.00,6.40
2010.04.07 16:22:59.034,1.433,1.4332,11.60,2.40
2010.04.07 16:23:00.460,1.433,1.4332,10.80,3.20
2010.04.07 16:23:00.490,1.433,1.4331,10.80,2.40
2010.04.07 16:23:00.520,1.433,1.4331,10.40,2.40
2010.04.07 16:23:00.581,1.433,1.4331,8.80,2.40
2010.04.07 16:23:00.611,1.433,1.4331,4.80,2.40
2010.04.07 16:23:00.642,1.433,1.4331,4.00,2.40
2010.04.07 16:23:00.731,1.43295,1.4331,8.00,2.40
2010.04.07 16:23:00.810,1.43295,1.4331,6.40,2.40
2010.04.07 16:23:01.253,1.43295,1.4331,4.00,2.40
2010.04.07 16:23:05.229,1.4329,1.4331,19.60,2.40
2010.04.07 16:23:05.320,1.4329,1.4331,18.00,2.40
2010.04.07 16:23:05.410,1.43295,1.4331,4.00,2.40
2010.04.07 16:23:06.674,1.43295,1.43305,4.00,2.40
2010.04.07 16:23:06.892,1.4329,1.43305,4.40,2.40
2010.04.07 16:23:07.112,1.4329,1.43305,4.00,2.40
2010.04.07 16:23:07.333,1.43285,1.43305,15.60,2.40
2010.04.07 16:23:07.553,1.43285,1.43295,4.00,2.40
2010.04.07 16:23:07.773,1.4328,1.43295,2.40,2.40
2010.04.07 16:23:08.316,1.4328,1.4329,2.40,2.40
2010.04.07 16:23:08.516,1.43275,1.4329,6.00,2.40
2010.04.07 16:23:08.712,1.43275,1.4329,5.60,2.40
2010.04.07 16:23:08.909,1.43275,1.4329,7.20,2.40
2010.04.07 16:23:10.089,1.43275,1.4329,5.60,2.40
2010.04.07 16:23:12.906,1.43275,1.4329,7.20,2.40
2010.04.07 16:23:15.256,1.43275,1.4329,5.60,2.40
2010.04.07 16:23:17.136,1.43275,1.43285,4.00,2.40
2010.04.07 16:23:17.216,1.4327,1.43295,14.00,10.60
2010.04.07 16:23:17.299,1.4327,1.4329,14.00,1.80
2010.04.07 16:23:17.376,1.4327,1.4329,14.00,1.00
2010.04.07 16:23:17.457,1.43275,1.4329,4.00,1.00
2010.04.07 16:23:17.640,1.43275,1.43295,9.20,3.60
2010.04.07 16:23:17.819,1.43275,1.43295,4.00,2.80
2010.04.07 16:23:17.997,1.43275,1.43295,4.00,2.40
2010.04.07 16:23:20.176,1.43275,1.43295,4.00,3.20
2010.04.07 16:23:20.870,1.43275,1.43295,8.00,3.20
2010.04.07 16:23:25.025,1.43275,1.43295,10.40,3.20
2010.04.07 16:23:25.248,1.43275,1.43295,10.40,2.40
2010.04.07 16:23:25.355,1.43275,1.43295,10.40,3.20
2010.04.07 16:23:26.323,1.43275,1.43295,4.00,3.20
2010.04.07 16:23:26.924,1.43275,1.43295,6.40,3.20
2010.04.07 16:23:27.224,1.43275,1.43295,10.40,3.20
2010.04.07 16:23:30.702,1.43275,1.43295,4.00,7.20
2010.04.07 16:23:31.313,1.4327,1.43295,16.00,7.20
2010.04.07 16:23:33.442,1.4327,1.43295,16.00,7.20
2010.04.07 16:23:33.792,1.43275,1.43295,4.00,3.20
2010.04.07 16:23:36.461,1.43275,1.43295,8.00,3.20
2010.04.07 16:23:38.994,1.43275,1.43295,18.00,3.20
2010.04.07 16:23:40.611,1.4328,1.43295,3.20,1.00
2010.04.07 16:23:40.805,1.43275,1.4329,5.60,2.40
2010.04.07 16:23:41.004,1.43275,1.43295,18.00,5.30
2010.04.07 16:23:41.478,1.43275,1.43295,12.40,8.30
2010.04.07 16:23:41.636,1.43275,1.4329,4.00,2.40
2010.04.07 16:23:41.792,1.43275,1.4329,5.60,2.40
2010.04.07 16:23:41.954,1.4328,1.43295,2.40,8.20
2010.04.07 16:23:42.133,1.4328,1.43295,4.00,7.20
2010.04.07 16:23:42.314,1.43285,1.433,11.60,1.00
2010.04.07 16:23:42.492,1.43285,1.433,13.20,1.00
2010.04.07 16:23:42.841,1.43285,1.43305,13.20,6.50
2010.04.07 16:23:43.970,1.43285,1.43305,13.20,10.50
2010.04.07 16:23:44.709,1.4329,1.433,1.00,2.40
2010.04.07 16:23:44.952,1.4329,1.43305,2.80,4.00
2010.04.07 16:23:45.193,1.4329,1.43305,2.40,4.00
2010.04.07 16:23:52.731,1.4329,1.43305,2.40,2.40
2010.04.07 16:23:53.439,1.4329,1.43305,2.40,3.30
2010.04.07 16:23:53.983,1.4329,1.43305,2.40,2.40
2010.04.07 16:23:54.711,1.43285,1.433,10.40,2.40
2010.04.07 16:23:55.471,1.43285,1.433,6.40,2.40
2010.04.07 16:24:03.047,1.43285,1.43295,4.00,2.40
2010.04.07 16:24:03.316,1.4328,1.43295,6.80,2.40
2010.04.07 16:24:03.596,1.4328,1.43295,6.40,2.40
2010.04.07 16:24:12.283,1.4328,1.43295,7.20,2.40
2010.04.07 16:24:12.525,1.43285,1.43295,4.00,2.40
2010.04.07 16:24:12.767,1.43285,1.433,6.40,2.40
2010.04.07 16:24:13.473,1.43285,1.433,6.40,4.00
2010.04.07 16:24:16.033,1.43285,1.433,6.40,2.40
2010.04.07 16:24:16.136,1.43285,1.43295,4.00,2.40
2010.04.07 16:24:16.237,1.4328,1.43295,7.60,2.40
2010.04.07 16:24:16.672,1.4328,1.43295,6.80,2.40
2010.04.07 16:24:16.772,1.4328,1.43295,6.40,2.40
2010.04.07 16:24:16.955,1.43285,1.433,2.40,8.90
2010.04.07 16:24:17.299,1.4328,1.43295,12.80,2.40
2010.04.07 16:24:17.645,1.4328,1.43295,2.40,2.40
2010.04.07 16:24:18.330,1.43285,1.433,2.40,8.90
2010.04.07 16:24:18.540,1.43285,1.433,6.40,4.00
2010.04.07 16:24:18.963,1.43285,1.433,6.40,2.40
2010.04.07 16:24:22.261,1.43285,1.433,8.00,2.40
2010.04.07 16:24:23.884,1.4328,1.43295,12.40,2.40
2010.04.07 16:24:27.939,1.4328,1.43295,12.00,2.40
2010.04.07 16:24:28.542,1.4328,1.43295,10.40,2.40
2010.04.07 16:24:36.544,1.4328,1.43295,12.00,2.40
2010.04.07 16:24:38.058,1.4328,1.43295,4.00,2.40
2010.04.07 16:24:43.080,1.4328,1.43295,8.00,2.40
2010.04.07 16:24:43.288,1.4328,1.43295,12.00,2.40
2010.04.07 16:24:47.694,1.4328,1.43295,10.40,2.40
2010.04.07 16:24:54.123,1.4328,1.43295,6.40,2.40
2010.04.07 16:24:59.744,1.4328,1.4329,4.00,2.40
2010.04.07 16:24:59.972,1.43275,1.4329,8.00,2.40
2010.04.07 16:25:02.250,1.43275,1.4329,12.40,2.40
2010.04.07 16:25:05.961,1.43275,1.4329,12.00,2.40
2010.04.07 16:25:13.249,1.43275,1.4329,12.80,2.40
2010.04.07 16:25:13.404,1.4328,1.4329,4.00,2.40
2010.04.07 16:25:13.552,1.4328,1.43285,4.00,2.40
2010.04.07 16:25:14.054,1.43275,1.43285,5.60,2.40
2010.04.07 16:25:14.268,1.4327,1.43285,14.00,2.40
2010.04.07 16:25:14.921,1.43275,1.43285,4.00,2.40
2010.04.07 16:25:18.168,1.4328,1.4329,4.00,1.00
2010.04.07 16:25:18.368,1.43275,1.43285,8.00,2.40
2010.04.07 16:25:18.437,1.43275,1.43285,4.00,2.40
2010.04.07 16:25:20.661,1.43275,1.43295,2.40,13.20
2010.04.07 16:25:20.861,1.4327,1.43285,13.60,2.40
2010.04.07 16:25:21.140,1.4327,1.43285,8.80,2.40
2010.04.07 16:25:22.424,1.4327,1.43285,8.00,2.40
2010.04.07 16:25:26.157,1.4327,1.43285,6.40,2.40
2010.04.07 16:25:28.818,1.4327,1.43285,2.40,6.40
2010.04.07 16:25:34.338,1.4327,1.43285,6.40,2.40
2010.04.07 16:25:40.198,1.4327,1.4328,4.00,2.40
2010.04.07 16:25:40.443,1.4327,1.43285,6.40,2.40
2010.04.07 16:25:40.678,1.4327,1.43285,8.00,2.40
2010.04.07 16:25:40.913,1.4327,1.43285,8.80,2.40
2010.04.07 16:25:41.144,1.43275,1.4329,6.40,2.40
2010.04.07 16:25:41.868,1.43275,1.4329,8.00,2.40
2010.04.07 16:25:42.221,1.4328,1.43295,2.40,6.50
2010.04.07 16:25:42.405,1.4328,1.4329,4.00,2.40
2010.04.07 16:25:42.584,1.43275,1.43295,8.90,7.30
2010.04.07 16:25:42.765,1.4328,1.43295,1.00,2.40
2010.04.07 16:25:43.121,1.43275,1.43295,16.80,2.40
2010.04.07 16:25:48.150,1.43275,1.43295,15.20,2.40
2010.04.07 16:25:48.472,1.43275,1.43295,14.40,2.40
2010.04.07 16:25:48.682,1.43275,1.43295,14.40,9.60
2010.04.07 16:25:49.711,1.43275,1.43295,15.20,9.60
2010.04.07 16:25:49.925,1.4328,1.43295,2.40,6.40
2010.04.07 16:25:50.135,1.4328,1.43295,2.40,2.40
2010.04.07 16:25:52.453,1.43275,1.43295,19.20,2.40
2010.04.07 16:25:56.479,1.43275,1.4329,18.40,2.40
2010.04.07 16:25:56.600,1.43275,1.4329,12.10,2.40
2010.04.07 16:25:56.800,1.43275,1.4329,8.10,2.40
2010.04.07 16:25:57.001,1.43275,1.4329,6.50,2.40
2010.04.07 16:25:59.198,1.43275,1.4329,7.30,2.40
2010.04.07 16:25:59.298,1.4328,1.43295,3.40,4.00
2010.04.07 16:25:59.402,1.4328,1.433,13.70,6.80
2010.04.07 16:25:59.500,1.4328,1.43295,11.30,2.40
2010.04.07 16:25:59.601,1.4328,1.43295,10.40,2.40
2010.04.07 16:25:59.700,1.4328,1.43295,6.40,2.40
2010.04.07 16:26:00.591,1.4328,1.43295,2.40,2.40
2010.04.07 16:26:02.497,1.43275,1.43295,11.20,2.40
2010.04.07 16:26:04.706,1.43275,1.43295,10.40,2.40
2010.04.07 16:26:06.432,1.43275,1.43295,9.60,3.20
2010.04.07 16:26:06.561,1.43275,1.43285,8.00,2.40
2010.04.07 16:26:07.117,1.4327,1.43285,12.80,2.40
2010.04.07 16:26:07.809,1.43275,1.4329,2.40,2.40
2010.04.07 16:26:08.150,1.4327,1.43285,13.30,2.40
2010.04.07 16:26:08.489,1.4327,1.43285,12.80,2.40
2010.04.07 16:26:11.913,1.4327,1.43285,12.00,2.40
2010.04.07 16:26:12.129,1.4327,1.43285,8.00,2.40
2010.04.07 16:26:16.036,1.43285,1.4329,9.20,3.30
2010.04.07 16:26:16.146,1.43295,1.4332,2.40,2.40
2010.04.07 16:26:23.330,1.4329,1.43305,14.10,2.40
2010.04.07 16:26:23.384,1.4329,1.43305,11.10,2.40
2010.04.07 16:26:23.511,1.4329,1.43305,7.10,2.40
2010.04.07 16:26:23.562,1.4329,1.43305,2.90,2.40
2010.04.07 16:26:23.612,1.4329,1.43305,2.80,2.40
2010.04.07 16:26:24.007,1.4329,1.43305,2.40,2.40
2010.04.07 16:26:29.413,1.4329,1.4331,6.40,7.30
2010.04.07 16:26:29.626,1.4329,1.43305,12.00,2.40
2010.04.07 16:26:29.843,1.43295,1.4331,2.40,2.40
2010.04.07 16:26:30.508,1.4329,1.43305,12.40,2.40
2010.04.07 16:26:30.853,1.4329,1.43305,4.00,2.40
2010.04.07 16:26:33.368,1.43285,1.43305,17.00,2.40
2010.04.07 16:26:33.427,1.4329,1.43305,6.40,2.40
2010.04.07 16:26:36.629,1.4329,1.4331,7.20,9.60
2010.04.07 16:26:37.142,1.43295,1.4331,4.00,4.90
2010.04.07 16:26:37.502,1.4329,1.43305,10.40,2.40
2010.04.07 16:26:38.309,1.4329,1.4331,10.40,4.90
2010.04.07 16:26:38.455,1.4329,1.4331,11.20,4.00
2010.04.07 16:26:38.594,1.43295,1.43305,4.00,2.40
2010.04.07 16:26:38.731,1.4329,1.43305,6.40,2.40
2010.04.07 16:26:39.290,1.4329,1.43305,10.40,2.40
2010.04.07 16:26:39.573,1.4329,1.43305,6.40,2.40
2010.04.07 16:26:41.552,1.4329,1.4331,7.20,6.50
2010.04.07 16:26:41.771,1.4329,1.4331,10.40,2.50
2010.04.07 16:26:41.978,1.4329,1.4331,11.20,1.60
2010.04.07 16:26:44.141,1.4329,1.43315,11.20,12.00
2010.04.07 16:26:44.287,1.4329,1.43315,11.20,11.20
2010.04.07 16:26:48.245,1.43295,1.43315,6.00,11.20
2010.04.07 16:26:48.326,1.433,1.43315,2.40,11.20
2010.04.07 16:26:48.405,1.433,1.43315,2.40,3.20
2010.04.07 16:26:48.833,1.433,1.43315,2.40,1.60
2010.04.07 16:26:52.015,1.43305,1.43315,1.00,1.60
2010.04.07 16:26:52.249,1.4331,1.43315,4.00,1.60
2010.04.07 16:26:52.367,1.4331,1.43325,5.60,3.40
2010.04.07 16:26:52.536,1.43305,1.43325,1.00,12.00
2010.04.07 16:26:53.187,1.433,1.43325,6.40,12.00
2010.04.07 16:26:54.974,1.433,1.4332,6.40,1.60
2010.04.07 16:26:57.633,1.433,1.4332,4.00,1.60
2010.04.07 16:26:59.802,1.433,1.4332,5.60,1.60
2010.04.07 16:27:00.361,1.43315,1.4333,2.40,8.00
2010.04.07 16:27:00.627,1.4331,1.43325,9.00,2.40
2010.04.07 16:27:00.755,1.4331,1.43325,4.40,8.00
2010.04.07 16:27:00.883,1.4331,1.43325,2.80,8.00
2010.04.07 16:27:01.263,1.4331,1.43325,2.40,8.00
2010.04.07 16:27:02.878,1.4332,1.43325,2.40,5.60
2010.04.07 16:27:03.052,1.43325,1.4333,6.40,5.60
2010.04.07 16:27:03.230,1.43325,1.43335,6.40,1.00
2010.04.07 16:27:03.399,1.43325,1.4334,6.40,2.80
2010.04.07 16:27:03.537,1.4333,1.4334,2.40,1.00
2010.04.07 16:27:03.677,1.4333,1.43345,6.40,2.40
2010.04.07 16:27:03.814,1.4333,1.4335,2.40,14.00
2010.04.07 16:27:04.605,1.4333,1.4335,2.40,13.60
2010.04.07 16:27:05.125,1.43335,1.4335,2.40,2.40
2010.04.07 16:27:10.874,1.4334,1.43355,2.40,1.60
2010.04.07 16:27:11.135,1.4335,1.4336,2.40,1.00
2010.04.07 16:27:11.394,1.4335,1.43365,6.40,2.00
2010.04.07 16:27:11.652,1.4335,1.4337,6.40,10.40
2010.04.07 16:27:11.941,1.4335,1.4337,10.40,6.40
2010.04.07 16:27:12.562,1.43345,1.43365,5.60,6.40
2010.04.07 16:27:12.715,1.43345,1.43365,4.00,8.00
2010.04.07 16:27:13.671,1.4335,1.43365,2.40,8.00
2010.04.07 16:27:14.351,1.43345,1.43365,4.00,8.00
2010.04.07 16:27:16.389,1.43345,1.43365,4.00,8.80
2010.04.07 16:27:16.653,1.4334,1.43355,10.40,2.40
2010.04.07 16:27:16.834,1.43335,1.4335,10.80,2.40
2010.04.07 16:27:17.011,1.43335,1.4335,10.00,2.40
2010.04.07 16:27:17.350,1.43335,1.4335,9.60,2.40
2010.04.07 16:27:19.058,1.43335,1.4335,8.00,2.40
2010.04.07 16:27:19.969,1.43335,1.4335,8.00,2.40
2010.04.07 16:27:20.117,1.43335,1.4335,5.60,2.40
2010.04.07 16:27:20.270,1.43335,1.4335,8.00,2.40
2010.04.07 16:27:22.377,1.43335,1.43345,6.40,1.00
2010.04.07 16:27:22.512,1.43335,1.4335,6.40,3.40
2010.04.07 16:27:23.099,1.43335,1.4335,6.40,2.40
2010.04.07 16:27:23.698,1.43335,1.4335,6.40,2.40
2010.04.07 16:27:24.780,1.43335,1.43345,6.40,2.40
2010.04.07 16:27:25.300,1.43335,1.43345,5.60,2.40
2010.04.07 16:27:25.448,1.4333,1.43345,15.20,2.40
2010.04.07 16:27:26.809,1.4334,1.43345,1.00,2.40
2010.04.07 16:27:27.501,1.4333,1.43345,15.20,2.40
2010.04.07 16:27:30.415,1.4333,1.43345,15.30,2.40
2010.04.07 16:27:30.495,1.4333,1.43345,15.20,2.40
2010.04.07 16:27:31.075,1.4333,1.43345,12.80,2.40
2010.04.07 16:27:31.157,1.4333,1.43345,12.80,2.40
2010.04.07 16:27:31.236,1.4333,1.43345,15.20,2.40
2010.04.07 16:27:31.396,1.4333,1.43345,11.20,2.40
2010.04.07 16:27:32.566,1.4333,1.43345,15.20,2.40
2010.04.07 16:27:35.251,1.4333,1.43345,13.60,2.40
2010.04.07 16:27:35.464,1.4333,1.43345,12.80,2.40
2010.04.07 16:27:41.117,1.43335,1.43345,1.00,2.40
2010.04.07 16:27:41.247,1.43335,1.4335,3.20,3.30
2010.04.07 16:27:41.761,1.43335,1.43345,4.80,2.40
2010.04.07 16:27:42.915,1.4333,1.43345,15.50,2.40
2010.04.07 16:27:45.561,1.4333,1.43345,15.60,2.40
2010.04.07 16:27:45.772,1.4333,1.43345,15.30,2.40
2010.04.07 16:27:46.191,1.4333,1.43345,13.70,2.40
2010.04.07 16:27:46.830,1.4333,1.43345,12.90,2.40
2010.04.07 16:27:50.062,1.4333,1.43345,12.40,2.40
2010.04.07 16:27:52.690,1.4333,1.43345,13.60,2.40
2010.04.07 16:27:55.221,1.4333,1.43345,9.60,2.40
2010.04.07 16:27:56.270,1.4333,1.43345,8.80,2.40
2010.04.07 16:27:58.056,1.4333,1.43345,2.80,2.40
2010.04.07 16:28:00.940,1.4333,1.43345,2.80,10.40
2010.04.07 16:28:00.981,1.43325,1.43335,1.00,2.40
2010.04.07 16:28:01.178,1.4332,1.43335,14.40,2.40
2010.04.07 16:28:02.218,1.4332,1.43335,14.90,2.40
2010.04.07 16:28:02.479,1.43325,1.43335,4.00,2.40
2010.04.07 16:28:04.722,1.4332,1.43335,7.20,2.40
2010.04.07 16:28:06.410,1.4332,1.4333,4.00,2.40
2010.04.07 16:28:06.728,1.43315,1.4333,10.00,2.40
2010.04.07 16:28:07.049,1.4332,1.4333,1.00,2.40
2010.04.07 16:28:07.593,1.43325,1.43335,4.00,2.40
2010.04.07 16:28:08.726,1.43325,1.4333,4.00,2.40
2010.04.07 16:28:08.847,1.43325,1.4334,6.40,3.50
2010.04.07 16:28:08.907,1.43325,1.4334,6.40,2.40
2010.04.07 16:28:08.966,1.43325,1.4334,6.40,2.50
2010.04.07 16:28:09.027,1.43325,1.4334,2.80,6.50
2010.04.07 16:28:09.138,1.43325,1.4334,6.80,2.40
2010.04.07 16:28:09.200,1.43325,1.43335,4.80,2.40
2010.04.07 16:28:09.872,1.43325,1.4334,4.40,3.30
2010.04.07 16:28:10.226,1.43325,1.4334,6.80,1.00
2010.04.07 16:28:10.575,1.4333,1.43345,1.00,3.20
2010.04.07 16:28:10.810,1.4333,1.43345,1.00,2.40
2010.04.07 16:28:11.051,1.43325,1.43345,11.50,2.40
2010.04.07 16:28:11.513,1.43325,1.43345,11.20,2.40
2010.04.07 16:28:11.722,1.43325,1.43345,10.40,2.40
2010.04.07 16:28:13.716,1.43325,1.43345,10.40,3.20
2010.04.07 16:28:13.816,1.43325,1.43335,2.00,2.40
2010.04.07 16:28:13.915,1.43325,1.43335,1.60,2.40
2010.04.07 16:28:14.015,1.4332,1.43335,14.40,2.40
2010.04.07 16:28:14.115,1.4332,1.43335,15.20,2.40
2010.04.07 16:28:14.215,1.43325,1.43335,1.00,2.40
2010.04.07 16:28:17.765,1.4333,1.43335,1.00,2.40
2010.04.07 16:28:18.050,1.4333,1.43345,4.00,2.80
2010.04.07 16:28:18.598,1.43335,1.4335,4.00,4.70
2010.04.07 16:28:18.762,1.43335,1.4335,4.00,4.10
2010.04.07 16:28:19.905,1.4333,1.4335,13.20,5.70
2010.04.07 16:28:20.708,1.4333,1.4335,13.20,5.70
2010.04.07 16:28:21.055,1.43335,1.4335,4.00,5.70
2010.04.07 16:28:21.295,1.4333,1.4335,13.20,5.70
2010.04.07 16:28:23.623,1.4333,1.4335,13.20,4.90
2010.04.07 16:28:23.832,1.4333,1.4335,13.20,3.30
2010.04.07 16:28:24.381,1.4333,1.4335,13.60,3.30
2010.04.07 16:28:25.834,1.4333,1.4335,13.60,4.10
2010.04.07 16:28:25.995,1.4333,1.43345,13.60,1.60
2010.04.07 16:28:26.075,1.4333,1.43345,8.00,6.40
2010.04.07 16:28:26.157,1.4333,1.43335,1.60,2.40
2010.04.07 16:28:26.674,1.43325,1.4333,1.00,2.40
2010.04.07 16:28:27.016,1.4332,1.43335,2.80,2.40
2010.04.07 16:28:27.364,1.4332,1.43335,6.80,2.40
2010.04.07 16:28:27.702,1.4332,1.43335,6.40,2.40
2010.04.07 16:28:28.045,1.4332,1.43335,6.80,2.40
2010.04.07 16:28:28.760,1.43315,1.43335,22.00,2.40
2010.04.07 16:28:28.903,1.4332,1.43335,6.40,2.40
2010.04.07 16:28:29.168,1.4332,1.43335,6.80,2.40
2010.04.07 16:28:29.667,1.4332,1.43335,7.30,2.40
2010.04.07 16:28:29.808,1.43325,1.4334,8.40,2.40
2010.04.07 16:28:30.162,1.4333,1.43345,4.00,2.40
2010.04.07 16:28:31.113,1.4333,1.43345,6.40,2.40
2010.04.07 16:28:31.387,1.4333,1.4334,4.00,2.40
2010.04.07 16:28:32.056,1.43325,1.4334,10.90,2.40
2010.04.07 16:28:32.681,1.43325,1.4334,10.40,2.40
2010.04.07 16:28:33.593,1.43325,1.4334,10.80,2.40
2010.04.07 16:28:35.502,1.4333,1.43345,8.00,3.30
2010.04.07 16:28:35.642,1.4333,1.43345,8.80,2.40
2010.04.07 16:28:35.781,1.4333,1.43345,4.80,2.40
2010.04.07 16:28:36.327,1.43325,1.43345,11.60,2.40
2010.04.07 16:28:36.624,1.43325,1.43345,10.40,2.40
2010.04.07 16:28:36.911,1.43325,1.43345,10.00,2.40
2010.04.07 16:28:38.431,1.43325,1.43345,2.80,14.10
2010.04.07 16:28:38.575,1.4333,1.43345,2.40,5.30
2010.04.07 16:28:38.723,1.4333,1.43345,8.40,5.20
2010.04.07 16:28:38.872,1.4333,1.4334,7.20,1.00
2010.04.07 16:28:39.024,1.4333,1.4334,11.90,1.00
2010.04.07 16:28:39.173,1.4333,1.4334,8.00,1.00
2010.04.07 16:28:39.727,1.4333,1.43345,4.00,3.30
2010.04.07 16:28:40.424,1.43325,1.43345,14.70,3.30
2010.04.07 16:28:40.772,1.4333,1.4335,4.00,13.30
2010.04.07 16:28:41.051,1.43335,1.4335,4.00,4.50
2010.04.07 16:28:41.322,1.43335,1.4335,6.40,4.10
2010.04.07 16:28:41.871,1.43335,1.4335,6.80,2.40
2010.04.07 16:28:42.553,1.43335,1.4335,4.80,3.30
2010.04.07 16:28:42.744,1.43335,1.4335,1.00,3.30
2010.04.07 16:28:47.172,1.43335,1.43345,1.00,2.40
2010.04.07 16:28:47.312,1.4333,1.43345,4.40,2.40
2010.04.07 16:28:47.450,1.4333,1.43345,4.40,2.40
2010.04.07 16:28:49.103,1.4333,1.43345,4.00,3.30
2010.04.07 16:28:49.313,1.43325,1.43345,10.00,2.40
2010.04.07 16:28:49.519,1.43325,1.43345,10.80,2.40
2010.04.07 16:28:50.390,1.43325,1.43335,10.70,2.40
2010.04.07 16:28:50.581,1.43325,1.43335,8.80,2.40
2010.04.07 16:28:50.768,1.43325,1.43335,8.40,2.40
2010.04.07 16:28:52.208,1.43325,1.43335,4.40,2.40
2010.04.07 16:28:53.090,1.43325,1.43335,8.40,2.40
2010.04.07 16:28:53.378,1.43325,1.43335,4.40,2.40
2010.04.07 16:29:00.167,1.4333,1.43335,1.00,2.40
2010.04.07 16:29:00.328,1.4333,1.43345,1.00,6.10
2010.04.07 16:29:00.655,1.4333,1.43345,1.00,5.70
2010.04.07 16:29:06.242,1.4333,1.43345,1.00,5.70
2010.04.07 16:29:06.915,1.4333,1.43345,1.00,1.00
2010.04.07 16:29:07.165,1.43325,1.43345,15.10,3.30
2010.04.07 16:29:07.654,1.43325,1.43345,14.40,3.30
2010.04.07 16:29:07.921,1.43325,1.4334,10.80,2.40
2010.04.07 16:29:08.185,1.43325,1.4334,6.80,2.40
2010.04.07 16:29:11.116,1.43325,1.4334,7.20,2.40
2010.04.07 16:29:11.962,1.43325,1.4334,11.20,2.40
2010.04.07 16:29:12.243,1.43325,1.4334,7.20,2.40
2010.04.07 16:29:17.872,1.43325,1.4334,6.80,2.40
2010.04.07 16:29:28.276,1.43325,1.4334,7.20,2.40
2010.04.07 16:29:30.469,1.4333,1.43345,2.40,7.30
2010.04.07 16:29:30.679,1.43335,1.4335,3.20,6.00
2010.04.07 16:29:30.837,1.43335,1.4335,3.90,4.40
2010.04.07 16:29:30.998,1.43335,1.4335,9.50,1.00
2010.04.07 16:29:31.156,1.43335,1.43355,11.10,11.30
2010.04.07 16:29:31.855,1.43335,1.43355,11.10,10.50
2010.04.07 16:29:32.438,1.43335,1.43345,7.90,2.40
2010.04.07 16:29:32.537,1.4334,1.43355,1.00,10.00
2010.04.07 16:29:32.639,1.43335,1.4335,4.80,4.00
2010.04.07 16:29:32.737,1.43335,1.43355,8.80,12.90
2010.04.07 16:29:33.243,1.43335,1.43345,6.40,2.40
2010.04.07 16:29:33.543,1.4333,1.43345,7.20,2.40
2010.04.07 16:29:40.837,1.4333,1.43345,4.00,2.40
2010.04.07 16:29:41.208,1.4333,1.4334,4.00,2.40
2010.04.07 16:29:41.396,1.43325,1.4334,10.00,2.40
2010.04.07 16:29:41.585,1.43325,1.4334,8.40,2.40
2010.04.07 16:29:46.428,1.4332,1.43335,11.40,2.40
2010.04.07 16:29:47.077,1.4332,1.43335,10.80,2.40
2010.04.07 16:29:47.316,1.4332,1.43335,10.40,3.30
2010.04.07 16:29:47.558,1.4332,1.4333,8.00,2.40
2010.04.07 16:29:47.798,1.43315,1.4333,8.40,2.40
2010.04.07 16:29:49.101,1.43315,1.4333,6.80,2.40
2010.04.07 16:29:51.734,1.43315,1.4333,4.40,2.40
2010.04.07 16:29:52.044,1.43315,1.4333,4.00,3.30
2010.04.07 16:29:52.687,1.4331,1.43325,8.80,2.40
2010.04.07 16:29:52.874,1.4331,1.43325,12.80,2.40
2010.04.07 16:29:54.033,1.4331,1.43325,12.40,2.40
2010.04.07 16:29:54.334,1.43315,1.4333,8.40,2.40
2010.04.07 16:29:54.836,1.43315,1.43325,8.40,2.40
2010.04.07 16:29:55.032,1.4331,1.43325,12.90,2.40
2010.04.07 16:29:55.221,1.4331,1.43325,13.00,2.40
2010.04.07 16:29:55.609,1.4331,1.43325,13.60,2.40
2010.04.07 16:29:55.806,1.4331,1.43325,6.40,2.40
2010.04.07 16:29:56.785,1.4331,1.43325,4.00,2.40
2010.04.07 16:29:57.127,1.4331,1.43325,2.80,2.40
2010.04.07 16:29:59.611,1.4332,1.43325,1.00,2.40
2010.04.07 16:30:04.850,1.4332,1.43335,1.00,9.20
2010.04.07 16:30:05.062,1.43325,1.43335,1.00,12.00
2010.04.07 16:30:06.051,1.43325,1.43335,1.00,4.00
2010.04.07 16:30:07.074,1.43325,1.43335,1.00,12.00
2010.04.07 16:30:07.369,1.43325,1.43335,1.00,8.00
2010.04.07 16:30:07.671,1.43325,1.43335,1.00,6.40
2010.04.07 16:30:08.246,1.43325,1.43335,1.00,2.40
2010.04.07 16:30:11.598,1.43325,1.43335,1.00,10.40
2010.04.07 16:30:11.859,1.43325,1.43335,1.00,6.40
2010.04.07 16:30:12.366,1.43325,1.43335,1.00,2.40
2010.04.07 16:30:36.395,1.43325,1.4334,1.00,1.00
2010.04.07 16:30:36.430,1.43325,1.43345,1.00,17.20
2010.04.07 16:30:36.521,1.43325,1.43345,1.00,15.60
2010.04.07 16:30:37.291,1.43325,1.43335,1.00,2.40
2010.04.07 16:30:45.940,1.43325,1.4334,1.00,4.10
2010.04.07 16:30:46.595,1.43325,1.4334,4.80,2.40
2010.04.07 16:30:54.748,1.43325,1.4334,4.00,2.40
2010.04.07 16:30:55.047,1.43325,1.4334,4.00,3.20
2010.04.07 16:31:01.741,1.43325,1.4334,4.00,2.40
2010.04.07 16:31:04.065,1.43325,1.4334,5.60,2.40
2010.04.07 16:31:05.049,1.4333,1.43345,4.00,2.40
2010.04.07 16:31:08.958,1.43335,1.4335,6.40,10.50
2010.04.07 16:31:09.056,1.4333,1.43345,6.40,2.40
2010.04.07 16:31:09.253,1.4333,1.43345,4.00,2.40
2010.04.07 16:31:14.295,1.4333,1.43345,7.20,2.40
2010.04.07 16:31:14.782,1.4333,1.43345,6.40,2.40
2010.04.07 16:31:15.791,1.4333,1.43345,7.20,2.40
2010.04.07 16:31:16.133,1.4333,1.4335,7.20,3.20
2010.04.07 16:31:16.474,1.4333,1.4335,12.80,3.20
2010.04.07 16:31:17.110,1.4333,1.4335,8.80,3.20
2010.04.07 16:31:17.381,1.4333,1.4335,8.80,2.40
2010.04.07 16:31:19.170,1.4333,1.4335,12.80,2.40
2010.04.07 16:31:19.871,1.4333,1.4335,12.00,6.40
2010.04.07 16:31:20.134,1.4333,1.43345,4.00,2.40
2010.04.07 16:31:20.962,1.43325,1.43345,12.80,2.40
2010.04.07 16:31:21.590,1.43325,1.43345,12.80,2.40
2010.04.07 16:31:26.588,1.43325,1.43345,12.00,2.40
2010.04.07 16:31:26.790,1.43325,1.43345,12.00,4.00
2010.04.07 16:31:27.321,1.43325,1.43345,10.40,4.00
2010.04.07 16:31:27.576,1.43325,1.4334,8.00,2.40
2010.04.07 16:31:27.828,1.43325,1.4334,4.00,2.40
2010.04.07 16:31:30.173,1.4332,1.43335,5.60,2.40
2010.04.07 16:31:30.420,1.4332,1.43335,4.00,2.40
2010.04.07 16:31:31.559,1.43315,1.43335,12.00,2.40
2010.04.07 16:31:34.701,1.43315,1.43335,11.20,2.40
2010.04.07 16:31:41.529,1.43315,1.43335,11.20,4.00
2010.04.07 16:31:54.959,1.43315,1.43335,10.80,4.00
2010.04.07 16:31:56.446,1.4332,1.43335,2.40,1.60
2010.04.07 16:31:56.706,1.4332,1.43335,5.60,2.40
2010.04.07 16:31:56.963,1.43315,1.43335,11.30,2.40
2010.04.07 16:31:57.223,1.43315,1.43335,10.80,2.40
2010.04.07 16:32:05.690,1.43315,1.4333,8.40,2.40
2010.04.07 16:32:05.831,1.43315,1.4333,8.00,2.40
2010.04.07 16:32:06.501,1.4331,1.4333,11.40,2.40
2010.04.07 16:32:06.641,1.43315,1.4333,1.00,2.40
2010.04.07 16:32:08.028,1.43315,1.4333,1.00,3.20
2010.04.07 16:32:08.329,1.4331,1.4333,10.80,3.20
2010.04.07 16:32:08.479,1.4331,1.4333,10.80,2.40
2010.04.07 16:32:08.630,1.4331,1.4333,11.60,2.40
2010.04.07 16:32:10.130,1.4331,1.4333,11.60,2.40
2010.04.07 16:32:10.912,1.43315,1.4333,1.00,2.40
2010.04.07 16:32:11.172,1.43315,1.4333,4.40,2.40
2010.04.07 16:32:11.879,1.43315,1.4333,1.00,2.40
2010.04.07 16:32:12.120,1.43315,1.4333,4.40,2.40
2010.04.07 16:32:14.619,1.43315,1.43325,4.40,2.40
2010.04.07 16:32:14.751,1.43315,1.43325,4.00,2.40
2010.04.07 16:32:14.881,1.4331,1.43325,6.80,2.40
2010.04.07 16:32:15.420,1.4331,1.43325,2.80,2.40
2010.04.07 16:32:18.006,1.4331,1.43325,1.00,2.40
2010.04.07 16:32:19.426,1.4331,1.43325,4.40,2.40
2010.04.07 16:32:19.557,1.4331,1.43325,1.00,2.40
2010.04.07 16:32:22.107,1.4331,1.43315,1.00,2.40
2010.04.07 16:32:22.818,1.433,1.43315,13.60,2.40
2010.04.07 16:32:23.006,1.43305,1.43315,1.00,2.40
2010.04.07 16:32:27.128,1.433,1.43315,9.10,2.40
2010.04.07 16:32:27.435,1.433,1.43315,8.40,2.40
2010.04.07 16:32:35.233,1.433,1.43315,9.20,2.40
2010.04.07 16:32:37.558,1.433,1.43315,4.40,2.40
2010.04.07 16:32:42.100,1.433,1.43315,5.00,2.40
2010.04.07 16:32:42.675,1.433,1.43315,4.40,2.40
2010.04.07 16:32:47.792,1.433,1.43315,5.00,2.40
2010.04.07 16:32:47.930,1.433,1.43315,4.80,2.40
2010.04.07 16:32:48.364,1.433,1.43315,8.80,2.40
2010.04.07 16:32:48.612,1.433,1.43315,10.40,2.40
2010.04.07 16:32:54.651,1.43305,1.43315,4.40,2.40
2010.04.07 16:32:54.728,1.43305,1.43315,4.00,2.40
2010.04.07 16:32:54.888,1.433,1.43315,11.30,2.40
2010.04.07 16:32:55.274,1.433,1.43315,10.00,2.40
2010.04.07 16:32:57.996,1.433,1.43315,10.60,2.40
2010.04.07 16:32:58.246,1.433,1.43315,10.70,2.40
2010.04.07 16:33:04.664,1.433,1.43315,10.80,2.40
2010.04.07 16:33:04.744,1.43305,1.43315,1.00,2.40
2010.04.07 16:33:06.891,1.43305,1.43315,4.40,2.40
2010.04.07 16:33:07.067,1.43305,1.43315,1.00,2.40
2010.04.07 16:33:07.237,1.43305,1.43315,4.40,2.40
2010.04.07 16:33:07.437,1.43305,1.43315,1.00,2.40
2010.04.07 16:33:15.623,1.433,1.43315,9.20,2.40
2010.04.07 16:33:15.796,1.433,1.43315,8.40,2.40
2010.04.07 16:33:16.433,1.433,1.43315,4.40,2.40
2010.04.07 16:33:18.146,1.433,1.43315,1.00,2.40
2010.04.07 16:33:19.535,1.433,1.43315,4.40,2.40
2010.04.07 16:33:20.773,1.433,1.43315,1.10,2.40
2010.04.07 16:33:21.032,1.433,1.43315,1.00,2.40
2010.04.07 16:33:23.612,1.433,1.4331,1.00,2.40
2010.04.07 16:33:23.783,1.433,1.43315,1.00,4.00
2010.04.07 16:33:24.462,1.433,1.4331,1.00,2.40
2010.04.07 16:33:24.635,1.43295,1.43315,19.60,4.00
2010.04.07 16:33:24.985,1.43295,1.4331,15.20,2.40
2010.04.07 16:33:28.653,1.43295,1.43315,15.20,9.60
2010.04.07 16:33:28.908,1.433,1.43315,1.00,9.60
2010.04.07 16:33:29.050,1.433,1.43315,1.00,5.60
2010.04.07 16:33:29.875,1.433,1.43315,2.80,3.20
2010.04.07 16:33:30.022,1.433,1.43315,2.80,7.20
2010.04.07 16:33:31.171,1.433,1.43315,2.80,3.20
2010.04.07 16:33:32.497,1.433,1.43315,2.40,7.20
2010.04.07 16:33:42.969,1.433,1.43315,4.40,7.20
2010.04.07 16:33:43.157,1.433,1.43315,4.00,8.00
2010.04.07 16:33:43.348,1.43295,1.43315,5.60,9.60
2010.04.07 16:33:43.597,1.43295,1.43315,7.60,10.40
2010.04.07 16:33:43.848,1.43295,1.4331,2.80,1.60
2010.04.07 16:33:59.291,1.43295,1.4331,2.00,1.60
2010.04.07 16:34:00.383,1.43295,1.4331,2.80,1.60
2010.04.07 16:34:01.923,1.43295,1.4331,2.80,5.60
2010.04.07 16:34:02.055,1.43295,1.4331,2.80,1.60
2010.04.07 16:34:02.404,1.43295,1.4331,6.80,1.60
2010.04.07 16:34:03.140,1.433,1.43315,2.40,5.60
2010.04.07 16:34:03.161,1.433,1.43315,2.40,1.60
2010.04.07 16:34:07.393,1.43295,1.43315,11.60,4.80
2010.04.07 16:34:07.627,1.43295,1.4331,2.80,1.60
2010.04.07 16:34:13.230,1.4329,1.4331,18.40,4.00
2010.04.07 16:34:13.453,1.4329,1.4331,4.40,13.60
2010.04.07 16:34:13.670,1.4329,1.4331,2.80,14.00
2010.04.07 16:34:13.762,1.4329,1.4331,3.20,14.00
2010.04.07 16:34:14.357,1.4329,1.4331,2.80,14.00
2010.04.07 16:34:14.689,1.4329,1.4331,4.40,10.00
2010.04.07 16:34:14.779,1.4329,1.4331,3.60,12.40
2010.04.07 16:34:14.970,1.4329,1.4331,6.80,4.00
2010.04.07 16:34:15.159,1.4329,1.4331,7.60,4.00
2010.04.07 16:34:15.348,1.4329,1.4331,6.80,4.00
2010.04.07 16:34:19.577,1.43295,1.4331,2.40,4.00
2010.04.07 16:34:19.738,1.43295,1.4331,2.80,4.00
2010.04.07 16:34:24.077,1.4329,1.4331,11.20,4.00
2010.04.07 16:34:24.147,1.4329,1.4331,11.50,4.00
2010.04.07 16:34:24.220,1.4329,1.4331,6.80,4.00
2010.04.07 16:34:24.285,1.4329,1.4331,10.80,4.00
2010.04.07 16:34:25.152,1.4329,1.4331,6.80,4.00
2010.04.07 16:34:27.375,1.4329,1.4331,7.40,4.00
2010.04.07 16:34:29.674,1.4329,1.4331,7.60,4.00
2010.04.07 16:34:29.847,1.4329,1.4331,7.60,8.00
2010.04.07 16:34:38.272,1.4329,1.4331,6.80,8.00
2010.04.07 16:34:44.601,1.4329,1.4331,10.80,8.00
2010.04.07 16:34:44.674,1.43295,1.4331,1.00,4.00
2010.04.07 16:34:44.743,1.43295,1.4331,1.00,2.40
2010.04.07 16:34:45.510,1.43295,1.4331,2.80,2.40
2010.04.07 16:34:47.515,1.43295,1.4331,3.20,2.40
2010.04.07 16:34:47.639,1.43295,1.43315,7.20,6.40
2010.04.07 16:34:48.351,1.43295,1.43315,6.80,6.40
2010.04.07 16:34:52.779,1.43295,1.4331,6.80,2.40
2010.04.07 16:34:53.304,1.43295,1.43315,6.80,8.40
2010.04.07 16:34:53.592,1.43295,1.4331,6.80,2.40
2010.04.07 16:35:08.097,1.4329,1.4331,8.40,2.40
2010.04.07 16:35:08.767,1.4329,1.4331,13.00,2.40
2010.04.07 16:35:09.367,1.4329,1.4331,13.20,2.40
2010.04.07 16:35:10.478,1.4329,1.4331,14.00,2.40
2010.04.07 16:35:11.345,1.4329,1.43315,14.00,10.40
2010.04.07 16:35:11.600,1.4329,1.43315,14.80,5.60
2010.04.07 16:35:12.664,1.43295,1.43315,1.00,5.60
2010.04.07 16:35:14.563,1.43295,1.43315,1.00,7.20
2010.04.07 16:35:14.665,1.43295,1.43315,1.00,12.80
2010.04.07 16:35:14.768,1.43295,1.4331,1.00,2.40
2010.04.07 16:35:15.459,1.43295,1.4331,1.00,13.60
2010.04.07 16:35:15.770,1.43295,1.43305,1.00,1.60
2010.04.07 16:35:24.383,1.4329,1.43305,2.80,1.60
2010.04.07 16:35:28.659,1.4329,1.43305,2.40,1.60
2010.04.07 16:35:38.379,1.4329,1.43305,2.80,1.60
2010.04.07 16:35:41.087,1.4329,1.4331,2.80,14.40
2010.04.07 16:35:41.321,1.4329,1.4331,2.80,13.60
2010.04.07 16:35:41.548,1.4329,1.4331,2.80,9.60
2010.04.07 16:35:42.221,1.4329,1.43305,2.40,5.60
2010.04.07 16:35:47.064,1.4329,1.43305,2.40,4.00
2010.04.07 16:35:47.155,1.4329,1.4331,2.40,13.60
2010.04.07 16:35:50.510,1.4329,1.43305,2.40,1.60
2010.04.07 16:35:51.984,1.4329,1.43305,2.40,5.60
2010.04.07 16:35:52.328,1.4329,1.43305,2.40,8.00
2010.04.07 16:35:53.004,1.4329,1.43305,2.40,12.00
2010.04.07 16:36:00.712,1.4329,1.43305,1.60,12.00
2010.04.07 16:36:01.572,1.4329,1.43305,2.40,12.00
2010.04.07 16:36:03.522,1.43285,1.43305,5.20,12.00
2010.04.07 16:36:03.803,1.43285,1.43305,6.00,13.60
2010.04.07 16:36:04.402,1.4329,1.43305,3.20,7.20
2010.04.07 16:36:04.566,1.4329,1.43305,2.40,1.60
2010.04.07 16:36:06.588,1.4329,1.43305,3.20,1.60
2010.04.07 16:36:18.221,1.4329,1.43305,2.40,1.60
2010.04.07 16:36:20.164,1.43285,1.43305,8.50,5.60
2010.04.07 16:36:20.429,1.43285,1.43305,8.00,9.60
2010.04.07 16:36:26.316,1.43285,1.43305,8.50,9.60
2010.04.07 16:36:26.566,1.43285,1.43305,9.00,9.60
2010.04.07 16:36:26.737,1.43285,1.43305,9.00,5.60
2010.04.07 16:36:28.098,1.43285,1.43305,10.20,2.40
2010.04.07 16:36:28.196,1.43285,1.43305,9.70,2.40
2010.04.07 16:36:29.027,1.43285,1.43305,11.30,2.40
2010.04.07 16:36:30.507,1.4329,1.4331,6.40,10.00
2010.04.07 16:36:30.831,1.4329,1.4331,6.80,4.40
2010.04.07 16:36:31.466,1.4329,1.4331,7.20,4.00
2010.04.07 16:36:33.719,1.4329,1.4331,7.20,8.00
2010.04.07 16:36:35.394,1.4329,1.4331,7.20,12.80
2010.04.07 16:36:35.597,1.4329,1.4331,6.40,8.80
2010.04.07 16:36:35.796,1.4329,1.4331,6.40,8.00
2010.04.07 16:36:36.233,1.4329,1.4331,6.40,6.40
2010.04.07 16:36:36.459,1.4329,1.4331,7.20,6.40
2010.04.07 16:36:37.545,1.4329,1.4331,8.80,6.40
2010.04.07 16:36:37.855,1.4329,1.4331,4.80,6.40
2010.04.07 16:36:40.585,1.4329,1.4331,8.80,6.40
2010.04.07 16:36:42.279,1.4329,1.4331,2.80,10.40
2010.04.07 16:36:43.004,1.4329,1.4331,3.20,10.40
2010.04.07 16:36:44.023,1.4329,1.4331,3.80,10.40
2010.04.07 16:36:44.082,1.4329,1.4331,7.80,2.40
2010.04.07 16:36:44.687,1.43295,1.4331,1.00,2.40
2010.04.07 16:36:57.061,1.4329,1.4331,3.20,6.40
2010.04.07 16:36:57.252,1.4329,1.4331,7.20,2.40
2010.04.07 16:36:57.442,1.4329,1.4331,7.60,2.40
2010.04.07 16:36:58.458,1.43295,1.4331,1.00,2.40
2010.04.07 16:37:02.579,1.43295,1.4331,1.00,2.40
2010.04.07 16:37:03.359,1.43295,1.43315,2.80,10.40
2010.04.07 16:37:03.940,1.43295,1.43315,8.40,6.40
2010.04.07 16:37:04.184,1.43295,1.43315,8.80,6.40
2010.04.07 16:37:04.685,1.43295,1.43315,12.80,2.40
2010.04.07 16:37:05.535,1.43295,1.43315,8.80,2.40
2010.04.07 16:37:05.772,1.43295,1.43315,10.40,2.40
2010.04.07 16:37:08.470,1.433,1.43315,2.40,4.00
2010.04.07 16:37:09.073,1.433,1.4332,1.00,12.40
2010.04.07 16:37:09.197,1.43295,1.4332,13.60,12.40
2010.04.07 16:37:09.327,1.43295,1.4332,8.40,12.40
2010.04.07 16:37:11.286,1.43295,1.4332,9.20,12.40
2010.04.07 16:37:11.417,1.433,1.4332,4.00,12.40
2010.04.07 16:37:11.897,1.433,1.4332,6.40,7.60
2010.04.07 16:37:12.025,1.433,1.4332,6.80,4.00
2010.04.07 16:37:12.162,1.433,1.4332,10.80,2.40
2010.04.07 16:37:12.293,1.433,1.4332,11.60,2.40
2010.04.07 16:37:12.638,1.433,1.4332,7.60,2.40
2010.04.07 16:37:13.316,1.433,1.4332,7.50,2.40
2010.04.07 16:37:13.657,1.433,1.4332,9.10,2.40
2010.04.07 16:37:14.284,1.4331,1.43325,2.40,9.60
2010.04.07 16:37:14.476,1.4331,1.4333,2.80,10.00
2010.04.07 16:37:14.925,1.4331,1.4333,6.80,9.60
2010.04.07 16:37:15.525,1.4331,1.4333,6.80,8.00
2010.04.07 16:37:16.137,1.4331,1.43325,4.00,2.40
2010.04.07 16:37:16.636,1.43305,1.43325,9.20,6.40
2010.04.07 16:37:16.725,1.43305,1.43325,8.90,6.40
2010.04.07 16:37:16.995,1.4331,1.43325,1.00,6.40
2010.04.07 16:37:17.175,1.4331,1.43325,1.00,2.40
2010.04.07 16:37:21.726,1.43305,1.4332,1.00,2.40
2010.04.07 16:37:22.222,1.433,1.4332,17.20,2.40
2010.04.07 16:37:22.408,1.43305,1.4332,1.00,2.40
2010.04.07 16:37:25.562,1.43305,1.4332,1.00,2.40
2010.04.07 16:37:26.434,1.43305,1.4332,1.00,2.40
2010.04.07 16:37:28.205,1.43305,1.43325,2.80,16.00
2010.04.07 16:37:28.518,1.43305,1.43325,8.40,7.20
2010.04.07 16:37:29.036,1.43305,1.43325,8.40,6.40
2010.04.07 16:37:29.281,1.43305,1.43325,12.40,2.40
2010.04.07 16:37:29.793,1.4331,1.43325,1.00,2.40
2010.04.07 16:37:30.074,1.43315,1.4333,1.00,11.60
2010.04.07 16:37:30.355,1.4331,1.4333,11.60,2.80
2010.04.07 16:37:31.105,1.4331,1.4333,11.20,2.40
2010.04.07 16:37:33.631,1.4331,1.4333,11.20,3.20
2010.04.07 16:37:33.973,1.43315,1.43335,7.20,16.00
2010.04.07 16:37:34.183,1.43315,1.4333,4.80,2.40
2010.04.07 16:37:34.393,1.4331,1.4333,8.40,6.80
2010.04.07 16:37:34.600,1.4331,1.4333,7.60,6.40
2010.04.07 16:37:34.812,1.4331,1.4333,12.00,2.40
2010.04.07 16:37:35.020,1.4331,1.4333,11.20,2.40
2010.04.07 16:37:35.171,1.4331,1.4333,11.20,4.00
2010.04.07 16:37:35.325,1.4331,1.4333,10.80,2.40
2010.04.07 16:37:35.472,1.4331,1.4333,6.80,6.40
2010.04.07 16:37:35.620,1.4331,1.4333,11.60,2.40
2010.04.07 16:37:36.120,1.4331,1.4333,12.40,2.80
2010.04.07 16:37:36.262,1.4331,1.4333,11.60,2.40
2010.04.07 16:37:36.406,1.4331,1.4333,11.60,3.20
2010.04.07 16:37:36.541,1.4331,1.43325,9.20,2.40
2010.04.07 16:37:36.679,1.4331,1.4333,11.60,2.40
2010.04.07 16:37:36.821,1.4331,1.4333,12.00,2.40
2010.04.07 16:37:37.092,1.4331,1.4333,11.60,2.40
2010.04.07 16:37:37.690,1.4331,1.4333,12.00,2.40
2010.04.07 16:37:38.029,1.43305,1.43325,15.60,2.40
2010.04.07 16:37:38.374,1.43305,1.43325,14.00,2.40
2010.04.07 16:37:38.673,1.4331,1.4333,10.40,4.00
2010.04.07 16:37:38.971,1.4331,1.4333,10.80,2.80
2010.04.07 16:37:39.272,1.4331,1.4333,11.60,2.40
2010.04.07 16:37:40.174,1.4331,1.43325,9.20,2.40
2010.04.07 16:37:40.444,1.43305,1.43325,14.80,2.40
2010.04.07 16:37:40.723,1.4331,1.4333,3.20,10.80
2010.04.07 16:37:41.001,1.4331,1.4333,8.00,6.80
2010.04.07 16:37:41.270,1.4331,1.4333,12.40,2.40
2010.04.07 16:37:43.618,1.4331,1.4333,12.00,2.40
2010.04.07 16:37:43.763,1.43315,1.43335,2.80,11.60
2010.04.07 16:37:43.909,1.43315,1.43335,6.80,11.60
2010.04.07 16:37:44.058,1.43315,1.43335,6.80,10.80
2010.04.07 16:37:44.359,1.43315,1.43335,10.80,6.80
2010.04.07 16:37:45.242,1.43315,1.43335,6.80,6.80
2010.04.07 16:37:45.600,1.43315,1.4333,1.00,12.00
2010.04.07 16:37:45.925,1.4331,1.4333,8.00,4.00
2010.04.07 16:37:46.199,1.4331,1.4333,7.60,4.00
2010.04.07 16:37:46.867,1.4331,1.43325,1.20,2.40
2010.04.07 16:37:47.153,1.43305,1.43325,14.80,2.40
2010.04.07 16:37:47.423,1.4331,1.4333,2.40,14.00
2010.04.07 16:37:47.691,1.4331,1.4333,6.80,4.00
2010.04.07 16:37:49.276,1.4331,1.43325,4.40,2.40
2010.04.07 16:37:49.604,1.4331,1.4333,7.20,4.40
2010.04.07 16:37:49.766,1.4331,1.4333,8.00,4.00
2010.04.07 16:37:50.251,1.4331,1.4333,7.60,8.00
2010.04.07 16:37:51.083,1.4331,1.4333,7.60,9.60
2010.04.07 16:37:51.442,1.433,1.4332,9.20,2.40
2010.04.07 16:37:51.739,1.433,1.4332,8.40,2.40
2010.04.07 16:37:51.890,1.433,1.4332,8.80,2.40
2010.04.07 16:37:53.032,1.433,1.4332,8.40,2.40
2010.04.07 16:37:53.380,1.433,1.4332,12.40,2.40
2010.04.07 16:37:53.958,1.433,1.4332,12.40,3.20
2010.04.07 16:37:54.139,1.433,1.43315,8.40,2.40
2010.04.07 16:37:54.319,1.433,1.4332,8.40,7.20
2010.04.07 16:37:54.496,1.433,1.4332,11.20,2.40
2010.04.07 16:37:54.675,1.433,1.4332,12.40,2.40
2010.04.07 16:37:58.750,1.433,1.4332,12.40,4.00
2010.04.07 16:38:00.061,1.433,1.43315,10.00,2.40
2010.04.07 16:38:00.275,1.433,1.43315,4.80,2.40
2010.04.07 16:38:00.474,1.433,1.43315,1.00,2.40
2010.04.07 16:38:00.686,1.43295,1.43315,16.40,8.00
2010.04.07 16:38:00.897,1.43295,1.43315,15.60,8.00
2010.04.07 16:38:01.673,1.43295,1.43315,15.20,8.00
2010.04.07 16:38:02.019,1.43295,1.43315,15.20,10.40
2010.04.07 16:38:03.944,1.43295,1.43315,14.40,10.40
2010.04.07 16:38:04.434,1.43295,1.43315,12.40,10.40
2010.04.07 16:38:04.533,1.43295,1.43315,7.20,10.40
2010.04.07 16:38:04.635,1.43295,1.4331,1.00,2.40
2010.04.07 16:38:04.734,1.43295,1.4331,1.00,4.00
2010.04.07 16:38:04.833,1.4329,1.4331,10.40,8.00
2010.04.07 16:38:04.933,1.4329,1.4331,5.20,8.00
2010.04.07 16:38:05.593,1.4329,1.4331,6.00,8.00
2010.04.07 16:38:05.852,1.4329,1.4331,5.60,8.00
2010.04.07 16:38:06.934,1.4329,1.43305,4.80,1.60
2010.04.07 16:38:07.101,1.4329,1.43305,4.00,1.60
2010.04.07 16:38:07.258,1.4329,1.43305,4.80,3.20
2010.04.07 16:38:07.415,1.4329,1.43305,3.20,3.20
2010.04.07 16:38:08.166,1.4329,1.43305,2.40,3.20
2010.04.07 16:38:08.952,1.4329,1.43305,3.20,3.20
2010.04.07 16:38:11.235,1.4329,1.43305,2.40,3.20
2010.04.07 16:38:11.894,1.4329,1.43305,3.20,3.20
2010.04.07 16:38:12.091,1.4329,1.43305,2.40,3.20
2010.04.07 16:38:12.282,1.43285,1.43305,20.80,9.60
2010.04.07 16:38:12.383,1.43285,1.43305,16.80,9.60
2010.04.07 16:38:13.662,1.4329,1.43305,3.20,3.20
2010.04.07 16:38:14.010,1.4329,1.4331,3.60,11.20
2010.04.07 16:38:14.146,1.4329,1.4331,4.40,11.20
2010.04.07 16:38:14.284,1.4329,1.4331,5.20,11.20
2010.04.07 16:38:15.436,1.4329,1.4331,4.80,13.60
2010.04.07 16:38:15.962,1.4329,1.43305,4.80,1.60
2010.04.07 16:38:16.223,1.4329,1.43305,3.20,3.20
2010.04.07 16:38:17.034,1.4329,1.4331,9.20,3.20
2010.04.07 16:38:21.359,1.43295,1.4331,1.00,1.60
2010.04.07 16:38:21.531,1.4329,1.4331,13.20,1.60
2010.04.07 16:38:21.829,1.4329,1.4331,13.60,1.60
2010.04.07 16:38:21.980,1.43295,1.4331,1.00,1.60
2010.04.07 16:38:22.661,1.4329,1.4331,13.60,1.60
2010.04.07 16:38:23.424,1.4329,1.4331,5.20,8.00
2010.04.07 16:38:23.678,1.4329,1.4331,5.60,8.00
2010.04.07 16:38:25.760,1.4329,1.4331,5.20,12.00
2010.04.07 16:38:25.912,1.43295,1.43305,1.00,4.00
2010.04.07 16:38:26.529,1.43295,1.4331,1.00,5.60
2010.04.07 16:38:26.873,1.43295,1.4331,1.00,1.60
2010.04.07 16:38:27.559,1.43295,1.43315,1.00,12.00
2010.04.07 16:38:27.857,1.43295,1.43315,1.00,11.20
2010.04.07 16:38:30.548,1.43295,1.43315,1.00,11.20
2010.04.07 16:38:31.098,1.43295,1.43315,1.00,7.20
2010.04.07 16:38:32.246,1.43295,1.43315,1.00,7.20
2010.04.07 16:38:36.597,1.43295,1.4331,1.00,1.60
2010.04.07 16:38:37.126,1.43295,1.4331,1.00,9.60
2010.04.07 16:38:37.465,1.4329,1.4331,6.00,9.60
2010.04.07 16:38:37.804,1.4329,1.4331,5.20,9.60
2010.04.07 16:38:42.835,1.4329,1.4331,5.20,12.00
2010.04.07 16:38:43.028,1.4329,1.4331,3.60,13.60
2010.04.07 16:38:43.970,1.4329,1.4331,3.20,13.60
2010.04.07 16:38:47.613,1.4329,1.4331,2.40,13.60
2010.04.07 16:38:47.796,1.4329,1.43305,2.40,4.00
2010.04.07 16:38:49.907,1.43285,1.43305,16.80,6.40
2010.04.07 16:38:49.942,1.43285,1.43305,12.00,6.40
2010.04.07 16:38:50.092,1.43285,1.43305,11.20,6.40
2010.04.07 16:38:50.466,1.43285,1.43305,11.20,10.40
2010.04.07 16:38:52.047,1.43285,1.43305,6.00,12.00
2010.04.07 16:38:52.198,1.43285,1.433,2.00,6.40
2010.04.07 16:38:52.397,1.43285,1.433,1.20,10.40
2010.04.07 16:38:52.597,1.43285,1.433,1.00,10.40
2010.04.07 16:38:54.334,1.43285,1.433,1.00,12.00
2010.04.07 16:38:54.692,1.43285,1.433,1.00,13.60
2010.04.07 16:39:02.762,1.43285,1.433,1.00,5.60
2010.04.07 16:39:08.037,1.43285,1.433,1.00,13.60
2010.04.07 16:39:11.519,1.43295,1.433,4.00,1.60
2010.04.07 16:39:11.632,1.43295,1.43305,4.00,4.80
2010.04.07 16:39:12.130,1.43295,1.4331,8.00,2.00
2010.04.07 16:39:12.243,1.43295,1.43315,10.40,5.60
2010.04.07 16:39:12.789,1.43295,1.43315,10.40,4.00
2010.04.07 16:39:13.467,1.43295,1.43315,2.40,12.00
2010.04.07 16:39:13.808,1.43295,1.43315,2.40,13.60
2010.04.07 16:39:13.977,1.43295,1.43315,2.40,14.40
2010.04.07 16:39:14.502,1.4329,1.43315,8.40,14.40
2010.04.07 16:39:15.255,1.4329,1.43315,7.60,14.40
2010.04.07 16:39:16.209,1.4329,1.4331,7.60,1.60
2010.04.07 16:39:16.635,1.4329,1.4331,3.60,9.60
2010.04.07 16:39:17.570,1.43285,1.43305,22.40,2.40
2010.04.07 16:39:17.811,1.43285,1.43305,18.40,2.40
2010.04.07 16:39:18.293,1.4329,1.4331,2.40,12.00
2010.04.07 16:39:19.051,1.4329,1.4331,3.60,9.60
2010.04.07 16:39:19.864,1.4329,1.43305,3.60,2.40
2010.04.07 16:39:19.996,1.4329,1.43305,2.40,2.40
2010.04.07 16:39:20.505,1.43285,1.43305,18.40,2.40
2010.04.07 16:39:23.883,1.4329,1.43305,1.00,2.40
2010.04.07 16:39:27.636,1.43285,1.43305,16.80,2.40
2010.04.07 16:39:27.883,1.43285,1.43305,17.20,2.40
2010.04.07 16:39:33.274,1.4329,1.4331,3.20,11.20
2010.04.07 16:39:33.463,1.4329,1.4331,11.20,3.20
2010.04.07 16:39:33.802,1.4329,1.4331,7.60,7.20
2010.04.07 16:39:36.712,1.4329,1.43305,6.80,2.40
2010.04.07 16:39:36.961,1.43285,1.43305,16.80,2.40
2010.04.07 16:39:39.511,1.4329,1.43305,1.00,2.40
2010.04.07 16:39:39.701,1.4329,1.4331,7.20,11.20
2010.04.07 16:39:39.890,1.4329,1.4331,7.60,7.20
2010.04.07 16:39:45.739,1.4329,1.4331,7.60,5.60
2010.04.07 16:39:48.818,1.4329,1.4331,7.60,1.60
2010.04.07 16:39:53.379,1.4329,1.43315,7.60,14.40
2010.04.07 16:39:53.556,1.4329,1.43315,7.60,12.00
2010.04.07 16:39:54.149,1.4329,1.43315,11.60,12.00
2010.04.07 16:39:57.478,1.4329,1.43315,7.20,14.40
2010.04.07 16:39:57.776,1.4329,1.43315,11.20,14.40
2010.04.07 16:39:58.076,1.43295,1.43315,1.00,13.60
2010.04.07 16:39:59.011,1.43295,1.43315,1.00,12.00
2010.04.07 16:40:01.756,1.43295,1.43315,4.40,1.60
2010.04.07 16:40:02.237,1.43295,1.43315,5.20,1.60
2010.04.07 16:40:03.374,1.43295,1.43315,7.60,1.60
2010.04.07 16:40:04.121,1.433,1.43315,1.00,1.60
2010.04.07 16:40:04.246,1.43295,1.43315,9.20,1.60
2010.04.07 16:40:04.854,1.43295,1.43315,8.40,1.60
2010.04.07 16:40:05.114,1.43295,1.43315,4.80,1.60
2010.04.07 16:40:05.974,1.43295,1.43315,4.80,4.00
2010.04.07 16:40:06.175,1.43295,1.43315,1.00,12.00
2010.04.07 16:40:06.343,1.43295,1.43315,1.00,12.00
2010.04.07 16:40:07.101,1.43295,1.43315,5.00,1.60
2010.04.07 16:40:07.546,1.43295,1.43315,4.40,1.60
2010.04.07 16:40:08.073,1.43295,1.43315,4.80,1.60
2010.04.07 16:40:08.348,1.43295,1.43315,11.60,1.60
2010.04.07 16:40:08.514,1.43295,1.43315,12.40,1.60
2010.04.07 16:40:09.003,1.43295,1.43315,11.60,1.60
2010.04.07 16:40:09.643,1.43295,1.43315,9.20,1.60
2010.04.07 16:40:09.767,1.43295,1.43315,8.80,1.60
2010.04.07 16:40:10.963,1.43295,1.43315,9.20,1.60
2010.04.07 16:40:11.242,1.43295,1.43315,5.20,1.60
2010.04.07 16:40:11.799,1.43295,1.43315,1.00,12.00
2010.04.07 16:40:11.864,1.43295,1.43315,1.00,12.00
2010.04.07 16:40:12.492,1.43295,1.43315,4.40,1.60
2010.04.07 16:40:12.622,1.43295,1.43315,5.00,1.60
2010.04.07 16:40:17.483,1.43295,1.4331,1.00,4.00
2010.04.07 16:40:17.621,1.4329,1.4331,5.90,4.00
2010.04.07 16:40:17.763,1.4329,1.4331,5.20,4.00
2010.04.07 16:40:17.901,1.4329,1.4331,5.20,8.00
2010.04.07 16:40:21.880,1.4329,1.4331,9.80,4.00
2010.04.07 16:40:21.991,1.4329,1.43315,13.60,4.00
2010.04.07 16:40:22.211,1.43295,1.4332,4.00,14.40
2010.04.07 16:40:22.321,1.43295,1.43315,4.00,2.40
2010.04.07 16:40:22.430,1.4329,1.43315,14.60,6.40
2010.04.07 16:40:22.541,1.4329,1.43315,13.80,10.40
2010.04.07 16:40:23.380,1.43295,1.43315,1.00,6.40
2010.04.07 16:40:23.726,1.4329,1.43305,13.20,2.40
2010.04.07 16:40:23.841,1.4329,1.43305,9.20,2.40
2010.04.07 16:40:24.070,1.4329,1.43305,1.20,2.40
2010.04.07 16:40:24.189,1.4329,1.43305,1.00,2.40
2010.04.07 16:40:30.741,1.4329,1.4331,3.20,8.00
2010.04.07 16:40:30.971,1.4329,1.43305,1.00,2.40
2010.04.07 16:40:34.506,1.4329,1.43305,4.80,2.40
2010.04.07 16:40:34.677,1.4329,1.43315,11.60,12.40
2010.04.07 16:40:35.165,1.4329,1.43315,11.60,12.00
2010.04.07 16:40:35.595,1.4329,1.43315,12.00,12.00
2010.04.07 16:40:42.229,1.4329,1.43315,12.00,9.60
2010.04.07 16:40:42.746,1.4329,1.43315,12.00,12.00
2010.04.07 16:40:44.567,1.4329,1.43315,11.60,9.60
2010.04.07 16:40:44.780,1.43295,1.43305,4.00,2.40
2010.04.07 16:40:45.343,1.4329,1.43305,1.00,2.40
2010.04.07 16:40:46.114,1.43285,1.43305,18.00,2.40
2010.04.07 16:40:46.459,1.4329,1.4331,3.20,11.20
2010.04.07 16:40:47.075,1.4329,1.4331,3.60,11.20
2010.04.07 16:41:01.972,1.4329,1.4331,3.60,8.00
2010.04.07 16:41:02.182,1.4329,1.4331,7.60,4.00
2010.04.07 16:41:02.393,1.4329,1.4331,12.00,6.40
2010.04.07 16:41:03.356,1.43285,1.43305,10.00,6.40
2010.04.07 16:41:03.714,1.4329,1.4331,2.40,11.20
2010.04.07 16:41:03.952,1.43285,1.4331,8.40,15.20
2010.04.07 16:41:04.191,1.43285,1.43305,1.00,8.00
2010.04.07 16:41:09.459,1.43285,1.43305,6.40,8.00
2010.04.07 16:41:09.619,1.4329,1.4331,2.40,16.00
2010.04.07 16:41:09.780,1.4329,1.4331,2.40,14.40
2010.04.07 16:41:10.742,1.4329,1.4331,2.40,13.60
2010.04.07 16:41:10.859,1.4329,1.4331,6.40,9.60
2010.04.07 16:41:12.608,1.4329,1.4331,2.40,9.60
2010.04.07 16:41:13.511,1.4329,1.4331,2.40,13.60
2010.04.07 16:41:17.018,1.4329,1.4331,6.80,9.60
2010.04.07 16:41:19.556,1.4329,1.4331,6.80,6.40
2010.04.07 16:41:19.878,1.4329,1.4331,6.80,2.40
2010.04.07 16:41:20.443,1.4329,1.4331,6.80,6.40
2010.04.07 16:41:22.465,1.4329,1.4331,6.80,2.40
2010.04.07 16:41:22.687,1.4329,1.4331,7.20,6.40
2010.04.07 16:41:23.191,1.4329,1.4331,8.40,2.40
2010.04.07 16:41:23.541,1.4329,1.4331,12.40,2.40
2010.04.07 16:41:23.889,1.4329,1.4331,8.80,2.40
2010.04.07 16:41:24.766,1.43295,1.4331,1.00,2.40
2010.04.07 16:41:26.698,1.4329,1.4331,13.00,2.40
2010.04.07 16:41:27.614,1.4329,1.4331,12.90,2.40
2010.04.07 16:41:28.055,1.43295,1.4331,1.00,2.40
2010.04.07 16:41:45.159,1.43295,1.4331,4.40,2.40
2010.04.07 16:41:45.341,1.43295,1.4331,1.00,2.40
2010.04.07 16:41:49.031,1.43295,1.4331,4.40,2.40
2010.04.07 16:41:51.848,1.43295,1.4331,1.00,2.40
2010.04.07 16:41:53.650,1.43295,1.4331,4.40,2.40
2010.04.07 16:41:53.880,1.43295,1.4331,1.00,2.40
2010.04.07 16:42:00.469,1.4329,1.4331,13.30,2.40
2010.04.07 16:42:01.126,1.43295,1.4331,4.40,2.40
2010.04.07 16:42:02.498,1.43295,1.4331,5.20,2.40
2010.04.07 16:42:02.710,1.433,1.43315,2.80,4.80
2010.04.07 16:42:03.211,1.433,1.43315,2.80,4.00
2010.04.07 16:42:03.433,1.433,1.4332,6.80,6.40
2010.04.07 16:42:08.374,1.433,1.4332,6.40,7.20
2010.04.07 16:42:08.545,1.433,1.4332,4.00,8.00
2010.04.07 16:42:08.885,1.433,1.4332,4.40,8.00
2010.04.07 16:42:09.054,1.433,1.4332,1.00,12.00
2010.04.07 16:42:11.207,1.43295,1.4332,10.80,12.00
2010.04.07 16:42:11.416,1.433,1.4332,4.00,8.00
2010.04.07 16:42:11.624,1.433,1.4332,4.00,9.60
2010.04.07 16:42:11.837,1.433,1.4332,4.40,8.00
2010.04.07 16:42:12.475,1.433,1.4332,1.00,8.00
2010.04.07 16:42:13.483,1.43295,1.4332,10.70,8.00
2010.04.07 16:42:13.735,1.43295,1.4332,10.50,12.00
2010.04.07 16:42:13.985,1.433,1.4332,6.80,8.00
2010.04.07 16:42:14.638,1.433,1.4332,4.80,8.00
2010.04.07 16:42:14.819,1.43295,1.4332,10.00,13.60
2010.04.07 16:42:15.653,1.43295,1.4332,10.00,9.60
2010.04.07 16:42:16.403,1.43295,1.4332,8.40,9.60
2010.04.07 16:42:17.146,1.433,1.4332,4.00,9.60
2010.04.07 16:42:19.552,1.433,1.4332,4.00,8.80
2010.04.07 16:42:19.695,1.433,1.43315,4.00,1.60
2010.04.07 16:42:19.833,1.433,1.4332,4.00,10.80
2010.04.07 16:42:19.973,1.43295,1.43315,4.40,4.00
2010.04.07 16:42:20.457,1.43295,1.43315,1.00,8.00
2010.04.07 16:42:20.817,1.433,1.4332,8.00,6.40
2010.04.07 16:42:21.164,1.43295,1.4332,9.20,14.40
2010.04.07 16:42:22.064,1.433,1.4332,8.00,6.40
2010.04.07 16:42:22.651,1.43295,1.4332,10.00,14.40
2010.04.07 16:42:22.990,1.43295,1.4332,10.00,12.80
2010.04.07 16:42:23.343,1.43295,1.4332,10.80,12.80
2010.04.07 16:42:23.523,1.43295,1.4332,10.80,11.20
2010.04.07 16:42:24.049,1.433,1.4332,1.00,7.20
2010.04.07 16:42:24.410,1.43305,1.43325,8.40,2.40
2010.04.07 16:42:24.753,1.43305,1.43325,4.40,1.60
2010.04.07 16:42:25.861,1.433,1.4332,12.40,4.00
2010.04.07 16:42:26.126,1.433,1.43325,11.60,16.00
2010.04.07 16:42:26.394,1.433,1.4332,6.80,2.40
2010.04.07 16:42:26.664,1.433,1.4332,14.20,2.40
2010.04.07 16:42:27.336,1.43305,1.4332,1.00,2.40
2010.04.07 16:42:27.688,1.43305,1.4332,4.40,2.40
2010.04.07 16:42:29.790,1.43305,1.4332,4.40,3.20
2010.04.07 16:42:30.902,1.43305,1.4332,1.00,3.20
2010.04.07 16:42:31.630,1.433,1.4332,13.20,3.20
2010.04.07 16:42:31.889,1.433,1.4332,13.80,3.20
2010.04.07 16:42:35.897,1.433,1.4332,13.00,3.20
2010.04.07 16:42:36.198,1.43305,1.4332,4.40,3.20
2010.04.07 16:42:38.026,1.4331,1.43325,2.40,6.00
2010.04.07 16:42:38.261,1.4331,1.43325,2.80,4.00
2010.04.07 16:42:38.500,1.4331,1.4333,2.80,13.20
2010.04.07 16:42:38.927,1.4331,1.4333,2.80,12.80
2010.04.07 16:42:40.357,1.4331,1.4333,6.80,8.80
2010.04.07 16:42:40.812,1.4331,1.4333,10.80,4.80
2010.04.07 16:42:40.979,1.43305,1.43325,6.80,2.40
2010.04.07 16:42:41.671,1.43305,1.43325,8.40,8.00
2010.04.07 16:42:42.439,1.4331,1.43325,2.40,1.60
2010.04.07 16:42:42.681,1.43305,1.43325,4.40,1.60
2010.04.07 16:42:43.139,1.43305,1.43325,4.40,5.60
2010.04.07 16:42:43.478,1.43305,1.4333,4.40,16.40
2010.04.07 16:42:45.087,1.43305,1.4332,1.00,4.00
2010.04.07 16:42:45.270,1.43305,1.4333,4.40,16.40
2010.04.07 16:42:45.706,1.43305,1.4333,4.40,16.00
2010.04.07 16:42:46.347,1.43305,1.43325,4.00,4.00
2010.04.07 16:42:46.746,1.43305,1.4333,4.40,16.00
2010.04.07 16:42:47.494,1.43305,1.4333,4.40,17.60
2010.04.07 16:42:47.703,1.43305,1.4333,4.40,16.00
2010.04.07 16:42:48.516,1.43305,1.4333,8.40,17.60
2010.04.07 16:42:48.719,1.433,1.4332,13.60,2.40
2010.04.07 16:42:49.021,1.433,1.4332,13.20,2.40
2010.04.07 16:42:49.316,1.433,1.4332,12.80,2.40
2010.04.07 16:42:51.465,1.433,1.4332,14.00,2.40
2010.04.07 16:42:51.623,1.433,1.4332,14.40,2.40
2010.04.07 16:42:58.333,1.43305,1.43325,4.40,4.00
2010.04.07 16:42:58.596,1.43305,1.4333,4.40,14.40
2010.04.07 16:43:00.891,1.4331,1.4333,2.80,14.40
2010.04.07 16:43:01.056,1.4331,1.4333,6.80,8.00
2010.04.07 16:43:03.320,1.4331,1.4333,6.80,4.00
2010.04.07 16:43:08.260,1.4331,1.43325,2.80,4.00
2010.04.07 16:43:14.737,1.43305,1.43325,6.40,10.40
2010.04.07 16:43:15.040,1.43305,1.43325,6.00,10.40
2010.04.07 16:43:18.137,1.43305,1.43325,14.00,2.40
2010.04.07 16:43:18.458,1.43305,1.43325,12.80,2.40
2010.04.07 16:43:18.778,1.43305,1.43325,10.40,6.40
2010.04.07 16:43:19.404,1.43305,1.4332,6.80,1.00
2010.04.07 16:43:19.648,1.43305,1.4332,8.40,1.00
2010.04.07 16:43:20.179,1.43305,1.4332,9.10,1.00
2010.04.07 16:43:20.377,1.43305,1.4332,13.10,1.00
2010.04.07 16:43:20.478,1.43305,1.4332,12.40,1.00
2010.04.07 16:43:21.001,1.43305,1.4332,8.40,1.00
2010.04.07 16:43:23.683,1.43305,1.4332,6.80,1.00
2010.04.07 16:43:24.028,1.43305,1.4332,10.80,1.00
2010.04.07 16:43:24.372,1.43305,1.43325,10.80,2.40
2010.04.07 16:43:25.484,1.43305,1.43325,6.80,4.00
2010.04.07 16:43:25.597,1.43305,1.43325,6.80,9.60
2010.04.07 16:43:26.005,1.43305,1.43325,6.80,10.40
2010.04.07 16:43:27.730,1.43305,1.4332,6.80,1.60
2010.04.07 16:43:27.881,1.433,1.4332,2.80,10.40
2010.04.07 16:43:28.027,1.433,1.4332,2.80,9.20
2010.04.07 16:43:28.167,1.433,1.4332,2.40,12.80
2010.04.07 16:43:28.816,1.433,1.4332,2.80,6.40
2010.04.07 16:43:30.785,1.433,1.4332,6.80,6.40
2010.04.07 16:43:32.509,1.433,1.4332,8.80,6.40
2010.04.07 16:43:32.777,1.43305,1.4332,4.00,2.40
2010.04.07 16:43:33.045,1.433,1.4332,9.10,6.40
2010.04.07 16:43:33.654,1.433,1.4332,8.40,6.40
2010.04.07 16:43:34.302,1.433,1.4332,9.10,6.40
2010.04.07 16:43:34.337,1.433,1.4332,9.10,7.20
2010.04.07 16:43:34.394,1.433,1.4332,9.10,11.20
2010.04.07 16:43:34.423,1.433,1.43315,5.10,4.00
2010.04.07 16:43:34.454,1.433,1.43315,2.30,6.40
2010.04.07 16:43:34.543,1.433,1.43315,1.60,6.40
2010.04.07 16:43:36.373,1.433,1.43315,1.60,2.40
2010.04.07 16:43:39.729,1.43295,1.43315,8.40,8.00
2010.04.07 16:43:39.953,1.43295,1.43315,6.80,8.00
2010.04.07 16:43:40.033,1.43295,1.43315,6.80,6.40
2010.04.07 16:43:40.114,1.43295,1.43315,6.80,2.40
2010.04.07 16:43:40.823,1.43295,1.43315,9.20,2.40
2010.04.07 16:43:42.266,1.43295,1.43315,11.60,2.40
2010.04.07 16:43:42.457,1.433,1.4332,6.80,4.80
2010.04.07 16:43:42.641,1.433,1.4332,6.80,4.00
2010.04.07 16:43:42.824,1.433,1.4332,6.80,2.80
2010.04.07 16:43:43.484,1.433,1.4332,6.80,2.40
2010.04.07 16:43:52.379,1.433,1.4332,6.80,6.40
2010.04.07 16:43:53.412,1.433,1.4332,6.80,2.40
2010.04.07 16:43:54.508,1.433,1.4332,6.80,2.50
2010.04.07 16:43:55.625,1.433,1.4332,6.80,6.50
2010.04.07 16:44:05.728,1.433,1.4332,2.80,10.50
2010.04.07 16:44:13.249,1.43305,1.4332,2.80,1.00
2010.04.07 16:44:23.770,1.43305,1.4332,1.00,8.10
2010.04.07 16:44:24.056,1.433,1.43315,2.40,1.60
2010.04.07 16:44:24.912,1.43305,1.4332,1.00,2.50
2010.04.07 16:44:25.618,1.433,1.4332,6.80,8.10
2010.04.07 16:44:27.961,1.433,1.4332,2.80,8.10
2010.04.07 16:44:35.899,1.433,1.4332,2.80,9.70
2010.04.07 16:44:36.013,1.43295,1.43315,11.60,2.40
2010.04.07 16:44:36.542,1.43295,1.43315,13.60,2.40
2010.04.07 16:44:36.658,1.43295,1.43315,8.80,6.50
2010.04.07 16:44:37.102,1.433,1.43315,1.00,6.50
2010.04.07 16:44:38.139,1.43295,1.43315,8.40,6.50
2010.04.07 16:44:38.859,1.43295,1.43315,10.00,6.50
2010.04.07 16:44:39.702,1.43295,1.43315,10.00,6.40
2010.04.07 16:44:40.732,1.43295,1.43315,8.40,6.40
2010.04.07 16:44:44.739,1.43295,1.43315,8.40,8.00
2010.04.07 16:44:44.805,1.43295,1.43315,6.80,8.00
2010.04.07 16:44:46.629,1.43295,1.43315,8.40,8.00
2010.04.07 16:44:50.845,1.43295,1.43315,6.80,8.00
2010.04.07 16:44:50.996,1.43295,1.43315,8.40,8.00
2010.04.07 16:44:53.275,1.43295,1.4331,8.40,1.00
2010.04.07 16:44:53.568,1.4329,1.4331,13.20,3.20
2010.04.07 16:44:53.725,1.4329,1.4331,13.00,3.20
2010.04.07 16:44:53.890,1.4329,1.4331,12.80,2.40
2010.04.07 16:44:54.050,1.4329,1.4331,8.80,2.40
2010.04.07 16:44:54.214,1.43295,1.4331,1.00,2.40
2010.04.07 16:44:55.153,1.43295,1.4331,1.00,2.40
2010.04.07 16:44:56.314,1.43295,1.4331,1.00,2.40
2010.04.07 16:44:57.727,1.43295,1.4331,1.00,2.40
2010.04.07 16:45:01.506,1.433,1.43315,1.00,8.80
2010.04.07 16:45:01.857,1.433,1.43315,1.00,4.80
2010.04.07 16:45:03.273,1.433,1.4331,1.00,2.40
2010.04.07 16:45:03.950,1.43295,1.4331,1.00,2.40
2010.04.07 16:45:08.302,1.433,1.43315,1.00,9.60
2010.04.07 16:45:08.463,1.43295,1.43315,11.60,5.60
2010.04.07 16:45:09.333,1.43295,1.43315,10.80,4.80
2010.04.07 16:45:09.675,1.43295,1.43315,10.80,5.60
2010.04.07 16:45:09.851,1.43295,1.4331,4.00,2.40
2010.04.07 16:45:10.033,1.4329,1.4331,13.20,2.40
2010.04.07 16:45:12.113,1.4329,1.4331,12.80,2.40
2010.04.07 16:45:12.200,1.43295,1.4331,1.00,2.40
2010.04.07 16:45:14.529,1.43295,1.4331,8.40,2.40
2010.04.07 16:45:14.661,1.43295,1.43315,4.40,1.60
2010.04.07 16:45:15.399,1.43295,1.43315,6.00,1.60
2010.04.07 16:45:16.116,1.433,1.4332,1.00,13.60
2010.04.07 16:45:16.384,1.43295,1.4332,10.80,13.60
2010.04.07 16:45:17.246,1.433,1.4332,1.00,9.60
2010.04.07 16:45:17.540,1.433,1.4332,1.00,13.60
2010.04.07 16:45:26.313,1.43305,1.4332,1.00,3.20
2010.04.07 16:45:26.901,1.433,1.4332,13.20,3.20
2010.04.07 16:45:27.104,1.433,1.43315,10.80,1.60
2010.04.07 16:45:27.513,1.433,1.43315,11.50,1.60
2010.04.07 16:45:27.754,1.433,1.43315,6.80,1.60
2010.04.07 16:45:28.840,1.433,1.43315,2.80,1.60
2010.04.07 16:45:31.141,1.43305,1.43315,4.60,1.60
2010.04.07 16:45:31.416,1.433,1.43315,12.90,1.60
2010.04.07 16:45:31.697,1.433,1.43315,12.40,1.60
2010.04.07 16:45:32.427,1.433,1.43315,10.80,1.60
2010.04.07 16:45:35.346,1.433,1.4332,10.80,2.40
2010.04.07 16:45:35.883,1.4331,1.43325,1.00,4.00
2010.04.07 16:45:38.685,1.4331,1.43325,1.00,2.40
2010.04.07 16:45:39.025,1.43305,1.43325,10.80,2.40
2010.04.07 16:45:41.234,1.43305,1.43325,11.20,2.40
2010.04.07 16:45:44.172,1.43305,1.43325,10.00,2.40
2010.04.07 16:45:44.732,1.43305,1.43325,11.20,2.40
2010.04.07 16:45:53.256,1.43305,1.43325,11.60,2.40
2010.04.07 16:45:54.365,1.43305,1.43325,10.80,4.80
2010.04.07 16:45:55.030,1.43305,1.4332,4.40,2.40
2010.04.07 16:45:58.870,1.43305,1.43325,6.80,9.60
2010.04.07 16:45:59.128,1.43305,1.43325,11.30,4.80
2010.04.07 16:45:59.781,1.43305,1.4332,8.50,4.00
2010.04.07 16:45:59.951,1.433,1.4332,5.20,8.00
2010.04.07 16:46:00.120,1.433,1.4332,4.40,8.00
2010.04.07 16:46:00.295,1.433,1.4332,3.60,12.00
2010.04.07 16:46:00.459,1.433,1.4332,3.60,13.60
2010.04.07 16:46:04.996,1.433,1.4332,3.20,13.60
2010.04.07 16:46:06.298,1.43305,1.4332,1.00,9.60
2010.04.07 16:46:06.418,1.43305,1.4332,8.40,2.40
2010.04.07 16:46:06.537,1.433,1.4332,9.20,6.40
2010.04.07 16:46:06.658,1.433,1.4332,7.60,6.40
2010.04.07 16:46:06.778,1.433,1.4332,7.60,8.00
2010.04.07 16:46:06.899,1.433,1.43315,1.20,6.40
2010.04.07 16:46:07.389,1.433,1.4332,3.60,13.60
2010.04.07 16:46:07.849,1.433,1.4332,3.60,9.60
2010.04.07 16:46:12.050,1.433,1.43315,3.20,1.60
2010.04.07 16:46:12.143,1.433,1.43315,2.40,1.60
2010.04.07 16:46:19.075,1.433,1.43315,2.40,7.20
2010.04.07 16:46:19.216,1.43295,1.43315,5.60,9.60
2010.04.07 16:46:19.868,1.43295,1.43315,6.00,9.60
2010.04.07 16:46:20.015,1.43295,1.43315,6.00,10.00
2010.04.07 16:46:20.314,1.43295,1.43315,6.00,9.60
2010.04.07 16:46:20.465,1.43295,1.43315,6.00,10.00
2010.04.07 16:46:20.614,1.43295,1.43315,6.00,14.00
2010.04.07 16:46:23.072,1.433,1.43315,1.00,14.00
2010.04.07 16:46:23.392,1.433,1.43315,1.00,13.60
2010.04.07 16:46:26.021,1.433,1.4331,1.00,1.60
2010.04.07 16:46:26.617,1.433,1.43305,1.00,1.60
2010.04.07 16:46:26.814,1.4329,1.43305,4.40,1.60
2010.04.07 16:46:42.106,1.4329,1.43305,8.40,1.60
2010.04.07 16:46:45.416,1.4329,1.43305,6.00,4.00
2010.04.07 16:46:45.479,1.4329,1.43305,5.20,4.00
2010.04.07 16:46:45.639,1.4329,1.433,5.20,1.60
2010.04.07 16:46:45.698,1.4329,1.433,1.00,1.60
2010.04.07 16:46:46.219,1.43285,1.433,9.20,1.60
2010.04.07 16:46:53.997,1.43285,1.433,8.40,1.60
2010.04.07 16:46:54.228,1.43285,1.433,9.20,1.60
2010.04.07 16:46:58.315,1.43285,1.433,8.40,1.60
2010.04.07 16:46:58.887,1.43285,1.433,9.20,1.60
2010.04.07 16:47:02.419,1.43285,1.433,13.20,1.60
2010.04.07 16:47:02.864,1.4329,1.433,4.00,1.60
2010.04.07 16:47:03.083,1.43285,1.433,13.20,1.60
2010.04.07 16:47:05.102,1.43285,1.433,14.00,1.60
2010.04.07 16:47:07.963,1.4329,1.433,1.60,1.60
2010.04.07 16:47:15.542,1.43285,1.433,13.20,1.60
2010.04.07 16:47:29.936,1.43285,1.433,9.20,1.60
2010.04.07 16:47:30.929,1.43285,1.433,10.00,1.60
2010.04.07 16:47:31.596,1.43285,1.433,14.00,1.60
2010.04.07 16:47:36.385,1.43285,1.433,10.00,1.60
2010.04.07 16:47:39.424,1.4329,1.433,4.00,1.60
2010.04.07 16:47:40.156,1.43285,1.433,14.00,1.60
2010.04.07 16:47:49.291,1.4329,1.433,4.00,1.60
2010.04.07 16:47:50.162,1.43285,1.433,9.20,1.60
2010.04.07 16:47:51.458,1.43285,1.433,13.20,1.60
2010.04.07 16:47:51.775,1.43285,1.433,14.60,1.60
2010.04.07 16:47:52.092,1.43285,1.433,14.00,1.60
2010.04.07 16:47:55.512,1.43285,1.433,10.00,1.60
2010.04.07 16:47:56.154,1.43285,1.433,14.00,1.60
2010.04.07 16:48:04.690,1.43285,1.433,14.40,1.60
2010.04.07 16:48:05.934,1.43285,1.433,14.00,1.60
2010.04.07 16:48:07.596,1.43285,1.433,14.40,1.60
2010.04.07 16:48:08.877,1.4329,1.433,4.00,1.60
2010.04.07 16:48:09.049,1.4329,1.433,8.00,1.60
2010.04.07 16:48:10.133,1.4329,1.433,8.40,1.60
2010.04.07 16:48:11.916,1.4329,1.433,8.00,1.60
2010.04.07 16:48:13.505,1.4329,1.43305,8.00,2.40
2010.04.07 16:48:13.698,1.4329,1.43305,5.60,2.40
2010.04.07 16:48:14.134,1.4329,1.43305,4.00,2.40
2010.04.07 16:48:14.292,1.43285,1.43305,16.40,2.40
2010.04.07 16:48:16.294,1.43285,1.43305,14.80,2.40
2010.04.07 16:48:16.454,1.43285,1.43305,16.40,2.40
2010.04.07 16:48:19.046,1.43285,1.43305,12.40,6.40
2010.04.07 16:48:19.529,1.43285,1.43305,14.80,2.40
2010.04.07 16:48:20.916,1.43285,1.43305,10.80,2.40
2010.04.07 16:48:35.261,1.43285,1.43305,10.80,6.40
2010.04.07 16:48:35.325,1.43285,1.43305,11.60,6.40
2010.04.07 16:48:35.805,1.43285,1.43305,10.80,6.40
2010.04.07 16:48:38.774,1.43285,1.43305,9.20,2.40
2010.04.07 16:48:39.161,1.43285,1.43305,13.20,2.40
2010.04.07 16:48:39.352,1.43285,1.43305,9.20,2.40
2010.04.07 16:48:41.389,1.43285,1.43305,10.80,2.40
2010.04.07 16:48:41.519,1.43285,1.43305,10.80,7.20
2010.04.07 16:48:41.589,1.43285,1.43305,7.60,8.80
2010.04.07 16:48:41.661,1.43285,1.433,4.40,2.40
2010.04.07 16:48:41.729,1.43285,1.433,1.00,2.40
2010.04.07 16:48:42.319,1.43285,1.433,1.00,2.40
2010.04.07 16:48:43.250,1.43285,1.43305,2.80,13.60
2010.04.07 16:48:43.757,1.43285,1.43305,5.20,10.40
2010.04.07 16:48:43.883,1.43285,1.43305,9.20,6.40
2010.04.07 16:48:46.990,1.43285,1.43305,10.80,6.40
2010.04.07 16:48:47.308,1.43285,1.43305,13.20,6.40
2010.04.07 16:48:47.471,1.43285,1.43305,13.60,2.40
2010.04.07 16:48:47.632,1.43285,1.43305,13.20,2.40
2010.04.07 16:48:48.379,1.43285,1.43305,8.90,6.40
2010.04.07 16:48:49.058,1.43285,1.43305,8.50,6.40
2010.04.07 16:48:49.308,1.43285,1.43305,8.50,2.40
2010.04.07 16:48:49.556,1.43285,1.43305,12.50,2.40
2010.04.07 16:48:54.755,1.43285,1.433,12.50,1.60
2010.04.07 16:49:05.163,1.43285,1.433,12.90,1.60
2010.04.07 16:49:05.723,1.43285,1.433,12.50,1.60
2010.04.07 16:49:07.343,1.43285,1.433,8.50,1.60
2010.04.07 16:49:10.180,1.43285,1.433,12.50,1.60
2010.04.07 16:49:10.357,1.43285,1.433,8.50,1.60
2010.04.07 16:49:14.513,1.43285,1.433,8.90,1.60
2010.04.07 16:49:16.388,1.43285,1.433,12.50,1.60
2010.04.07 16:49:17.003,1.43285,1.433,8.50,1.60
2010.04.07 16:49:19.411,1.43285,1.433,8.90,1.60
2010.04.07 16:49:28.667,1.43285,1.433,8.50,1.60
2010.04.07 16:49:28.939,1.43285,1.433,12.50,1.60
2010.04.07 16:49:29.753,1.43285,1.433,8.90,1.60
2010.04.07 16:49:30.618,1.43285,1.433,12.90,1.60
2010.04.07 16:49:31.516,1.43285,1.433,12.50,1.60
2010.04.07 16:49:32.089,1.43285,1.433,8.50,1.60
2010.04.07 16:49:44.191,1.43285,1.433,8.90,1.60
2010.04.07 16:49:46.513,1.43285,1.433,12.90,1.60
2010.04.07 16:49:47.799,1.43285,1.433,12.50,1.60
2010.04.07 16:49:47.904,1.4329,1.433,4.00,1.60
2010.04.07 16:49:52.602,1.4329,1.433,5.60,1.60
2010.04.07 16:49:54.283,1.4329,1.433,6.00,1.60
2010.04.07 16:49:57.724,1.4329,1.433,6.80,1.60
2010.04.07 16:49:57.846,1.4329,1.433,6.00,1.60
2010.04.07 16:49:57.967,1.4329,1.433,8.40,1.60
2010.04.07 16:49:58.457,1.4329,1.433,6.80,1.60
2010.04.07 16:49:58.573,1.43295,1.433,1.60,1.60
2010.04.07 16:49:59.033,1.4329,1.433,6.00,1.60
2010.04.07 16:49:59.372,1.4329,1.433,1.60,1.60
2010.04.07 16:50:00.070,1.4329,1.43305,1.60,2.40
2010.04.07 16:50:02.861,1.4329,1.43305,2.00,2.40
2010.04.07 16:50:03.042,1.4329,1.43305,1.60,2.40
2010.04.07 16:50:03.638,1.4329,1.433,1.60,1.60
2010.04.07 16:50:08.378,1.4329,1.433,5.60,1.60
2010.04.07 16:50:08.530,1.43295,1.433,1.60,1.60
2010.04.07 16:50:10.849,1.43295,1.43305,1.60,1.60
2010.04.07 16:50:10.994,1.43295,1.43305,13.20,1.60
2010.04.07 16:50:11.072,1.43295,1.43305,10.80,1.60
2010.04.07 16:50:11.219,1.43295,1.43305,10.00,1.60
2010.04.07 16:50:11.289,1.43295,1.43305,6.00,1.60
2010.04.07 16:50:11.428,1.43295,1.43305,9.60,1.60
2010.04.07 16:50:11.498,1.43295,1.43305,1.60,1.60
2010.04.07 16:50:13.786,1.4329,1.43305,14.80,1.60
2010.04.07 16:50:14.307,1.4329,1.43305,10.80,1.60
2010.04.07 16:50:14.720,1.43295,1.43305,1.60,1.60
2010.04.07 16:50:14.929,1.43295,1.43305,6.00,1.60
2010.04.07 16:50:16.124,1.43295,1.43305,2.00,1.60
2010.04.07 16:50:16.330,1.43295,1.43305,6.00,1.60
2010.04.07 16:50:16.947,1.43295,1.43305,2.00,1.60
2010.04.07 16:50:17.629,1.43295,1.43305,1.60,1.60
2010.04.07 16:50:17.891,1.43295,1.43305,2.00,1.60
2010.04.07 16:50:23.709,1.43295,1.43305,6.00,1.60
2010.04.07 16:50:24.816,1.43295,1.43305,1.60,1.60
2010.04.07 16:50:35.158,1.43295,1.43305,6.00,1.60
2010.04.07 16:50:36.463,1.43295,1.43305,10.00,1.60
2010.04.07 16:50:37.070,1.43295,1.43305,12.40,1.60
2010.04.07 16:50:39.311,1.43295,1.43305,14.80,1.60
2010.04.07 16:50:39.542,1.433,1.43305,6.80,1.60
2010.04.07 16:50:43.099,1.433,1.43315,6.80,4.80
2010.04.07 16:50:45.470,1.433,1.43315,4.40,7.20
2010.04.07 16:50:45.591,1.433,1.43315,4.00,7.20
2010.04.07 16:50:45.711,1.43295,1.43315,8.40,7.20
2010.04.07 16:50:47.249,1.43295,1.43315,8.40,7.60
2010.04.07 16:50:47.518,1.43295,1.4331,6.80,1.60
2010.04.07 16:50:48.208,1.43295,1.4331,6.40,1.60
2010.04.07 16:50:51.411,1.43295,1.4331,8.00,1.60
2010.04.07 16:50:51.540,1.43295,1.4331,12.40,1.60
2010.04.07 16:50:55.518,1.433,1.4331,2.40,1.60
2010.04.07 16:50:56.208,1.433,1.4331,6.40,1.60
2010.04.07 16:50:57.881,1.433,1.43315,6.40,4.80
2010.04.07 16:51:00.496,1.433,1.43315,2.40,5.20
2010.04.07 16:51:00.585,1.433,1.43315,2.40,6.80
2010.04.07 16:51:00.676,1.43295,1.43315,12.40,9.20
2010.04.07 16:51:00.766,1.43295,1.43315,4.40,13.20
2010.04.07 16:51:01.025,1.43295,1.43315,8.40,13.20
2010.04.07 16:51:02.227,1.43295,1.43315,4.00,13.20
2010.04.07 16:51:02.458,1.43295,1.43315,4.00,17.20
2010.04.07 16:51:03.445,1.43295,1.4331,2.40,1.60
2010.04.07 16:51:03.686,1.43295,1.4331,2.40,5.60
2010.04.07 16:51:09.215,1.43295,1.4331,2.40,1.60
2010.04.07 16:51:12.541,1.43295,1.4331,2.40,5.60
2010.04.07 16:51:19.409,1.43295,1.4331,2.40,7.20
2010.04.07 16:51:19.781,1.43295,1.4331,2.40,7.60
2010.04.07 16:51:19.970,1.43295,1.4331,2.40,9.20
2010.04.07 16:51:23.159,1.43295,1.4331,2.40,8.80
2010.04.07 16:51:23.650,1.4331,1.43315,2.40,16.40
2010.04.07 16:51:23.906,1.43305,1.4331,2.40,4.00
2010.04.07 16:51:24.151,1.43305,1.43315,2.40,7.60
2010.04.07 16:51:24.391,1.43305,1.43315,2.40,9.20
2010.04.07 16:51:24.631,1.43305,1.43315,2.40,7.20
2010.04.07 16:51:26.392,1.4331,1.43315,2.40,7.20
2010.04.07 16:51:26.602,1.4331,1.4332,2.40,4.00
2010.04.07 16:51:26.813,1.4331,1.43325,2.40,14.00
2010.04.07 16:51:28.036,1.4331,1.43325,2.40,9.20
2010.04.07 16:51:32.467,1.43315,1.43325,2.40,7.60
2010.04.07 16:51:32.609,1.43315,1.43325,2.40,6.00
2010.04.07 16:51:32.749,1.43315,1.43325,2.40,5.60
2010.04.07 16:51:37.676,1.43315,1.43325,2.40,6.00
2010.04.07 16:51:40.180,1.4331,1.43325,4.10,6.00
2010.04.07 16:51:40.335,1.4331,1.43325,3.20,6.00
2010.04.07 16:51:44.348,1.4331,1.43325,4.80,7.60
2010.04.07 16:51:46.503,1.4331,1.43325,4.80,7.20
2010.04.07 16:51:48.143,1.4331,1.43325,5.60,7.20
2010.04.07 16:51:48.233,1.43315,1.43325,2.40,7.20
2010.04.07 16:51:48.725,1.43315,1.43325,2.40,5.60
2010.04.07 16:51:48.833,1.43305,1.4332,4.00,6.40
2010.04.07 16:51:49.382,1.433,1.4332,1.60,9.20
2010.04.07 16:51:49.689,1.43305,1.4332,2.40,15.60
2010.04.07 16:51:51.633,1.43305,1.4332,2.40,15.20
2010.04.07 16:51:52.275,1.43305,1.4332,2.40,16.00
2010.04.07 16:51:52.554,1.43295,1.43315,8.00,4.00
2010.04.07 16:51:52.835,1.43295,1.43315,4.00,8.00
2010.04.07 16:51:53.587,1.43295,1.43315,4.00,8.40
2010.04.07 16:51:53.858,1.43295,1.4331,4.00,4.00
2010.04.07 16:51:54.661,1.43305,1.43315,1.00,8.00
2010.04.07 16:51:55.381,1.43315,1.4333,2.40,4.40
2010.04.07 16:51:55.728,1.43315,1.4333,4.40,2.40
2010.04.07 16:51:57.333,1.43315,1.4333,4.80,2.40
2010.04.07 16:51:58.522,1.43315,1.4333,8.80,2.40
2010.04.07 16:51:58.856,1.4332,1.43335,2.40,5.20
2010.04.07 16:51:59.548,1.43315,1.4333,13.60,2.40
2010.04.07 16:51:59.814,1.43315,1.4333,8.80,2.40
2010.04.07 16:52:00.083,1.43315,1.4333,8.40,2.40
2010.04.07 16:52:02.177,1.43315,1.4333,8.80,2.40
2010.04.07 16:52:03.132,1.43315,1.4333,8.40,2.40
2010.04.07 16:52:05.117,1.43315,1.4333,2.40,2.40
2010.04.07 16:52:05.265,1.43315,1.4333,4.40,2.40
2010.04.07 16:52:15.986,1.43315,1.4333,6.00,1.00
2010.04.07 16:52:16.111,1.43315,1.4333,10.40,1.00
2010.04.07 16:52:16.237,1.43315,1.4333,8.80,1.70
2010.04.07 16:52:16.608,1.43315,1.4333,10.80,1.00
2010.04.07 16:52:20.308,1.43315,1.4333,8.40,2.50
2010.04.07 16:52:20.466,1.43315,1.4333,4.40,2.50
2010.04.07 16:52:29.443,1.43315,1.4333,2.80,4.10
2010.04.07 16:52:29.636,1.43315,1.4333,2.40,8.10
2010.04.07 16:52:30.020,1.43315,1.4333,2.40,8.50
2010.04.07 16:52:30.395,1.43315,1.4333,2.40,12.50
2010.04.07 16:52:37.753,1.43315,1.4333,2.40,12.10
2010.04.07 16:52:38.298,1.43315,1.4333,2.40,8.10
2010.04.07 16:52:53.887,1.4331,1.4333,10.00,8.10
2010.04.07 16:52:59.875,1.4331,1.4333,8.40,8.10
2010.04.07 16:53:00.368,1.4331,1.4333,10.40,6.50
2010.04.07 16:53:02.958,1.4331,1.4333,14.40,2.50
2010.04.07 16:53:07.647,1.4331,1.4333,11.20,2.50
2010.04.07 16:53:08.267,1.4331,1.4333,10.80,2.50
2010.04.07 16:53:08.471,1.4331,1.4333,10.80,8.10
2010.04.07 16:53:09.283,1.4331,1.4333,14.00,4.10
2010.04.07 16:53:10.238,1.4331,1.4333,10.00,8.10
2010.04.07 16:53:10.970,1.43315,1.4333,2.40,4.10
2010.04.07 16:53:11.114,1.4332,1.43335,1.60,3.60
2010.04.07 16:53:11.398,1.4332,1.43335,5.60,5.20
2010.04.07 16:53:11.537,1.4332,1.43335,1.60,5.20
2010.04.07 16:53:11.675,1.4332,1.43335,1.60,3.60
2010.04.07 16:53:13.123,1.43315,1.43335,10.80,5.20
2010.04.07 16:53:14.702,1.43315,1.43335,12.40,5.20
2010.04.07 16:53:21.161,1.43315,1.4333,10.80,1.60
2010.04.07 16:53:21.401,1.43315,1.4333,14.80,1.60
2010.04.07 16:53:21.694,1.4332,1.4333,1.60,1.60
2010.04.07 16:53:24.400,1.43315,1.4333,10.80,1.60
2010.04.07 16:53:24.590,1.43315,1.4333,14.80,1.60
2010.04.07 16:53:43.715,1.43315,1.4333,14.40,1.60
2010.04.07 16:53:43.983,1.4332,1.4333,4.00,1.60
2010.04.07 16:53:44.242,1.4332,1.4333,5.60,1.60
2010.04.07 16:53:44.998,1.43315,1.4333,10.40,1.60
2010.04.07 16:54:09.079,1.43315,1.4333,10.80,1.60
2010.04.07 16:54:13.989,1.43315,1.4333,9.20,1.60
2010.04.07 16:54:14.069,1.43315,1.43325,5.20,1.60
2010.04.07 16:54:14.229,1.43315,1.43325,6.80,1.60
2010.04.07 16:54:14.510,1.43315,1.43325,5.60,1.60
2010.04.07 16:54:14.790,1.43315,1.43325,6.00,1.60
2010.04.07 16:54:16.079,1.43315,1.43325,10.00,1.60
2010.04.07 16:54:17.229,1.43315,1.43325,6.00,1.60
2010.04.07 16:54:18.183,1.43315,1.4333,6.00,2.40
2010.04.07 16:54:19.038,1.43315,1.4333,10.00,2.40
2010.04.07 16:54:20.849,1.43315,1.4333,6.00,2.40
2010.04.07 16:54:20.989,1.43315,1.4333,10.00,2.40
2010.04.07 16:54:21.267,1.43315,1.4333,6.00,2.40
2010.04.07 16:54:29.215,1.43315,1.4333,6.40,2.40
2010.04.07 16:54:29.364,1.43315,1.4333,6.00,2.40
2010.04.07 16:54:37.402,1.43315,1.43335,8.40,6.80
2010.04.07 16:54:37.514,1.43315,1.43335,8.40,6.00
2010.04.07 16:54:37.624,1.43315,1.43335,14.00,5.20
2010.04.07 16:54:38.175,1.43315,1.43335,14.60,5.20
2010.04.07 16:54:38.963,1.43315,1.43335,15.20,5.20
2010.04.07 16:54:42.073,1.43315,1.43335,15.60,5.20
2010.04.07 16:54:42.342,1.43315,1.43335,15.60,6.00
2010.04.07 16:54:42.482,1.43315,1.43335,15.60,7.60
2010.04.07 16:54:42.622,1.43315,1.43335,15.60,6.00
2010.04.07 16:54:52.592,1.43315,1.43335,13.20,6.80
2010.04.07 16:54:52.717,1.43315,1.4333,6.00,2.40
2010.04.07 16:54:59.979,1.43315,1.4333,2.00,2.40
2010.04.07 16:55:41.765,1.43315,1.4333,6.00,2.40
2010.04.07 16:55:42.038,1.43315,1.4333,2.00,2.40
2010.04.07 16:55:51.554,1.43315,1.43335,4.40,9.90
2010.04.07 16:55:51.698,1.43315,1.43335,10.10,5.10
2010.04.07 16:55:51.978,1.43315,1.43335,11.20,5.10
2010.04.07 16:55:54.718,1.43315,1.43335,14.40,5.90
2010.04.07 16:55:55.047,1.43315,1.43335,14.60,5.90
2010.04.07 16:55:57.018,1.43315,1.43335,15.20,5.90
2010.04.07 16:56:03.837,1.43315,1.4333,10.00,2.40
2010.04.07 16:56:03.945,1.43315,1.4333,6.00,2.40
2010.04.07 16:56:15.782,1.43315,1.4333,10.00,2.40
2010.04.07 16:56:18.868,1.43315,1.43335,12.40,5.90
2010.04.07 16:56:19.466,1.43315,1.43335,15.60,5.10
2010.04.07 16:56:20.370,1.43315,1.43335,14.80,6.70
2010.04.07 16:56:20.678,1.4332,1.43335,4.00,5.90
2010.04.07 16:56:21.399,1.4332,1.43335,4.00,5.10
2010.04.07 16:56:22.063,1.4332,1.43335,5.60,3.50
2010.04.07 16:56:23.377,1.4332,1.43335,1.60,3.50
2010.04.07 16:56:29.018,1.4332,1.43335,9.60,3.50
2010.04.07 16:56:29.097,1.4332,1.43335,12.40,1.10
2010.04.07 16:56:29.178,1.4332,1.43335,14.80,1.00
2010.04.07 16:56:29.258,1.43325,1.43335,1.60,1.00
2010.04.07 16:56:29.418,1.43325,1.43335,1.60,1.00
2010.04.07 16:56:31.487,1.4332,1.43335,14.80,1.00
2010.04.07 16:56:48.401,1.4332,1.4333,13.20,1.60
2010.04.07 16:56:48.495,1.4332,1.43335,13.20,1.20
2010.04.07 16:56:48.585,1.4332,1.4333,10.80,1.60
2010.04.07 16:56:49.086,1.4332,1.4333,2.80,1.60
2010.04.07 16:56:49.181,1.43315,1.43335,13.20,2.00
2010.04.07 16:56:49.273,1.43315,1.43335,11.60,2.00
2010.04.07 16:56:49.362,1.43315,1.43335,7.60,2.00
2010.04.07 16:56:50.857,1.43315,1.43335,8.20,2.00
2010.04.07 16:56:51.009,1.43315,1.4333,7.60,2.40
2010.04.07 16:56:51.154,1.4331,1.4333,6.80,10.00
2010.04.07 16:56:51.301,1.4331,1.4333,4.40,14.00
2010.04.07 16:56:51.602,1.4331,1.4333,4.00,14.00
2010.04.07 16:56:52.631,1.4331,1.4333,4.00,13.60
2010.04.07 16:56:56.130,1.43305,1.4332,3.60,4.00
2010.04.07 16:56:56.225,1.43305,1.43325,3.60,8.00
2010.04.07 16:56:56.324,1.43305,1.43325,2.00,8.00
2010.04.07 16:56:56.816,1.43305,1.4332,2.00,2.40
2010.04.07 16:56:56.918,1.43305,1.4332,1.60,10.40
2010.04.07 16:56:58.998,1.43305,1.43325,5.60,7.20
2010.04.07 16:56:59.171,1.43305,1.43325,1.60,7.20
2010.04.07 16:56:59.351,1.43305,1.43325,1.60,11.20
2010.04.07 16:57:01.540,1.433,1.43325,14.00,12.80
2010.04.07 16:57:02.931,1.433,1.43325,14.00,13.20
2010.04.07 16:57:03.211,1.43305,1.43325,1.60,13.20
2010.04.07 16:57:03.428,1.43305,1.43325,5.60,9.20
2010.04.07 16:57:03.538,1.43305,1.43325,5.60,7.20
2010.04.07 16:57:03.879,1.43305,1.43325,5.60,7.60
2010.04.07 16:57:07.078,1.43305,1.4332,5.60,2.40
2010.04.07 16:57:07.170,1.43305,1.4332,4.00,2.40
2010.04.07 16:57:07.259,1.433,1.4332,14.80,2.40
2010.04.07 16:57:07.400,1.433,1.4332,13.20,6.40
2010.04.07 16:57:08.079,1.433,1.4332,9.20,6.40
2010.04.07 16:57:10.882,1.43305,1.4332,4.00,4.00
2010.04.07 16:57:11.234,1.4331,1.43325,2.40,3.20
2010.04.07 16:57:20.693,1.4331,1.43325,2.40,1.60
2010.04.07 16:57:21.289,1.43305,1.43325,3.20,11.20
2010.04.07 16:57:21.374,1.43305,1.43325,3.20,7.20
2010.04.07 16:57:21.455,1.43305,1.43325,1.60,11.20
2010.04.07 16:57:22.024,1.43305,1.43325,1.60,7.20
2010.04.07 16:57:22.866,1.43305,1.4332,1.60,2.40
2010.04.07 16:57:23.126,1.43305,1.4332,1.60,6.40
2010.04.07 16:57:35.397,1.43305,1.43325,1.60,7.20
2010.04.07 16:57:37.522,1.43305,1.4332,1.60,2.40
2010.04.07 16:57:38.122,1.43305,1.4332,1.60,6.40
2010.04.07 16:57:40.805,1.433,1.4332,12.00,6.80
2010.04.07 16:57:41.123,1.433,1.43315,7.20,2.40
2010.04.07 16:57:41.213,1.433,1.43315,6.00,2.40
2010.04.07 16:57:41.369,1.433,1.43315,2.00,2.40
2010.04.07 16:57:42.118,1.433,1.4332,4.40,13.60
2010.04.07 16:57:42.352,1.43305,1.4332,1.00,1.00
2010.04.07 16:57:42.993,1.4331,1.4332,2.40,2.40
2010.04.07 16:57:43.222,1.43305,1.43315,1.60,3.20
2010.04.07 16:57:43.512,1.433,1.43315,1.60,4.80
2010.04.07 16:57:43.800,1.433,1.43315,1.60,5.60
2010.04.07 16:57:45.094,1.43295,1.43315,15.60,7.20
2010.04.07 16:57:45.383,1.43295,1.43315,14.00,7.20
2010.04.07 16:57:46.298,1.43295,1.43315,14.00,7.20
2010.04.07 16:57:46.518,1.43295,1.43315,15.60,7.20
2010.04.07 16:57:49.266,1.43295,1.43315,15.60,6.40
2010.04.07 16:57:53.708,1.43295,1.43315,14.00,6.40
2010.04.07 16:57:53.996,1.43295,1.43315,10.00,6.40
2010.04.07 16:57:55.247,1.433,1.43315,1.00,5.60
2010.04.07 16:57:55.881,1.43295,1.43315,15.60,5.60
2010.04.07 16:57:56.699,1.43295,1.43315,15.60,6.40
2010.04.07 16:57:56.950,1.43295,1.43315,14.00,6.40
2010.04.07 16:57:58.131,1.43295,1.43315,14.00,7.20
2010.04.07 16:57:58.766,1.433,1.43315,2.40,4.80
2010.04.07 16:57:58.908,1.433,1.43315,8.40,2.40
2010.04.07 16:57:59.245,1.43295,1.4331,6.00,2.40
2010.04.07 16:57:59.891,1.43295,1.4331,8.40,2.40
2010.04.07 16:58:00.165,1.43295,1.4331,10.00,2.40
2010.04.07 16:58:00.709,1.43295,1.4331,7.60,2.40
2010.04.07 16:58:00.978,1.43295,1.4331,3.20,2.40
2010.04.07 16:58:04.884,1.43295,1.43315,3.20,9.60
2010.04.07 16:58:05.054,1.43295,1.43315,11.60,1.00
2010.04.07 16:58:05.225,1.43295,1.4332,11.60,14.00
2010.04.07 16:58:05.958,1.43295,1.4332,11.60,12.80
2010.04.07 16:58:07.562,1.43295,1.4332,11.20,12.80
2010.04.07 16:58:09.502,1.43295,1.4332,11.20,16.80
2010.04.07 16:58:10.397,1.43295,1.43315,3.20,8.00
2010.04.07 16:58:10.744,1.43295,1.43315,3.20,4.00
2010.04.07 16:58:18.042,1.43295,1.4332,11.20,16.80
2010.04.07 16:58:20.685,1.43295,1.4332,13.60,16.80
2010.04.07 16:58:20.887,1.433,1.4332,4.00,9.60
2010.04.07 16:58:21.714,1.433,1.4332,4.00,11.20
2010.04.07 16:58:21.802,1.43295,1.43315,4.80,8.00
2010.04.07 16:58:21.883,1.43295,1.43315,4.00,9.60
2010.04.07 16:58:22.357,1.43295,1.4331,1.60,2.40
2010.04.07 16:58:26.833,1.43295,1.43315,5.60,3.10
2010.04.07 16:58:26.961,1.43295,1.43315,1.60,4.00
2010.04.07 16:58:27.509,1.43295,1.4332,11.20,16.80
2010.04.07 16:58:27.901,1.433,1.4332,1.60,13.60
2010.04.07 16:58:28.242,1.433,1.4332,1.60,8.00
2010.04.07 16:58:28.588,1.433,1.4332,5.60,8.00
2010.04.07 16:58:30.118,1.433,1.4332,1.60,12.00
2010.04.07 16:58:31.866,1.433,1.4332,1.60,13.60
2010.04.07 16:58:32.666,1.433,1.4332,1.60,9.60
2010.04.07 16:58:32.717,1.433,1.4332,5.60,9.60
2010.04.07 16:58:33.089,1.433,1.4332,1.60,9.60
2010.04.07 16:58:33.136,1.433,1.4332,1.60,13.60
2010.04.07 16:58:34.164,1.433,1.4332,5.60,8.00
2010.04.07 16:58:34.976,1.433,1.4332,5.60,9.60
2010.04.07 16:58:35.658,1.433,1.4332,4.00,11.20
2010.04.07 16:58:36.336,1.43295,1.4332,16.40,11.20
2010.04.07 16:58:37.426,1.43295,1.4332,16.40,11.20
2010.04.07 16:58:39.237,1.43295,1.4332,15.20,11.20
2010.04.07 16:58:39.336,1.43295,1.4332,13.20,11.20
2010.04.07 16:58:39.821,1.43295,1.43315,9.20,4.00
2010.04.07 16:58:39.920,1.43295,1.43315,7.20,4.00
2010.04.07 16:58:40.946,1.433,1.43315,2.40,4.00
2010.04.07 16:58:41.115,1.433,1.4332,4.00,8.00
2010.04.07 16:58:41.290,1.43305,1.4332,1.60,6.40
2010.04.07 16:58:41.465,1.43305,1.4332,1.60,2.40
2010.04.07 16:58:41.639,1.43305,1.4332,1.60,3.20
2010.04.07 16:58:42.235,1.433,1.43315,7.60,4.00
2010.04.07 16:58:42.423,1.433,1.4332,5.60,6.00
2010.04.07 16:58:42.598,1.433,1.43315,1.60,4.00
2010.04.07 16:58:42.777,1.43295,1.4332,7.20,15.20
2010.04.07 16:58:42.949,1.43295,1.4331,7.20,2.40
2010.04.07 16:58:43.124,1.43295,1.4331,5.60,2.40
2010.04.07 16:58:43.700,1.43295,1.4331,1.60,2.40
2010.04.07 16:58:44.055,1.43295,1.4331,4.00,2.40
2010.04.07 16:58:46.567,1.43295,1.4331,8.00,2.40
2010.04.07 16:58:47.082,1.43295,1.4331,4.00,2.40
2010.04.07 16:58:47.187,1.433,1.4331,1.60,2.40
2010.04.07 16:58:48.952,1.43295,1.4331,8.00,2.40
2010.04.07 16:59:00.379,1.43295,1.43305,5.60,2.40
2010.04.07 16:59:00.672,1.43295,1.4331,9.60,2.40
2010.04.07 16:59:00.811,1.43295,1.4331,5.60,2.40
2010.04.07 16:59:11.297,1.43295,1.4331,9.60,2.40
2010.04.07 16:59:13.199,1.43295,1.4331,10.80,2.40
2010.04.07 16:59:13.268,1.43295,1.4331,10.00,2.40
2010.04.07 16:59:14.497,1.43305,1.4332,4.00,3.20
2010.04.07 16:59:14.937,1.43305,1.4332,4.00,2.40
2010.04.07 16:59:27.605,1.43305,1.43325,6.40,11.60
2010.04.07 16:59:27.689,1.433,1.4332,13.60,2.40
2010.04.07 16:59:27.778,1.433,1.4332,14.00,2.40
2010.04.07 16:59:28.552,1.4331,1.4333,1.60,15.20
2010.04.07 16:59:28.895,1.43305,1.4333,16.00,15.20
2010.04.07 16:59:29.573,1.43305,1.4333,13.60,15.20
2010.04.07 16:59:29.915,1.43305,1.4333,11.60,16.80
2010.04.07 16:59:30.382,1.43305,1.4333,11.60,17.20
2010.04.07 16:59:32.841,1.43305,1.4333,14.00,17.20
2010.04.07 16:59:33.309,1.43305,1.4333,14.00,15.60
2010.04.07 16:59:33.541,1.43305,1.43325,4.40,10.40
2010.04.07 16:59:34.056,1.43305,1.43325,4.00,10.40
2010.04.07 16:59:35.602,1.43305,1.43325,8.00,6.40
2010.04.07 16:59:36.866,1.43305,1.43325,8.80,4.00
2010.04.07 16:59:37.373,1.43305,1.4333,9.60,15.20
2010.04.07 16:59:37.517,1.43305,1.4333,12.00,10.40
2010.04.07 16:59:37.662,1.43305,1.4333,11.60,10.40
2010.04.07 16:59:38.122,1.4331,1.4333,4.00,10.40
2010.04.07 16:59:40.051,1.4331,1.4333,4.00,6.40
2010.04.07 16:59:40.513,1.4331,1.4332,4.00,2.40
2010.04.07 16:59:40.875,1.43305,1.4332,5.60,2.40
2010.04.07 16:59:41.101,1.43305,1.4332,1.60,2.40
2010.04.07 16:59:43.194,1.433,1.4332,16.00,2.40
2010.04.07 16:59:45.110,1.433,1.4332,15.60,2.40
2010.04.07 16:59:45.386,1.43305,1.43325,8.00,3.20
2010.04.07 16:59:45.981,1.43305,1.43325,8.00,5.60
2010.04.07 16:59:46.282,1.433,1.43325,12.40,13.60
2010.04.07 16:59:47.418,1.433,1.43325,11.60,13.60
2010.04.07 16:59:49.022,1.433,1.4332,10.00,1.60
2010.04.07 16:59:49.231,1.433,1.43325,9.20,17.30
2010.04.07 16:59:49.335,1.43305,1.43315,2.40,4.00
2010.04.07 16:59:49.786,1.433,1.43315,10.00,4.00
2010.04.07 16:59:49.894,1.433,1.43325,8.80,16.40
2010.04.07 16:59:50.198,1.433,1.43325,9.20,16.40
2010.04.07 16:59:51.458,1.433,1.43325,9.20,15.60
2010.04.07 16:59:51.577,1.433,1.43325,10.80,14.00
2010.04.07 16:59:51.699,1.433,1.43325,14.80,10.00
2010.04.07 16:59:51.939,1.433,1.4332,14.00,4.00
2010.04.07 16:59:52.527,1.433,1.4332,13.60,4.00
2010.04.07 16:59:55.001,1.433,1.4332,14.40,4.00
2010.04.07 16:59:55.231,1.43305,1.4332,1.60,2.40
2010.04.07 16:59:56.181,1.433,1.4332,16.00,2.40
2010.04.07 16:59:56.369,1.43305,1.4333,10.40,14.80
2010.04.07 16:59:56.556,1.43305,1.4333,10.40,14.40
2010.04.07 16:59:56.749,1.43305,1.4333,10.40,13.60
2010.04.07 16:59:57.359,1.43305,1.4332,8.80,2.40
2010.04.07 16:59:57.614,1.433,1.4332,16.40,2.40
2010.04.07 16:59:59.432,1.4331,1.43325,2.40,4.00
2010.04.07 16:59:59.653,1.43305,1.4332,4.80,4.00
2010.04.07 16:59:59.870,1.4331,1.43325,2.40,10.40
