2015.08.20 16:00:00.278,1.0776,1.07768,1.37,1.37
2015.08.20 16:00:00.587,1.07762,1.07769,1.37,1.37
2015.08.20 16:00:00.689,1.07762,1.0777,1.37,1.50
2015.08.20 16:00:01.455,1.07762,1.07771,1.37,1.00
2015.08.20 16:00:02.003,1.07762,1.07772,1.37,1.12
2015.08.20 16:00:02.751,1.07762,1.07771,1.37,1.00
2015.08.20 16:00:04.591,1.07763,1.07771,1.37,1.00
2015.08.20 16:00:06.256,1.07763,1.07772,1.37,1.12
2015.08.20 16:00:09.741,1.07766,1.07772,1.37,1.00
2015.08.20 16:00:10.250,1.07767,1.07773,1.37,1.12
2015.08.20 16:00:11.671,1.07767,1.07772,1.37,1.00
2015.08.20 16:00:12.179,1.07768,1.07773,1.37,1.00
2015.08.20 16:00:15.464,1.07766,1.07773,1.12,1.00
2015.08.20 16:00:15.516,1.07765,1.07773,1.37,1.00
2015.08.20 16:00:16.026,1.07761,1.07767,1.50,2.10
2015.08.20 16:00:16.128,1.07759,1.07767,1.37,2.10
2015.08.20 16:00:16.180,1.07762,1.07767,1.00,2.85
2015.08.20 16:00:16.607,1.07764,1.07769,1.37,2.10
2015.08.20 16:00:16.659,1.07764,1.07774,1.37,1.00
2015.08.20 16:00:17.474,1.07764,1.07774,1.12,1.00
2015.08.20 16:00:18.008,1.07767,1.07775,1.37,1.35
2015.08.20 16:00:18.525,1.07766,1.07775,1.37,1.60
2015.08.20 16:00:21.925,1.07766,1.07773,1.37,1.00
2015.08.20 16:00:24.291,1.07766,1.07773,1.12,1.00
2015.08.20 16:00:25.433,1.07764,1.07773,1.87,1.00
2015.08.20 16:00:26.304,1.07764,1.07773,1.12,1.00
2015.08.20 16:00:26.819,1.07768,1.07774,1.37,1.00
2015.08.20 16:00:30.215,1.07768,1.07775,1.12,1.60
2015.08.20 16:00:30.996,1.07768,1.07776,1.37,2.85
2015.08.20 16:00:31.376,1.07768,1.07776,1.37,1.00
2015.08.20 16:00:31.478,1.07768,1.07779,1.37,1.00
2015.08.20 16:00:31.529,1.0777,1.07779,1.50,1.00
2015.08.20 16:00:31.580,1.0777,1.07783,1.87,1.00
2015.08.20 16:00:31.631,1.0777,1.07784,1.87,1.87
2015.08.20 16:00:32.708,1.07776,1.07786,1.75,1.00
2015.08.20 16:00:32.761,1.07779,1.07788,1.37,1.00
2015.08.20 16:00:33.271,1.0778,1.0779,1.37,1.37
2015.08.20 16:00:33.322,1.0778,1.07791,1.37,1.00
2015.08.20 16:00:33.477,1.07782,1.07794,1.12,1.00
2015.08.20 16:00:33.580,1.07786,1.07798,1.87,1.50
2015.08.20 16:00:33.682,1.07789,1.078,1.37,1.00
2015.08.20 16:00:34.231,1.0779,1.078,1.37,1.00
2015.08.20 16:00:34.844,1.07791,1.07801,1.37,1.37
2015.08.20 16:00:35.848,1.07793,1.078,1.37,1.12
2015.08.20 16:00:37.573,1.07793,1.07801,1.37,1.37
2015.08.20 16:00:40.238,1.07792,1.078,1.37,1.87
2015.08.20 16:00:40.340,1.0779,1.078,1.37,1.87
2015.08.20 16:00:48.041,1.0779,1.078,1.37,1.37
2015.08.20 16:00:50.270,1.07791,1.078,1.37,1.37
2015.08.20 16:00:59.079,1.07791,1.07801,1.37,1.87
2015.08.20 16:00:59.283,1.07792,1.07804,1.12,1.87
2015.08.20 16:01:00.495,1.07794,1.07804,1.37,1.00
2015.08.20 16:01:00.598,1.07796,1.07804,1.37,1.00
2015.08.20 16:01:01.108,1.07796,1.07805,1.37,1.50
2015.08.20 16:01:01.741,1.07796,1.07806,1.37,1.00
2015.08.20 16:01:02.251,1.07797,1.07807,1.37,1.37
2015.08.20 16:01:02.766,1.07798,1.07808,1.37,1.37
2015.08.20 16:01:07.341,1.07798,1.07809,1.37,2.62
2015.08.20 16:01:12.156,1.07798,1.07808,1.12,1.37
2015.08.20 16:01:12.486,1.07801,1.07808,1.37,1.37
2015.08.20 16:01:14.506,1.07801,1.0781,1.37,1.37
2015.08.20 16:01:15.802,1.078,1.07811,1.37,1.87
2015.08.20 16:01:16.310,1.07799,1.07811,1.37,1.87
2015.08.20 16:01:17.255,1.07799,1.07811,1.37,1.87
2015.08.20 16:01:17.762,1.078,1.07811,1.37,2.62
2015.08.20 16:01:20.111,1.078,1.0781,1.00,1.37
2015.08.20 16:01:20.630,1.07798,1.07811,1.37,2.62
2015.08.20 16:01:22.596,1.07797,1.0781,1.37,1.37
2015.08.20 16:01:23.125,1.07797,1.07811,1.12,3.37
2015.08.20 16:01:24.461,1.07797,1.0781,1.37,1.87
2015.08.20 16:01:25.130,1.07797,1.07809,1.37,1.37
2015.08.20 16:01:25.438,1.07797,1.07809,1.00,1.87
2015.08.20 16:01:26.032,1.07795,1.07808,1.37,1.87
2015.08.20 16:01:28.052,1.07795,1.07801,1.37,1.00
2015.08.20 16:01:28.256,1.07787,1.07798,1.87,1.00
2015.08.20 16:01:28.816,1.07788,1.07799,1.12,2.10
2015.08.20 16:01:29.721,1.07787,1.07799,1.37,2.10
2015.08.20 16:01:29.772,1.07785,1.07796,1.37,3.22
2015.08.20 16:01:29.875,1.07782,1.07794,1.87,1.60
2015.08.20 16:01:32.780,1.07782,1.07794,1.37,1.35
2015.08.20 16:01:33.289,1.07781,1.07794,1.87,2.10
2015.08.20 16:01:34.381,1.07781,1.07794,1.87,2.47
2015.08.20 16:01:34.892,1.07781,1.07794,1.87,2.47
2015.08.20 16:01:35.400,1.07781,1.07794,1.87,3.22
2015.08.20 16:01:37.514,1.07781,1.07794,1.37,3.22
2015.08.20 16:01:38.031,1.07781,1.07794,1.87,2.10
2015.08.20 16:01:38.082,1.07785,1.07794,1.00,2.10
2015.08.20 16:01:38.970,1.07785,1.07794,1.00,1.72
2015.08.20 16:01:39.505,1.07785,1.07794,1.00,1.72
2015.08.20 16:01:40.392,1.07785,1.07794,1.00,1.35
2015.08.20 16:01:40.900,1.07784,1.07796,1.12,2.85
2015.08.20 16:01:43.099,1.07784,1.07796,1.87,2.10
2015.08.20 16:01:43.620,1.07783,1.07796,1.37,2.85
2015.08.20 16:01:45.026,1.07786,1.07796,1.00,2.85
2015.08.20 16:01:45.181,1.07785,1.07796,1.00,1.00
2015.08.20 16:01:45.232,1.07787,1.07796,1.00,1.00
2015.08.20 16:01:45.335,1.07787,1.07799,1.12,1.00
2015.08.20 16:01:45.489,1.07787,1.078,1.87,1.00
2015.08.20 16:01:45.994,1.07788,1.07799,1.37,1.00
2015.08.20 16:01:46.056,1.07788,1.07801,1.37,1.50
2015.08.20 16:01:46.261,1.07788,1.07799,1.37,1.00
2015.08.20 16:01:46.779,1.07788,1.078,1.37,1.12
2015.08.20 16:01:47.470,1.07796,1.07802,1.00,1.12
2015.08.20 16:01:47.522,1.07791,1.07803,1.12,1.50
2015.08.20 16:01:47.573,1.07798,1.07804,1.00,1.00
2015.08.20 16:01:47.625,1.07794,1.07807,1.87,1.00
2015.08.20 16:01:47.677,1.07795,1.07808,1.75,1.00
2015.08.20 16:01:48.408,1.07801,1.0781,1.00,1.00
2015.08.20 16:01:48.612,1.07796,1.07807,1.37,1.50
2015.08.20 16:01:48.663,1.07796,1.07805,1.37,1.00
2015.08.20 16:01:48.918,1.07794,1.07805,1.37,1.00
2015.08.20 16:01:49.508,1.07794,1.07805,1.00,1.00
2015.08.20 16:01:50.074,1.07793,1.07805,1.87,1.00
2015.08.20 16:01:50.963,1.07795,1.07808,1.87,1.00
2015.08.20 16:01:51.014,1.07797,1.0781,1.37,1.00
2015.08.20 16:01:51.524,1.07798,1.07811,1.37,1.00
2015.08.20 16:01:52.159,1.07799,1.07811,1.37,1.00
2015.08.20 16:01:52.211,1.078,1.07813,1.37,2.25
2015.08.20 16:01:52.723,1.078,1.07812,1.37,1.00
2015.08.20 16:01:53.204,1.07806,1.07814,1.50,1.00
2015.08.20 16:01:53.255,1.07806,1.07819,1.87,1.50
2015.08.20 16:01:53.308,1.07806,1.07819,1.87,1.00
2015.08.20 16:01:53.666,1.07808,1.07821,1.37,1.50
2015.08.20 16:01:54.877,1.07807,1.0782,1.37,1.00
2015.08.20 16:01:55.386,1.07807,1.07819,1.37,1.00
2015.08.20 16:01:56.072,1.07807,1.07817,1.37,1.00
2015.08.20 16:01:56.175,1.07804,1.07817,1.37,1.50
2015.08.20 16:01:56.686,1.07805,1.07817,1.37,1.00
2015.08.20 16:01:57.473,1.07803,1.07815,1.12,1.00
2015.08.20 16:01:57.526,1.07803,1.07815,1.37,1.50
2015.08.20 16:01:58.041,1.07803,1.07813,1.37,1.00
2015.08.20 16:01:58.673,1.07802,1.07813,1.37,1.00
2015.08.20 16:01:59.184,1.07802,1.07814,1.37,1.00
2015.08.20 16:01:59.236,1.07803,1.07816,1.87,1.00
2015.08.20 16:01:59.338,1.07805,1.07818,1.37,1.00
2015.08.20 16:02:00.389,1.07802,1.07812,1.12,1.00
2015.08.20 16:02:00.440,1.07802,1.07812,1.37,1.00
2015.08.20 16:02:01.213,1.07801,1.07812,1.37,1.00
2015.08.20 16:02:01.722,1.07801,1.07813,1.37,1.00
2015.08.20 16:02:02.577,1.078,1.07812,1.87,1.37
2015.08.20 16:02:03.390,1.07798,1.07812,1.87,3.37
2015.08.20 16:02:03.441,1.07798,1.0781,1.87,1.12
2015.08.20 16:02:03.951,1.07798,1.0781,1.12,1.87
2015.08.20 16:02:04.261,1.07799,1.07812,1.37,1.50
2015.08.20 16:02:04.567,1.07801,1.07813,1.37,1.00
2015.08.20 16:02:05.572,1.07803,1.07815,1.37,1.37
2015.08.20 16:02:06.081,1.07802,1.07816,1.87,3.00
2015.08.20 16:02:06.777,1.07801,1.07814,1.37,1.00
2015.08.20 16:02:07.389,1.078,1.07814,1.12,3.37
2015.08.20 16:02:08.063,1.07802,1.07814,1.37,1.50
2015.08.20 16:02:08.573,1.07802,1.07815,1.37,1.00
2015.08.20 16:02:09.329,1.078,1.07813,1.12,1.00
2015.08.20 16:02:09.839,1.078,1.07813,1.37,1.87
2015.08.20 16:02:10.350,1.078,1.07813,1.37,1.87
2015.08.20 16:02:11.091,1.078,1.07811,1.00,1.37
2015.08.20 16:02:11.350,1.07799,1.07812,1.37,1.87
2015.08.20 16:02:14.385,1.07798,1.07812,1.87,1.87
2015.08.20 16:02:14.897,1.07798,1.0781,1.37,1.37
2015.08.20 16:02:18.334,1.07798,1.0781,1.37,1.12
2015.08.20 16:02:18.857,1.07797,1.0781,1.87,1.12
2015.08.20 16:02:19.555,1.07798,1.07811,1.37,1.00
2015.08.20 16:02:23.083,1.07799,1.07812,1.87,2.25
2015.08.20 16:02:23.892,1.078,1.07812,1.37,1.50
2015.08.20 16:02:26.233,1.078,1.07812,1.37,1.37
2015.08.20 16:02:27.039,1.07799,1.07811,1.12,1.00
2015.08.20 16:02:27.556,1.07799,1.07812,1.37,1.00
2015.08.20 16:02:29.217,1.07798,1.07811,1.37,1.00
2015.08.20 16:02:30.464,1.07798,1.07807,1.37,1.00
2015.08.20 16:02:30.770,1.07788,1.078,1.12,1.12
2015.08.20 16:02:30.821,1.07788,1.07799,1.37,1.00
2015.08.20 16:02:30.923,1.07784,1.07798,1.12,1.50
2015.08.20 16:02:31.501,1.07784,1.07797,1.37,1.00
2015.08.20 16:02:31.604,1.07783,1.07795,1.37,1.00
2015.08.20 16:02:32.105,1.07783,1.07796,1.37,1.50
2015.08.20 16:02:41.089,1.07784,1.07796,1.37,1.00
2015.08.20 16:02:41.141,1.07785,1.07798,1.37,1.00
2015.08.20 16:02:45.462,1.07783,1.07796,1.12,1.00
2015.08.20 16:02:45.513,1.07783,1.07796,1.37,1.50
2015.08.20 16:02:46.022,1.07782,1.07795,1.37,1.00
2015.08.20 16:02:50.154,1.07781,1.07794,1.37,1.00
2015.08.20 16:02:50.664,1.0778,1.07793,1.37,1.00
2015.08.20 16:02:51.466,1.07779,1.07792,1.12,1.00
2015.08.20 16:02:52.011,1.07779,1.07792,1.37,1.50
2015.08.20 16:02:53.469,1.07778,1.07791,1.37,1.00
2015.08.20 16:02:54.403,1.07779,1.07792,1.37,1.00
2015.08.20 16:02:54.963,1.07778,1.07791,1.37,1.00
2015.08.20 16:02:55.792,1.07778,1.0779,1.12,1.00
2015.08.20 16:02:55.844,1.0778,1.07793,1.37,1.50
2015.08.20 16:02:56.454,1.07779,1.07792,1.37,1.00
2015.08.20 16:02:57.175,1.07778,1.07791,1.87,1.00
2015.08.20 16:03:00.987,1.0778,1.07791,1.50,1.00
2015.08.20 16:03:01.039,1.07781,1.07794,1.37,1.00
2015.08.20 16:03:02.633,1.07784,1.07794,1.00,1.00
2015.08.20 16:03:02.786,1.07784,1.07797,1.87,1.00
2015.08.20 16:03:04.387,1.07785,1.07798,1.37,1.00
2015.08.20 16:03:08.173,1.07784,1.07797,1.37,1.00
2015.08.20 16:03:08.666,1.07778,1.07791,2.25,1.12
2015.08.20 16:03:09.074,1.0778,1.07793,1.37,1.00
2015.08.20 16:03:09.430,1.07781,1.07793,1.12,1.00
2015.08.20 16:03:09.481,1.07783,1.07796,1.37,1.50
2015.08.20 16:03:19.993,1.07783,1.07795,1.00,1.00
2015.08.20 16:03:21.624,1.07792,1.07796,2.10,1.50
2015.08.20 16:03:22.475,1.07786,1.07798,1.37,1.00
2015.08.20 16:03:23.102,1.07786,1.07799,1.37,2.25
2015.08.20 16:03:24.074,1.07784,1.07798,1.12,1.50
2015.08.20 16:03:24.126,1.07784,1.07797,1.37,1.00
2015.08.20 16:03:24.852,1.07786,1.07799,1.37,1.00
2015.08.20 16:03:25.411,1.07786,1.078,1.87,2.25
2015.08.20 16:03:27.518,1.07786,1.07799,1.37,1.00
2015.08.20 16:03:28.127,1.07786,1.07798,1.00,1.00
2015.08.20 16:03:30.468,1.07785,1.07797,1.00,1.00
2015.08.20 16:03:31.110,1.07784,1.07796,1.37,1.00
2015.08.20 16:03:31.416,1.0778,1.07792,1.37,1.87
2015.08.20 16:03:31.856,1.07777,1.07788,1.37,1.00
2015.08.20 16:03:32.380,1.07775,1.07787,1.87,1.00
2015.08.20 16:03:35.935,1.07775,1.07787,1.87,1.00
2015.08.20 16:03:36.549,1.07776,1.07788,1.37,1.00
2015.08.20 16:03:38.698,1.07776,1.07787,1.37,1.00
2015.08.20 16:03:42.161,1.07776,1.07787,1.12,1.00
2015.08.20 16:03:43.968,1.07778,1.07787,1.00,1.00
2015.08.20 16:03:44.477,1.07776,1.07786,1.12,1.00
2015.08.20 16:03:44.833,1.07778,1.07789,1.37,1.00
2015.08.20 16:03:45.835,1.07778,1.0779,1.37,1.00
2015.08.20 16:03:46.442,1.07779,1.0779,1.37,1.00
2015.08.20 16:03:47.922,1.07779,1.07791,1.37,1.50
2015.08.20 16:03:51.867,1.07779,1.07792,1.37,1.50
2015.08.20 16:03:57.660,1.07777,1.0779,1.37,1.00
2015.08.20 16:04:03.412,1.07777,1.07791,1.12,2.25
2015.08.20 16:04:04.007,1.07778,1.0779,1.37,1.00
2015.08.20 16:04:04.523,1.07777,1.07789,1.37,1.00
2015.08.20 16:04:05.032,1.07777,1.0779,1.37,3.00
2015.08.20 16:04:06.234,1.07777,1.07788,1.37,1.00
2015.08.20 16:04:07.243,1.07776,1.07789,1.37,1.50
2015.08.20 16:04:10.955,1.07779,1.07789,1.00,1.00
2015.08.20 16:04:11.006,1.07779,1.07791,1.12,1.00
2015.08.20 16:04:11.211,1.0778,1.07793,1.37,1.00
2015.08.20 16:04:11.923,1.07781,1.07794,1.37,1.00
2015.08.20 16:04:13.627,1.07783,1.07794,1.00,1.00
2015.08.20 16:04:14.136,1.07781,1.07794,1.87,2.25
2015.08.20 16:04:14.835,1.07781,1.07793,1.12,1.00
2015.08.20 16:04:16.297,1.07779,1.07792,1.37,1.50
2015.08.20 16:04:16.658,1.07777,1.0779,1.87,1.00
2015.08.20 16:04:16.913,1.07776,1.07789,1.37,1.12
2015.08.20 16:04:17.371,1.07776,1.07787,1.37,1.00
2015.08.20 16:04:18.971,1.07773,1.07784,1.12,1.00
2015.08.20 16:04:19.025,1.07773,1.07784,1.37,1.00
2015.08.20 16:04:19.870,1.07772,1.07784,1.37,1.00
2015.08.20 16:04:20.441,1.07771,1.07784,1.37,1.50
2015.08.20 16:04:23.457,1.07772,1.07785,1.37,1.50
2015.08.20 16:04:33.005,1.07772,1.07784,1.37,1.00
2015.08.20 16:04:33.108,1.07769,1.0778,2.25,1.00
2015.08.20 16:04:33.160,1.07769,1.0778,1.87,1.00
2015.08.20 16:04:33.364,1.0777,1.07782,1.12,1.50
2015.08.20 16:04:34.534,1.0777,1.07783,1.37,1.00
2015.08.20 16:04:35.575,1.07769,1.07782,1.37,1.00
2015.08.20 16:04:36.084,1.07769,1.07781,1.12,1.00
2015.08.20 16:04:42.348,1.07769,1.0778,1.00,1.00
2015.08.20 16:04:42.859,1.07768,1.0778,1.12,1.50
2015.08.20 16:04:43.757,1.07769,1.0778,1.00,1.50
2015.08.20 16:04:44.266,1.07768,1.07781,1.87,1.00
2015.08.20 16:04:50.083,1.0777,1.07781,1.00,1.00
2015.08.20 16:04:52.283,1.07771,1.07782,1.00,1.00
2015.08.20 16:04:52.437,1.07771,1.07784,1.87,1.00
2015.08.20 16:04:56.766,1.07772,1.07785,2.25,1.50
2015.08.20 16:04:58.098,1.07772,1.07784,2.25,1.00
2015.08.20 16:05:00.208,1.07771,1.07783,1.00,1.00
2015.08.20 16:05:01.570,1.07768,1.07781,1.87,1.00
2015.08.20 16:05:03.695,1.07768,1.0778,1.50,1.00
2015.08.20 16:05:04.399,1.07769,1.07782,1.87,1.00
2015.08.20 16:05:05.061,1.07769,1.07781,1.37,1.00
2015.08.20 16:05:05.732,1.07768,1.07781,1.12,1.00
2015.08.20 16:05:06.892,1.0777,1.07782,1.37,1.00
2015.08.20 16:05:07.400,1.07771,1.07784,1.37,1.50
2015.08.20 16:05:08.011,1.07771,1.07784,1.12,1.12
2015.08.20 16:05:09.733,1.07772,1.07784,1.00,1.50
2015.08.20 16:05:10.242,1.0777,1.07783,1.37,1.00
2015.08.20 16:05:15.432,1.0777,1.07782,1.00,1.00
2015.08.20 16:05:15.942,1.07768,1.07781,1.37,1.00
2015.08.20 16:05:16.542,1.07767,1.0778,1.37,1.00
2015.08.20 16:05:17.462,1.07766,1.07779,1.37,1.00
2015.08.20 16:05:19.230,1.07766,1.07778,1.00,1.00
2015.08.20 16:05:20.531,1.07764,1.07776,1.37,1.00
2015.08.20 16:05:21.125,1.07763,1.07777,1.12,1.00
2015.08.20 16:05:21.483,1.07763,1.07776,1.37,1.00
2015.08.20 16:05:23.724,1.07763,1.07775,1.00,1.00
2015.08.20 16:05:27.070,1.07762,1.07776,1.12,1.50
2015.08.20 16:05:27.646,1.07764,1.07777,1.37,1.50
2015.08.20 16:05:28.171,1.07763,1.07775,1.37,1.00
2015.08.20 16:05:28.477,1.07762,1.07774,1.00,1.00
2015.08.20 16:05:29.741,1.07761,1.07773,1.00,1.00
2015.08.20 16:05:30.249,1.07761,1.07774,1.37,1.00
2015.08.20 16:05:30.863,1.07761,1.07773,1.00,1.00
2015.08.20 16:05:36.182,1.07763,1.07774,1.00,1.00
2015.08.20 16:05:36.589,1.07762,1.07776,1.87,1.50
2015.08.20 16:05:38.391,1.07762,1.07774,1.37,1.00
2015.08.20 16:05:38.898,1.07762,1.07774,1.00,1.00
2015.08.20 16:05:39.887,1.07763,1.07774,1.37,1.00
2015.08.20 16:05:40.299,1.07765,1.07778,1.37,1.00
2015.08.20 16:05:41.865,1.07754,1.07767,1.75,1.00
2015.08.20 16:05:42.070,1.07753,1.07766,1.72,1.00
2015.08.20 16:05:42.375,1.07753,1.07767,1.12,1.00
2015.08.20 16:05:42.884,1.07755,1.07769,1.12,1.50
2015.08.20 16:05:45.450,1.07759,1.07772,1.37,1.00
2015.08.20 16:05:53.017,1.07761,1.07773,1.50,1.00
2015.08.20 16:05:53.170,1.07763,1.07776,1.37,1.00
2015.08.20 16:05:53.679,1.07764,1.07777,1.37,1.00
2015.08.20 16:05:53.987,1.07767,1.07779,1.75,1.00
2015.08.20 16:05:54.039,1.07768,1.07781,1.37,1.00
2015.08.20 16:05:55.334,1.07769,1.07782,1.37,1.00
2015.08.20 16:06:07.647,1.07768,1.07781,1.37,1.00
2015.08.20 16:06:09.144,1.07767,1.0778,1.37,1.00
2015.08.20 16:06:14.406,1.07767,1.07779,1.37,1.00
2015.08.20 16:06:14.559,1.07765,1.07778,1.37,1.00
2015.08.20 16:06:15.067,1.07764,1.07777,1.37,1.00
2015.08.20 16:06:15.986,1.07763,1.07776,1.37,1.00
2015.08.20 16:06:23.250,1.07761,1.07775,1.12,1.00
2015.08.20 16:06:23.302,1.07761,1.07774,1.37,1.00
2015.08.20 16:06:24.497,1.07762,1.07775,1.37,1.00
2015.08.20 16:06:26.767,1.07762,1.07774,1.00,1.00
2015.08.20 16:06:30.706,1.0776,1.07772,1.37,1.00
2015.08.20 16:06:31.138,1.07756,1.07769,1.37,1.00
2015.08.20 16:06:35.399,1.07756,1.0777,1.87,1.50
2015.08.20 16:06:40.416,1.07757,1.07769,1.00,1.00
2015.08.20 16:06:40.925,1.07755,1.07768,1.87,1.00
2015.08.20 16:06:43.030,1.07755,1.07769,1.87,1.00
2015.08.20 16:06:43.717,1.07757,1.07771,1.12,2.25
2015.08.20 16:06:46.841,1.07757,1.07764,1.87,1.00
2015.08.20 16:06:46.943,1.07754,1.07765,1.12,1.00
2015.08.20 16:06:47.380,1.07753,1.07765,1.12,1.00
2015.08.20 16:06:48.524,1.07751,1.07764,1.87,1.00
2015.08.20 16:06:50.348,1.07751,1.07763,1.00,1.00
2015.08.20 16:06:51.885,1.07751,1.07763,1.87,1.00
2015.08.20 16:06:52.395,1.07752,1.07764,1.37,1.00
2015.08.20 16:06:53.179,1.07752,1.07765,1.37,1.00
2015.08.20 16:06:53.688,1.07752,1.07762,1.87,1.00
2015.08.20 16:06:53.841,1.0775,1.07761,1.37,1.00
2015.08.20 16:06:54.241,1.0775,1.07763,1.37,1.00
2015.08.20 16:06:54.292,1.0775,1.07761,1.37,1.00
2015.08.20 16:06:54.954,1.0775,1.07762,1.37,1.00
2015.08.20 16:06:55.605,1.0775,1.07761,1.37,1.00
2015.08.20 16:06:55.993,1.07753,1.07765,1.00,1.00
2015.08.20 16:06:56.502,1.07753,1.07766,1.37,1.50
2015.08.20 16:06:57.140,1.07752,1.07764,1.37,1.00
2015.08.20 16:06:57.445,1.07751,1.07762,1.37,1.00
2015.08.20 16:06:58.306,1.0775,1.07761,1.37,1.00
2015.08.20 16:07:00.087,1.07753,1.07761,1.00,1.00
2015.08.20 16:07:00.138,1.07753,1.07763,1.00,1.00
2015.08.20 16:07:00.291,1.07753,1.07765,1.12,1.50
2015.08.20 16:07:01.275,1.07754,1.07767,1.37,1.50
2015.08.20 16:07:01.784,1.07753,1.07766,1.87,1.00
2015.08.20 16:07:02.605,1.07754,1.07767,1.37,1.00
2015.08.20 16:07:05.901,1.07755,1.07767,1.37,1.00
2015.08.20 16:07:06.005,1.07756,1.07769,1.37,1.50
2015.08.20 16:07:09.290,1.07757,1.07769,1.37,1.00
2015.08.20 16:07:09.392,1.07758,1.07771,1.37,1.50
2015.08.20 16:07:23.477,1.07759,1.07771,1.12,1.00
2015.08.20 16:07:23.528,1.07761,1.07773,1.37,1.00
2015.08.20 16:07:24.473,1.07761,1.07774,1.37,1.50
2015.08.20 16:07:24.988,1.07761,1.07773,1.37,1.00
2015.08.20 16:07:25.450,1.07759,1.07771,1.12,1.00
2015.08.20 16:07:25.973,1.07758,1.0777,1.12,1.00
2015.08.20 16:07:26.513,1.07758,1.0777,1.37,1.00
2015.08.20 16:07:27.841,1.07757,1.07769,1.87,1.00
2015.08.20 16:07:28.418,1.07757,1.07769,1.87,1.00
2015.08.20 16:07:29.197,1.07757,1.0777,1.87,1.50
2015.08.20 16:07:32.149,1.07759,1.0777,2.47,1.50
2015.08.20 16:07:32.832,1.07762,1.07773,2.10,1.50
2015.08.20 16:07:33.341,1.07761,1.07773,2.47,1.50
2015.08.20 16:07:33.848,1.07761,1.07774,3.22,1.50
2015.08.20 16:07:35.135,1.07763,1.07775,1.30,1.50
2015.08.20 16:07:35.902,1.07763,1.07774,1.30,1.00
2015.08.20 16:07:36.547,1.07763,1.07774,1.72,1.00
2015.08.20 16:07:37.056,1.07763,1.07775,1.72,1.00
2015.08.20 16:07:41.703,1.07763,1.07774,1.72,1.00
2015.08.20 16:07:44.334,1.07763,1.07774,1.30,1.00
2015.08.20 16:07:45.353,1.07763,1.07774,1.72,1.00
2015.08.20 16:07:45.861,1.07763,1.07775,1.30,1.50
2015.08.20 16:07:47.337,1.07763,1.07774,1.30,1.00
2015.08.20 16:07:47.884,1.07763,1.07774,1.72,1.00
2015.08.20 16:07:48.881,1.07761,1.07774,3.22,1.50
2015.08.20 16:07:54.635,1.07763,1.07774,1.60,1.50
2015.08.20 16:07:55.168,1.07766,1.07774,1.87,1.00
2015.08.20 16:07:55.220,1.07767,1.07779,1.30,1.00
2015.08.20 16:07:57.310,1.07766,1.07778,2.25,1.00
2015.08.20 16:07:57.366,1.07764,1.07777,2.47,1.00
2015.08.20 16:07:59.714,1.07766,1.07777,1.00,1.50
2015.08.20 16:08:00.225,1.07764,1.07777,1.72,1.00
2015.08.20 16:08:02.167,1.07762,1.07775,2.85,1.00
2015.08.20 16:08:02.921,1.07763,1.07775,1.30,1.00
2015.08.20 16:08:05.830,1.07762,1.07775,2.47,1.00
2015.08.20 16:08:06.696,1.07763,1.07775,1.30,1.00
2015.08.20 16:08:08.119,1.07762,1.07775,2.47,1.00
2015.08.20 16:08:09.053,1.07764,1.07776,1.30,1.00
2015.08.20 16:08:10.496,1.07764,1.07775,1.30,1.00
2015.08.20 16:08:22.314,1.07764,1.07776,1.72,1.00
2015.08.20 16:08:23.533,1.07762,1.07775,2.47,1.50
2015.08.20 16:08:25.433,1.07764,1.07776,1.30,1.50
2015.08.20 16:08:27.657,1.07764,1.07775,1.30,1.00
2015.08.20 16:08:29.381,1.07764,1.07776,1.30,1.50
2015.08.20 16:08:29.687,1.07769,1.07778,1.00,1.00
2015.08.20 16:08:31.013,1.07765,1.07777,1.37,1.00
2015.08.20 16:08:31.167,1.07764,1.07776,1.87,1.00
2015.08.20 16:08:31.691,1.07764,1.07776,1.87,1.00
2015.08.20 16:08:32.753,1.07764,1.07777,3.22,1.00
2015.08.20 16:08:33.366,1.07766,1.07777,1.00,1.00
2015.08.20 16:08:37.242,1.07766,1.07778,1.50,1.50
2015.08.20 16:08:42.494,1.07766,1.07779,1.37,1.50
2015.08.20 16:08:44.950,1.07769,1.07779,1.12,1.00
2015.08.20 16:08:45.053,1.07769,1.07781,1.50,2.25
2015.08.20 16:08:45.956,1.07767,1.0778,2.25,1.00
2015.08.20 16:08:50.850,1.07767,1.07779,1.37,1.00
2015.08.20 16:08:51.359,1.07766,1.07779,1.37,1.50
2015.08.20 16:08:52.872,1.07766,1.07778,1.37,1.00
2015.08.20 16:08:53.811,1.07766,1.07779,1.37,1.50
2015.08.20 16:08:54.533,1.07765,1.07778,1.37,1.00
2015.08.20 16:08:58.354,1.07765,1.07776,1.37,1.00
2015.08.20 16:08:58.456,1.07765,1.07778,1.37,3.37
2015.08.20 16:08:59.102,1.07764,1.07776,1.37,1.00
2015.08.20 16:08:59.653,1.07764,1.07777,1.37,2.25
2015.08.20 16:09:00.644,1.07764,1.07776,1.37,1.00
2015.08.20 16:09:06.249,1.07764,1.07777,1.37,2.25
2015.08.20 16:09:06.895,1.07763,1.07776,1.72,1.00
2015.08.20 16:09:16.381,1.07763,1.07775,1.72,1.00
2015.08.20 16:09:16.891,1.07763,1.07776,1.72,1.50
2015.08.20 16:09:23.988,1.07763,1.07775,1.72,1.00
2015.08.20 16:09:24.536,1.07763,1.07775,1.30,1.50
2015.08.20 16:09:28.587,1.07763,1.07774,1.30,1.00
2015.08.20 16:09:29.218,1.07763,1.07775,1.30,3.00
2015.08.20 16:09:29.749,1.07763,1.07775,1.72,2.25
2015.08.20 16:09:31.536,1.07763,1.07773,1.72,1.00
2015.08.20 16:09:32.044,1.07762,1.07773,1.72,1.00
2015.08.20 16:09:32.594,1.07762,1.0777,1.72,1.00
2015.08.20 16:09:32.926,1.07766,1.07773,2.10,1.00
2015.08.20 16:09:32.977,1.07763,1.07773,1.30,1.00
2015.08.20 16:09:33.435,1.07761,1.07769,1.37,1.00
2015.08.20 16:09:33.487,1.07757,1.07769,1.37,1.00
2015.08.20 16:09:33.919,1.07754,1.07767,1.37,1.50
2015.08.20 16:09:34.179,1.07752,1.07765,1.87,1.00
2015.08.20 16:09:34.487,1.0775,1.07763,1.37,1.00
2015.08.20 16:09:35.109,1.07748,1.07761,1.37,1.50
2015.08.20 16:09:37.514,1.07748,1.0776,1.00,1.00
2015.08.20 16:09:41.398,1.07747,1.07759,1.37,1.00
2015.08.20 16:09:41.704,1.07745,1.07758,1.37,1.50
2015.08.20 16:09:42.032,1.07744,1.07754,1.37,1.00
2015.08.20 16:09:42.091,1.07742,1.07754,1.37,1.00
2015.08.20 16:09:42.798,1.07741,1.07753,1.37,1.00
2015.08.20 16:09:44.783,1.07741,1.07752,1.37,1.00
2015.08.20 16:09:45.292,1.0774,1.07752,1.50,1.00
2015.08.20 16:09:46.122,1.0774,1.07751,1.50,1.00
2015.08.20 16:09:48.233,1.07743,1.07754,1.37,1.00
2015.08.20 16:09:50.373,1.07743,1.07755,1.37,1.00
2015.08.20 16:09:50.882,1.07742,1.07755,1.37,1.50
2015.08.20 16:09:51.405,1.07739,1.07751,2.25,1.00
2015.08.20 16:09:51.921,1.07738,1.0775,2.25,1.00
2015.08.20 16:09:52.963,1.07738,1.0775,2.25,1.00
2015.08.20 16:09:53.305,1.07738,1.0775,2.25,1.00
2015.08.20 16:09:53.814,1.07739,1.07751,1.50,1.00
2015.08.20 16:09:54.119,1.07744,1.07753,1.00,1.00
2015.08.20 16:09:54.679,1.07744,1.07752,1.00,1.00
2015.08.20 16:09:54.731,1.07742,1.07752,1.00,1.00
2015.08.20 16:09:55.240,1.07743,1.07752,1.50,1.00
2015.08.20 16:09:55.443,1.07743,1.07752,1.87,1.00
2015.08.20 16:09:56.143,1.07743,1.07752,1.37,1.00
2015.08.20 16:09:56.742,1.07741,1.07752,1.37,1.00
2015.08.20 16:09:56.948,1.07736,1.07749,1.75,1.00
2015.08.20 16:09:57.488,1.07735,1.07747,1.50,1.00
2015.08.20 16:09:57.745,1.07736,1.07748,1.12,1.50
2015.08.20 16:09:58.051,1.07733,1.07746,4.12,1.00
2015.08.20 16:09:59.328,1.07732,1.07745,1.50,1.00
2015.08.20 16:10:00.858,1.07732,1.07739,1.37,1.00
2015.08.20 16:10:01.062,1.07727,1.07736,1.12,1.00
2015.08.20 16:10:01.267,1.07726,1.07738,1.37,1.00
2015.08.20 16:10:01.810,1.07727,1.07739,1.50,1.00
2015.08.20 16:10:02.324,1.07728,1.07739,1.75,1.00
2015.08.20 16:10:02.377,1.07729,1.07742,1.37,1.00
2015.08.20 16:10:02.532,1.07732,1.07743,1.37,1.00
2015.08.20 16:10:03.234,1.07732,1.07744,1.37,1.00
2015.08.20 16:10:03.795,1.07732,1.07743,1.50,1.00
2015.08.20 16:10:05.578,1.07732,1.07744,1.50,1.00
2015.08.20 16:10:06.029,1.07732,1.07744,1.75,1.00
2015.08.20 16:10:06.537,1.07734,1.07745,1.37,1.00
2015.08.20 16:10:07.730,1.07736,1.07743,1.37,1.00
2015.08.20 16:10:07.781,1.07731,1.07743,1.37,1.00
2015.08.20 16:10:08.308,1.07731,1.07742,1.37,1.00
2015.08.20 16:10:09.000,1.07731,1.07741,1.37,1.00
2015.08.20 16:10:09.952,1.07732,1.07741,1.37,1.00
2015.08.20 16:10:10.885,1.07732,1.07742,1.37,1.00
2015.08.20 16:10:14.228,1.07732,1.07743,1.37,1.00
2015.08.20 16:10:16.159,1.07732,1.07736,1.12,1.00
2015.08.20 16:10:16.871,1.07733,1.07738,1.37,1.00
2015.08.20 16:10:17.330,1.07732,1.07738,1.37,1.00
2015.08.20 16:10:19.102,1.07732,1.07741,1.37,1.00
2015.08.20 16:10:19.153,1.07738,1.07745,2.10,1.50
2015.08.20 16:10:19.205,1.07738,1.07747,2.10,1.00
2015.08.20 16:10:19.256,1.07737,1.07747,1.35,1.00
2015.08.20 16:10:19.308,1.0774,1.07745,1.37,1.00
2015.08.20 16:10:19.410,1.07739,1.07745,1.72,1.00
2015.08.20 16:10:19.614,1.0774,1.07748,1.37,1.00
2015.08.20 16:10:20.056,1.07738,1.07747,1.37,1.00
2015.08.20 16:10:20.107,1.07738,1.07742,1.12,1.00
2015.08.20 16:10:23.281,1.07737,1.07742,1.37,1.00
2015.08.20 16:10:23.983,1.07737,1.07744,1.37,1.00
2015.08.20 16:10:24.086,1.07735,1.07742,1.37,1.00
2015.08.20 16:10:24.764,1.07734,1.07742,1.37,1.00
2015.08.20 16:10:25.532,1.07733,1.07742,1.50,1.00
2015.08.20 16:10:25.940,1.07735,1.07742,1.37,1.00
2015.08.20 16:10:26.388,1.07734,1.07744,1.37,1.50
2015.08.20 16:10:30.060,1.07734,1.07747,1.37,1.50
2015.08.20 16:10:30.112,1.07737,1.07747,1.37,1.00
2015.08.20 16:10:30.366,1.07737,1.07749,1.37,1.00
2015.08.20 16:10:30.417,1.07739,1.07749,1.37,1.00
2015.08.20 16:10:30.943,1.07739,1.0775,1.37,1.00
2015.08.20 16:10:31.781,1.07739,1.07751,1.37,1.00
2015.08.20 16:10:32.035,1.07745,1.07758,1.37,1.00
2015.08.20 16:10:32.137,1.07748,1.07759,1.37,1.00
2015.08.20 16:10:34.822,1.07749,1.07759,1.37,1.00
2015.08.20 16:10:34.876,1.07749,1.07761,1.37,1.50
2015.08.20 16:10:40.610,1.07749,1.0776,1.37,1.00
2015.08.20 16:10:41.351,1.07749,1.07759,1.00,1.00
2015.08.20 16:10:41.454,1.07751,1.0776,1.37,1.00
2015.08.20 16:10:41.811,1.07752,1.07762,1.37,1.00
2015.08.20 16:10:42.949,1.07751,1.07762,1.37,1.00
2015.08.20 16:10:43.480,1.07752,1.07762,1.37,1.00
2015.08.20 16:10:43.685,1.07751,1.0776,1.37,1.00
2015.08.20 16:10:44.250,1.0775,1.0776,1.37,1.00
2015.08.20 16:10:44.777,1.0775,1.07761,1.37,1.00
2015.08.20 16:10:46.854,1.0775,1.0776,1.37,1.00
2015.08.20 16:10:48.022,1.07753,1.07763,1.37,1.50
2015.08.20 16:10:48.531,1.07754,1.07764,1.37,1.50
2015.08.20 16:10:48.855,1.07753,1.07762,1.37,1.00
2015.08.20 16:10:49.449,1.07753,1.07764,1.37,1.50
2015.08.20 16:10:53.120,1.07753,1.07765,1.37,1.00
2015.08.20 16:10:53.629,1.07754,1.07765,1.37,1.00
2015.08.20 16:10:54.481,1.07756,1.07766,1.37,1.00
2015.08.20 16:10:54.685,1.07754,1.07766,1.37,1.00
2015.08.20 16:10:54.787,1.07756,1.07767,1.37,1.00
2015.08.20 16:10:56.027,1.07756,1.07768,1.37,1.50
2015.08.20 16:10:56.932,1.07756,1.07764,1.37,1.00
2015.08.20 16:10:57.091,1.07749,1.07757,1.12,1.00
2015.08.20 16:10:57.498,1.07745,1.07757,1.37,1.00
2015.08.20 16:10:57.601,1.07745,1.07755,1.00,1.00
2015.08.20 16:10:58.104,1.07748,1.07758,1.00,1.50
2015.08.20 16:10:58.159,1.07749,1.07761,1.37,1.00
2015.08.20 16:10:58.211,1.07749,1.07758,1.37,1.00
2015.08.20 16:10:58.573,1.07746,1.07757,1.37,1.00
2015.08.20 16:10:59.380,1.07745,1.07757,1.37,1.00
2015.08.20 16:11:00.811,1.07747,1.0776,1.37,2.25
2015.08.20 16:11:01.577,1.07748,1.0776,1.37,1.00
2015.08.20 16:11:02.171,1.07746,1.07759,1.37,1.50
2015.08.20 16:11:03.667,1.07748,1.0776,1.12,1.50
2015.08.20 16:11:03.871,1.07749,1.0776,1.37,1.00
2015.08.20 16:11:04.228,1.07749,1.07758,1.37,1.00
2015.08.20 16:11:04.381,1.07743,1.07756,1.37,1.50
2015.08.20 16:11:04.483,1.07742,1.07754,1.37,1.00
2015.08.20 16:11:05.298,1.07741,1.07752,1.37,1.00
2015.08.20 16:11:12.391,1.07743,1.07754,1.37,1.00
2015.08.20 16:11:12.702,1.0774,1.07751,1.37,1.00
2015.08.20 16:11:12.804,1.07738,1.07751,1.37,1.50
2015.08.20 16:11:12.957,1.07738,1.07749,1.37,1.00
2015.08.20 16:11:13.411,1.07736,1.07748,1.37,1.00
2015.08.20 16:11:13.717,1.07735,1.07746,1.37,1.00
2015.08.20 16:11:14.023,1.07733,1.07745,1.37,1.00
2015.08.20 16:11:15.163,1.07733,1.07744,1.37,1.00
2015.08.20 16:11:15.666,1.07733,1.07745,1.37,1.00
2015.08.20 16:11:17.861,1.07732,1.07744,1.37,1.00
2015.08.20 16:11:18.375,1.07732,1.07745,1.37,1.50
2015.08.20 16:11:19.228,1.07733,1.07746,1.37,1.50
2015.08.20 16:11:19.744,1.07733,1.07745,1.37,1.00
2015.08.20 16:11:21.862,1.07733,1.07744,1.37,1.00
2015.08.20 16:11:22.478,1.07732,1.07743,1.37,1.00
2015.08.20 16:11:24.131,1.07729,1.07741,1.37,1.00
2015.08.20 16:11:24.437,1.07731,1.07742,1.37,1.00
2015.08.20 16:11:24.692,1.07731,1.07744,1.37,1.50
2015.08.20 16:11:25.659,1.07732,1.07744,1.37,1.00
2015.08.20 16:11:27.714,1.07733,1.07744,1.37,1.00
2015.08.20 16:11:27.817,1.07735,1.07746,1.37,1.00
2015.08.20 16:11:28.021,1.07733,1.07745,1.37,1.00
2015.08.20 16:11:28.123,1.07731,1.07744,1.37,1.00
2015.08.20 16:11:28.664,1.07731,1.07743,1.37,1.00
2015.08.20 16:11:30.735,1.0773,1.07742,1.37,1.00
2015.08.20 16:11:33.819,1.0773,1.07742,1.87,1.00
2015.08.20 16:11:33.870,1.07731,1.07744,1.37,1.50
2015.08.20 16:11:33.921,1.07733,1.07744,1.87,1.00
2015.08.20 16:11:33.973,1.07733,1.07746,1.87,1.00
2015.08.20 16:11:34.024,1.07736,1.07748,1.37,1.00
2015.08.20 16:11:34.702,1.07736,1.07749,1.37,1.50
2015.08.20 16:11:41.353,1.07737,1.0775,1.37,1.50
2015.08.20 16:11:41.861,1.07736,1.07749,1.37,1.50
2015.08.20 16:11:42.689,1.07736,1.07748,1.37,1.00
2015.08.20 16:11:43.351,1.07734,1.07747,1.37,1.00
2015.08.20 16:11:43.504,1.07734,1.07745,1.37,1.00
2015.08.20 16:11:44.184,1.07733,1.07746,1.37,1.50
2015.08.20 16:11:50.164,1.07732,1.07744,1.37,1.00
2015.08.20 16:11:55.448,1.07734,1.07747,1.37,1.50
2015.08.20 16:11:57.257,1.07736,1.07747,1.37,1.00
2015.08.20 16:11:57.315,1.07736,1.07749,1.37,1.00
2015.08.20 16:11:57.847,1.07737,1.0775,1.37,1.00
2015.08.20 16:11:58.547,1.07742,1.07754,1.37,1.00
2015.08.20 16:11:59.058,1.07743,1.07755,1.37,1.00
2015.08.20 16:12:00.338,1.07743,1.07754,1.37,1.00
2015.08.20 16:12:02.675,1.07743,1.07756,1.37,1.50
2015.08.20 16:12:15.338,1.07741,1.07752,1.12,1.00
2015.08.20 16:12:15.389,1.07741,1.07752,1.37,1.00
2015.08.20 16:12:15.440,1.07742,1.07754,1.37,1.50
2015.08.20 16:12:16.184,1.07743,1.07755,1.37,1.00
2015.08.20 16:12:16.731,1.07744,1.07756,1.37,1.00
2015.08.20 16:12:18.086,1.07744,1.07754,1.37,1.00
2015.08.20 16:12:18.239,1.07742,1.07753,1.37,1.00
2015.08.20 16:12:19.544,1.07741,1.07752,1.37,1.00
2015.08.20 16:12:19.601,1.07741,1.07754,1.37,1.00
2015.08.20 16:12:19.703,1.07742,1.07752,1.37,1.00
2015.08.20 16:12:19.806,1.07739,1.0775,1.37,1.00
2015.08.20 16:12:19.909,1.07737,1.0775,1.37,1.50
2015.08.20 16:12:19.960,1.07737,1.07748,1.37,1.00
2015.08.20 16:12:20.216,1.07735,1.07748,1.37,1.50
2015.08.20 16:12:20.747,1.07736,1.07749,1.37,1.50
2015.08.20 16:12:22.457,1.07737,1.07749,1.37,1.50
2015.08.20 16:12:23.215,1.07736,1.07748,1.37,1.00
2015.08.20 16:12:23.759,1.07736,1.07749,1.37,1.50
2015.08.20 16:12:24.642,1.07737,1.07749,1.37,1.00
2015.08.20 16:12:25.229,1.07737,1.07748,1.37,1.00
2015.08.20 16:12:26.536,1.07737,1.07749,1.37,1.00
2015.08.20 16:12:28.734,1.07738,1.0775,1.00,1.50
2015.08.20 16:12:29.432,1.07736,1.07749,1.12,1.00
2015.08.20 16:12:29.941,1.07736,1.0775,1.12,2.25
2015.08.20 16:12:30.486,1.07736,1.07749,1.50,1.00
2015.08.20 16:12:31.392,1.07737,1.0775,1.50,1.00
2015.08.20 16:12:33.622,1.07738,1.07751,1.37,1.50
2015.08.20 16:12:42.370,1.07737,1.0775,1.37,1.50
2015.08.20 16:12:42.473,1.07735,1.07748,1.12,1.00
2015.08.20 16:12:42.576,1.07736,1.07748,1.00,1.00
2015.08.20 16:12:42.882,1.07737,1.0775,1.37,1.50
2015.08.20 16:12:43.515,1.07738,1.07752,1.12,2.25
2015.08.20 16:12:44.024,1.07739,1.07751,1.37,1.00
2015.08.20 16:12:44.076,1.0774,1.07753,1.37,1.00
2015.08.20 16:12:47.419,1.07741,1.07754,1.37,1.50
2015.08.20 16:12:48.578,1.07742,1.07754,1.37,1.00
2015.08.20 16:12:48.680,1.0774,1.07753,1.37,1.50
2015.08.20 16:12:48.782,1.07738,1.07751,1.37,1.00
2015.08.20 16:12:49.489,1.07739,1.07752,1.37,1.50
2015.08.20 16:12:50.200,1.07738,1.07751,1.37,1.00
2015.08.20 16:12:52.056,1.07737,1.0775,1.37,1.00
2015.08.20 16:12:55.365,1.07737,1.0775,1.12,1.00
2015.08.20 16:12:56.454,1.07738,1.07751,1.37,1.50
2015.08.20 16:12:57.003,1.07738,1.0775,1.37,1.00
2015.08.20 16:13:04.279,1.07738,1.07751,1.37,1.50
2015.08.20 16:13:04.790,1.07737,1.0775,1.37,1.50
2015.08.20 16:13:05.538,1.07736,1.07749,1.37,1.00
2015.08.20 16:13:18.237,1.07738,1.0775,1.00,1.00
2015.08.20 16:13:18.543,1.07739,1.07752,1.37,1.00
2015.08.20 16:13:19.522,1.0774,1.07752,1.37,1.00
2015.08.20 16:13:19.624,1.07741,1.07754,1.37,1.00
2015.08.20 16:13:27.908,1.07742,1.07755,1.37,1.00
2015.08.20 16:13:28.520,1.07742,1.07754,1.00,1.00
2015.08.20 16:13:43.172,1.07741,1.07752,1.37,1.00
2015.08.20 16:13:43.274,1.07737,1.0775,1.37,1.00
2015.08.20 16:13:43.697,1.07733,1.07746,1.37,1.00
2015.08.20 16:13:45.368,1.07732,1.07745,1.37,1.00
2015.08.20 16:13:51.671,1.07736,1.07749,1.37,1.00
2015.08.20 16:14:03.631,1.0774,1.07753,1.37,1.00
2015.08.20 16:14:04.299,1.07741,1.07754,1.37,1.00
2015.08.20 16:14:06.516,1.07741,1.07755,1.12,1.50
2015.08.20 16:14:18.215,1.07742,1.07756,1.12,2.25
2015.08.20 16:14:19.214,1.07742,1.07754,1.37,1.50
2015.08.20 16:14:19.727,1.07741,1.07753,1.37,1.00
2015.08.20 16:14:21.442,1.07741,1.07753,1.00,1.50
2015.08.20 16:14:22.123,1.07741,1.07754,1.37,1.00
2015.08.20 16:14:22.430,1.0774,1.07752,1.37,1.00
2015.08.20 16:14:22.944,1.07739,1.07752,1.37,1.00
2015.08.20 16:14:23.484,1.07738,1.07751,1.37,1.00
2015.08.20 16:14:23.789,1.07738,1.07752,1.12,1.00
2015.08.20 16:14:24.298,1.0774,1.07752,1.00,1.00
2015.08.20 16:14:25.195,1.07738,1.07751,1.37,1.00
2015.08.20 16:14:33.035,1.07738,1.0775,1.37,1.00
2015.08.20 16:14:33.138,1.07736,1.07749,1.37,1.00
2015.08.20 16:14:38.571,1.07736,1.0775,1.12,1.50
2015.08.20 16:14:39.182,1.07737,1.07751,1.12,1.50
2015.08.20 16:14:39.885,1.07735,1.07748,1.37,1.50
2015.08.20 16:14:40.701,1.07735,1.07749,1.12,1.00
2015.08.20 16:14:41.173,1.07738,1.07751,1.37,1.00
2015.08.20 16:14:41.901,1.07739,1.07752,1.37,1.50
2015.08.20 16:14:44.132,1.07739,1.07751,1.00,1.50
2015.08.20 16:14:44.183,1.07737,1.07749,1.37,1.00
2015.08.20 16:14:44.285,1.07736,1.07748,1.00,1.00
2015.08.20 16:14:48.739,1.07735,1.07747,1.37,1.00
2015.08.20 16:14:49.493,1.07734,1.07747,1.37,2.25
2015.08.20 16:14:49.545,1.07733,1.07745,1.37,1.00
2015.08.20 16:14:50.566,1.07733,1.07746,1.37,1.00
2015.08.20 16:14:51.113,1.07734,1.07747,1.37,1.00
2015.08.20 16:14:54.834,1.07734,1.07746,1.37,1.00
2015.08.20 16:14:55.350,1.07733,1.07746,1.37,1.00
2015.08.20 16:14:58.906,1.07733,1.07745,1.00,1.00
2015.08.20 16:15:00.521,1.07732,1.07744,1.37,1.00
2015.08.20 16:15:00.877,1.07732,1.07746,1.12,1.50
2015.08.20 16:15:02.842,1.07733,1.07745,1.00,1.00
2015.08.20 16:15:03.351,1.07735,1.07748,1.37,1.00
2015.08.20 16:15:04.970,1.07738,1.07751,1.37,1.50
2015.08.20 16:15:06.649,1.07738,1.07749,1.37,1.00
2015.08.20 16:15:06.751,1.07736,1.07749,1.37,1.87
2015.08.20 16:15:07.519,1.07735,1.07748,1.37,1.50
2015.08.20 16:15:08.334,1.07734,1.07747,1.37,1.50
2015.08.20 16:15:09.403,1.07735,1.07747,1.12,1.00
2015.08.20 16:15:09.454,1.07737,1.0775,1.37,1.50
2015.08.20 16:15:11.003,1.07734,1.07747,1.87,1.50
2015.08.20 16:15:11.515,1.07734,1.07747,1.12,1.00
2015.08.20 16:15:12.407,1.07735,1.07748,1.37,1.00
2015.08.20 16:15:13.377,1.07735,1.07747,1.37,1.00
2015.08.20 16:15:14.070,1.07733,1.07744,1.37,1.00
2015.08.20 16:15:14.598,1.07732,1.07744,1.37,1.00
2015.08.20 16:15:15.641,1.07732,1.07745,1.37,1.00
2015.08.20 16:15:16.263,1.07734,1.07747,1.37,1.50
2015.08.20 16:15:17.238,1.07734,1.07745,1.37,1.37
2015.08.20 16:15:17.391,1.07731,1.07744,1.37,1.12
2015.08.20 16:15:17.901,1.07732,1.07743,1.37,1.00
2015.08.20 16:15:18.523,1.07732,1.07744,1.37,1.00
2015.08.20 16:15:18.778,1.07733,1.07746,1.37,1.50
2015.08.20 16:15:19.186,1.07735,1.07747,1.37,1.00
2015.08.20 16:15:22.478,1.07735,1.07746,1.37,1.00
2015.08.20 16:15:22.990,1.07734,1.07746,1.37,1.00
2015.08.20 16:15:24.015,1.07734,1.07745,1.37,1.00
2015.08.20 16:15:24.270,1.07734,1.07747,1.37,2.62
2015.08.20 16:15:24.818,1.07734,1.07747,1.12,1.87
2015.08.20 16:15:25.333,1.07734,1.07745,1.37,1.00
2015.08.20 16:15:28.446,1.07734,1.07746,1.37,1.87
2015.08.20 16:15:28.967,1.07734,1.07747,1.37,1.50
2015.08.20 16:15:29.882,1.07734,1.07746,1.37,1.00
2015.08.20 16:15:30.390,1.07734,1.07747,1.37,1.50
2015.08.20 16:15:32.203,1.07734,1.07746,1.37,1.00
2015.08.20 16:15:33.408,1.07734,1.07747,1.37,2.25
2015.08.20 16:15:33.969,1.07734,1.07746,1.37,1.00
2015.08.20 16:15:34.680,1.07734,1.07747,1.37,1.87
2015.08.20 16:15:53.886,1.07734,1.07746,1.37,1.00
2015.08.20 16:15:53.988,1.07735,1.07748,1.37,1.00
2015.08.20 16:15:54.040,1.07735,1.07749,1.12,1.00
2015.08.20 16:15:54.194,1.07739,1.07752,1.37,1.00
2015.08.20 16:15:54.449,1.07739,1.07753,1.87,1.00
2015.08.20 16:15:55.292,1.07742,1.07755,1.37,1.50
2015.08.20 16:15:55.445,1.07743,1.07756,1.12,1.00
2015.08.20 16:15:55.954,1.07744,1.07757,1.37,1.50
2015.08.20 16:15:57.463,1.07745,1.07758,1.50,2.25
2015.08.20 16:16:08.994,1.07745,1.07757,1.12,1.00
2015.08.20 16:16:09.533,1.07745,1.07758,1.87,1.00
2015.08.20 16:16:13.803,1.07743,1.07756,1.37,1.50
2015.08.20 16:16:14.313,1.07743,1.07755,1.37,1.00
2015.08.20 16:16:15.746,1.07743,1.07756,1.37,1.50
2015.08.20 16:16:16.255,1.07742,1.07755,1.37,1.50
2015.08.20 16:16:18.831,1.07743,1.07756,1.37,1.00
2015.08.20 16:16:21.848,1.07743,1.07757,1.12,2.25
2015.08.20 16:16:22.430,1.07745,1.07758,1.37,1.00
2015.08.20 16:16:23.899,1.07745,1.07757,1.37,1.00
2015.08.20 16:16:24.205,1.07742,1.07754,1.37,1.00
2015.08.20 16:16:24.788,1.07741,1.07754,1.37,1.50
2015.08.20 16:16:25.210,1.0774,1.07751,1.12,1.00
2015.08.20 16:16:25.264,1.07738,1.07751,1.37,1.50
2015.08.20 16:16:28.648,1.07738,1.0775,1.37,1.00
2015.08.20 16:16:30.044,1.07738,1.07751,2.25,1.00
2015.08.20 16:16:30.197,1.07743,1.07755,1.12,1.00
2015.08.20 16:16:30.249,1.07743,1.07755,1.50,1.00
2015.08.20 16:16:30.300,1.07746,1.07759,1.37,1.00
2015.08.20 16:16:30.809,1.07747,1.0776,1.37,1.00
2015.08.20 16:16:39.426,1.07748,1.0776,1.50,1.00
2015.08.20 16:16:39.936,1.0775,1.07762,1.00,1.50
2015.08.20 16:16:40.833,1.07752,1.07765,1.37,1.00
2015.08.20 16:16:42.529,1.07752,1.07765,1.75,1.00
2015.08.20 16:16:43.463,1.07754,1.07766,1.00,1.00
2015.08.20 16:16:44.024,1.07754,1.07766,1.50,1.00
2015.08.20 16:16:44.333,1.07752,1.07765,1.87,1.00
2015.08.20 16:16:59.589,1.07753,1.07766,1.37,1.00
2015.08.20 16:17:00.133,1.07754,1.07766,1.37,1.00
2015.08.20 16:17:02.889,1.07755,1.07768,1.37,1.00
2015.08.20 16:17:03.307,1.07752,1.07765,1.37,1.00
2015.08.20 16:17:04.571,1.0775,1.07764,1.12,1.00
2015.08.20 16:17:04.623,1.0775,1.07763,1.37,1.50
2015.08.20 16:17:04.985,1.07747,1.0776,1.37,1.00
2015.08.20 16:17:21.219,1.07748,1.07761,1.37,1.00
2015.08.20 16:17:23.038,1.07748,1.07762,1.12,1.00
2015.08.20 16:17:23.652,1.07753,1.07766,1.37,1.00
2015.08.20 16:17:26.244,1.07753,1.07767,1.12,1.50
2015.08.20 16:17:29.168,1.07754,1.07768,1.12,1.00
2015.08.20 16:17:29.722,1.07756,1.07769,1.37,1.00
2015.08.20 16:17:36.297,1.07757,1.0777,1.37,1.00
2015.08.20 16:17:37.164,1.07756,1.07768,1.37,1.00
2015.08.20 16:17:38.131,1.07756,1.07768,1.00,1.00
2015.08.20 16:17:38.669,1.07756,1.07769,1.37,1.00
2015.08.20 16:17:44.301,1.07756,1.0777,1.12,1.50
2015.08.20 16:17:48.186,1.07758,1.07771,1.37,1.00
2015.08.20 16:17:52.031,1.07758,1.07772,1.12,1.50
2015.08.20 16:17:53.890,1.07759,1.07773,1.12,1.00
2015.08.20 16:17:54.435,1.07761,1.07774,1.37,1.00
2015.08.20 16:17:54.871,1.07762,1.07775,1.75,1.00
2015.08.20 16:17:55.024,1.07765,1.07778,1.37,1.00
2015.08.20 16:17:56.237,1.07764,1.07776,1.00,1.00
2015.08.20 16:17:56.748,1.07762,1.07775,1.37,1.00
2015.08.20 16:17:57.841,1.07761,1.07773,1.37,1.00
2015.08.20 16:17:58.349,1.0776,1.07773,1.37,1.00
2015.08.20 16:18:02.858,1.07758,1.0777,1.12,1.00
2015.08.20 16:18:02.909,1.07757,1.0777,1.50,1.00
2015.08.20 16:18:03.417,1.07758,1.07771,1.37,1.00
2015.08.20 16:18:04.253,1.07763,1.07776,1.37,1.00
2015.08.20 16:18:05.240,1.07764,1.07777,1.37,1.50
2015.08.20 16:18:08.117,1.07762,1.07775,1.37,1.00
2015.08.20 16:18:08.656,1.07761,1.07774,1.37,1.00
2015.08.20 16:18:14.563,1.07762,1.07775,2.25,1.00
2015.08.20 16:18:14.970,1.07765,1.07778,1.37,1.00
2015.08.20 16:18:15.276,1.07763,1.07776,1.37,1.00
2015.08.20 16:18:15.885,1.07762,1.07775,1.37,1.00
2015.08.20 16:18:16.244,1.0776,1.07773,1.37,1.00
2015.08.20 16:18:16.834,1.07759,1.07772,1.37,1.00
2015.08.20 16:18:29.420,1.07759,1.07772,2.25,1.00
2015.08.20 16:18:29.573,1.07765,1.07777,1.00,1.00
2015.08.20 16:18:35.890,1.07766,1.07779,1.37,1.00
2015.08.20 16:18:37.954,1.07767,1.07779,1.87,1.00
2015.08.20 16:18:38.005,1.07768,1.07781,1.37,1.00
2015.08.20 16:18:39.876,1.07769,1.07781,1.37,1.00
2015.08.20 16:18:39.927,1.0777,1.07783,1.37,1.00
2015.08.20 16:18:44.002,1.07773,1.07786,1.37,1.00
2015.08.20 16:18:45.226,1.07774,1.07787,1.37,1.00
2015.08.20 16:18:48.208,1.07776,1.07787,1.60,1.00
2015.08.20 16:18:48.311,1.07777,1.0779,3.22,1.00
2015.08.20 16:18:48.824,1.07779,1.07791,1.30,1.00
2015.08.20 16:18:49.367,1.07778,1.07791,2.05,1.00
2015.08.20 16:18:49.826,1.07776,1.07789,1.37,1.00
2015.08.20 16:18:51.112,1.07775,1.07788,1.37,1.00
2015.08.20 16:18:55.519,1.07772,1.07785,1.37,1.00
2015.08.20 16:19:01.115,1.07771,1.07784,1.37,1.00
2015.08.20 16:19:04.727,1.07772,1.07785,1.37,1.00
2015.08.20 16:19:06.312,1.0777,1.07783,1.87,1.00
2015.08.20 16:19:15.377,1.0777,1.07781,1.37,1.00
2015.08.20 16:19:15.870,1.07769,1.07779,1.37,1.00
2015.08.20 16:19:15.922,1.07767,1.07779,1.37,1.00
2015.08.20 16:19:16.481,1.07767,1.0778,1.37,1.50
2015.08.20 16:19:16.735,1.07767,1.07778,1.37,1.50
2015.08.20 16:19:17.392,1.07767,1.07779,1.37,1.87
2015.08.20 16:19:18.267,1.07765,1.07778,1.37,1.00
2015.08.20 16:19:19.346,1.07764,1.07777,1.37,1.00
2015.08.20 16:19:20.244,1.07764,1.07777,1.37,2.62
2015.08.20 16:19:20.398,1.07762,1.07775,1.37,1.00
2015.08.20 16:19:20.944,1.07761,1.07774,1.37,1.00
2015.08.20 16:19:35.986,1.07762,1.07775,1.87,1.00
2015.08.20 16:19:36.534,1.07763,1.07776,1.37,1.87
2015.08.20 16:19:36.588,1.07761,1.07774,1.37,1.00
2015.08.20 16:19:37.097,1.0776,1.07773,1.37,1.00
2015.08.20 16:20:03.352,1.0776,1.07772,2.25,1.00
2015.08.20 16:20:05.271,1.07764,1.07774,1.12,1.00
2015.08.20 16:20:06.209,1.07763,1.07775,1.37,1.00
2015.08.20 16:20:06.363,1.07761,1.07774,2.25,1.00
2015.08.20 16:20:06.914,1.07762,1.07773,1.12,1.00
2015.08.20 16:20:08.601,1.0776,1.07772,1.50,1.00
2015.08.20 16:20:16.754,1.07761,1.07772,1.00,1.00
2015.08.20 16:20:19.987,1.0776,1.07772,1.50,1.00
2015.08.20 16:20:20.500,1.0776,1.07773,2.25,1.00
2015.08.20 16:20:21.545,1.07759,1.07772,2.25,1.00
2015.08.20 16:20:22.075,1.0776,1.07773,1.37,1.50
2015.08.20 16:20:22.617,1.07761,1.07774,1.87,1.00
2015.08.20 16:20:23.472,1.07763,1.07774,1.00,1.00
2015.08.20 16:20:23.683,1.07763,1.07776,1.87,1.00
2015.08.20 16:20:24.040,1.07766,1.07776,1.00,1.00
2015.08.20 16:20:24.091,1.07766,1.07778,1.12,1.00
2015.08.20 16:20:27.338,1.07766,1.07778,1.50,1.00
2015.08.20 16:20:27.391,1.07769,1.07778,1.00,1.00
2015.08.20 16:20:27.495,1.0777,1.0778,1.12,1.00
2015.08.20 16:20:27.597,1.07771,1.07784,1.87,1.00
2015.08.20 16:20:28.278,1.0777,1.07782,1.12,1.00
2015.08.20 16:20:28.583,1.07769,1.0778,1.00,1.00
2015.08.20 16:20:28.686,1.07769,1.07782,1.87,1.00
2015.08.20 16:20:29.583,1.07768,1.07781,1.37,1.00
2015.08.20 16:20:29.635,1.07767,1.07779,1.12,1.00
2015.08.20 16:20:31.092,1.07767,1.0778,1.87,1.50
2015.08.20 16:20:33.769,1.07767,1.07778,1.87,1.00
2015.08.20 16:20:33.922,1.07765,1.07778,1.87,1.50
2015.08.20 16:20:34.024,1.07765,1.07776,1.00,1.00
2015.08.20 16:20:34.330,1.0776,1.07771,1.75,1.00
2015.08.20 16:20:34.867,1.07761,1.07772,1.50,1.00
2015.08.20 16:20:35.020,1.07761,1.07772,1.00,1.00
2015.08.20 16:20:35.529,1.0776,1.07771,1.00,1.00
2015.08.20 16:20:36.158,1.07761,1.07772,1.00,1.00
2015.08.20 16:20:37.130,1.07759,1.07772,1.87,1.00
2015.08.20 16:20:39.165,1.07759,1.07765,1.37,1.00
2015.08.20 16:20:39.319,1.07752,1.07763,1.97,1.00
2015.08.20 16:20:39.371,1.07752,1.07761,1.97,1.00
2015.08.20 16:20:39.841,1.0775,1.07756,2.10,1.00
2015.08.20 16:20:39.892,1.07746,1.07759,1.37,1.50
2015.08.20 16:20:40.402,1.07746,1.07758,1.12,1.00
2015.08.20 16:20:41.257,1.07746,1.07759,1.37,1.50
2015.08.20 16:20:42.209,1.07746,1.07757,1.37,1.00
2015.08.20 16:20:42.641,1.07744,1.07755,1.37,1.00
2015.08.20 16:20:42.692,1.07738,1.0775,1.37,1.00
2015.08.20 16:20:42.744,1.07736,1.07748,1.00,1.00
2015.08.20 16:20:43.558,1.07734,1.07747,1.87,1.00
2015.08.20 16:20:44.045,1.07734,1.07743,1.37,1.00
2015.08.20 16:20:44.147,1.07731,1.07743,1.37,1.00
2015.08.20 16:20:44.249,1.0773,1.07742,1.00,1.00
2015.08.20 16:20:45.746,1.07728,1.07741,2.25,1.00
2015.08.20 16:20:46.421,1.07731,1.07741,1.00,1.00
2015.08.20 16:20:46.523,1.07733,1.07745,1.12,1.50
2015.08.20 16:20:47.194,1.07734,1.07745,1.00,1.50
2015.08.20 16:20:47.726,1.07732,1.07745,1.87,1.50
2015.08.20 16:20:47.828,1.07731,1.07743,1.12,1.00
2015.08.20 16:20:50.180,1.07732,1.07743,1.00,1.00
2015.08.20 16:20:50.664,1.07733,1.07745,1.50,1.00
2015.08.20 16:21:02.218,1.07732,1.07744,1.72,1.50
2015.08.20 16:21:04.382,1.07732,1.07744,1.30,1.50
2015.08.20 16:21:05.078,1.07732,1.07741,1.30,1.00
2015.08.20 16:21:05.591,1.07728,1.07738,1.60,1.50
2015.08.20 16:21:05.694,1.0773,1.07741,1.60,1.00
2015.08.20 16:21:05.847,1.0773,1.07743,2.47,1.50
2015.08.20 16:21:06.999,1.07732,1.07744,1.30,1.50
2015.08.20 16:21:07.509,1.07732,1.07745,2.47,1.00
2015.08.20 16:21:10.168,1.07732,1.07744,1.30,1.00
2015.08.20 16:21:14.101,1.07732,1.07739,1.30,1.00
2015.08.20 16:21:16.376,1.07732,1.07739,1.72,1.00
2015.08.20 16:21:19.177,1.07732,1.0774,1.87,1.00
2015.08.20 16:21:21.323,1.07733,1.0774,1.37,1.00
2015.08.20 16:21:23.826,1.07734,1.0774,1.37,1.00
2015.08.20 16:21:24.716,1.07733,1.07741,1.37,1.00
2015.08.20 16:21:25.024,1.07734,1.07739,1.37,1.00
2015.08.20 16:21:25.535,1.07733,1.07739,1.37,1.00
2015.08.20 16:21:26.821,1.07733,1.07738,1.37,1.00
2015.08.20 16:21:27.126,1.07725,1.07733,1.37,1.00
2015.08.20 16:21:27.278,1.07725,1.07731,1.37,1.00
2015.08.20 16:21:27.431,1.07722,1.0773,1.75,1.00
2015.08.20 16:21:28.028,1.07722,1.0773,1.37,1.00
2015.08.20 16:21:30.554,1.07721,1.0773,1.37,1.00
2015.08.20 16:21:31.365,1.07721,1.07727,1.37,1.00
2015.08.20 16:21:31.417,1.07721,1.07729,1.37,1.00
2015.08.20 16:21:31.520,1.07719,1.07729,1.37,1.00
2015.08.20 16:21:37.895,1.07719,1.07727,1.87,1.00
2015.08.20 16:21:44.626,1.07719,1.07726,1.87,1.00
2015.08.20 16:21:44.884,1.07719,1.07728,1.87,1.00
2015.08.20 16:21:45.299,1.0772,1.07728,1.12,1.00
2015.08.20 16:21:45.659,1.07721,1.07729,1.37,1.00
2015.08.20 16:21:49.015,1.07721,1.07727,1.37,1.00
2015.08.20 16:21:53.649,1.07721,1.07726,1.37,1.00
2015.08.20 16:21:53.702,1.07718,1.07723,1.12,1.00
2015.08.20 16:21:54.523,1.07719,1.07727,1.50,1.00
2015.08.20 16:21:58.358,1.07719,1.07731,1.87,1.00
2015.08.20 16:22:00.430,1.07719,1.07732,1.87,1.00
2015.08.20 16:22:00.481,1.07722,1.07732,1.50,1.00
2015.08.20 16:22:00.533,1.07723,1.07734,1.37,1.00
2015.08.20 16:22:01.092,1.07723,1.07735,1.87,1.00
2015.08.20 16:22:01.735,1.07723,1.07734,1.37,1.00
2015.08.20 16:22:05.599,1.07723,1.07732,1.37,1.00
2015.08.20 16:22:21.380,1.07722,1.07732,1.37,1.00
2015.08.20 16:22:21.897,1.07721,1.07731,1.00,1.50
2015.08.20 16:22:21.948,1.0772,1.07729,1.50,1.00
2015.08.20 16:22:22.460,1.07721,1.07729,1.00,1.00
2015.08.20 16:22:23.156,1.0772,1.07729,1.12,1.00
2015.08.20 16:22:24.173,1.0772,1.07731,1.37,1.00
2015.08.20 16:22:24.709,1.07719,1.07731,1.37,1.00
2015.08.20 16:22:24.811,1.07719,1.07729,1.37,1.00
2015.08.20 16:22:26.895,1.07719,1.07726,1.37,1.00
2015.08.20 16:22:27.049,1.07717,1.07728,1.72,1.00
2015.08.20 16:22:31.258,1.07717,1.07726,1.30,1.00
2015.08.20 16:22:33.082,1.07717,1.07728,1.72,1.00
2015.08.20 16:22:33.184,1.07718,1.07728,1.72,1.00
2015.08.20 16:22:36.458,1.07719,1.07729,1.00,1.00
2015.08.20 16:22:37.069,1.0772,1.07729,1.37,1.00
2015.08.20 16:22:37.646,1.07721,1.07729,1.37,1.00
2015.08.20 16:22:38.512,1.07721,1.07731,1.37,1.00
2015.08.20 16:22:41.142,1.07721,1.07729,1.37,1.00
2015.08.20 16:22:42.663,1.07721,1.07726,1.12,1.00
2015.08.20 16:22:42.715,1.07721,1.07727,1.37,1.00
2015.08.20 16:22:42.766,1.07721,1.07729,1.37,1.00
2015.08.20 16:22:42.817,1.07721,1.07731,1.37,1.00
2015.08.20 16:22:44.420,1.07722,1.07731,1.37,1.00
2015.08.20 16:22:48.605,1.07721,1.0773,1.37,1.00
2015.08.20 16:22:50.497,1.0772,1.07728,1.37,1.00
2015.08.20 16:22:50.855,1.07719,1.07726,1.37,1.00
2015.08.20 16:22:51.897,1.07709,1.07716,3.82,1.00
2015.08.20 16:22:51.948,1.07705,1.07716,1.37,1.00
2015.08.20 16:22:55.313,1.07704,1.07716,1.50,1.00
2015.08.20 16:22:56.407,1.07706,1.07716,1.37,1.00
2015.08.20 16:22:56.468,1.07706,1.07718,1.37,1.00
2015.08.20 16:22:57.061,1.07707,1.07718,1.87,1.00
2015.08.20 16:22:58.346,1.07707,1.07718,1.00,1.00
2015.08.20 16:22:59.511,1.07707,1.07718,1.37,1.00
2015.08.20 16:23:00.023,1.07707,1.07718,1.12,1.00
2015.08.20 16:23:00.957,1.07707,1.07718,1.50,1.00
2015.08.20 16:23:01.467,1.07707,1.07719,1.50,1.50
2015.08.20 16:23:03.320,1.07706,1.07717,1.37,1.00
2015.08.20 16:23:15.085,1.07706,1.07716,1.37,1.00
2015.08.20 16:23:15.240,1.07704,1.07716,1.37,1.00
2015.08.20 16:23:15.343,1.07703,1.07714,1.37,1.00
2015.08.20 16:23:15.872,1.07702,1.07714,1.37,1.00
2015.08.20 16:23:18.174,1.07703,1.07714,1.37,1.00
2015.08.20 16:23:18.689,1.07703,1.07714,1.12,1.00
2015.08.20 16:23:19.386,1.07703,1.07714,1.37,1.00
2015.08.20 16:23:19.700,1.07711,1.07716,1.00,1.00
2015.08.20 16:23:22.991,1.07711,1.07715,1.00,1.00
2015.08.20 16:23:24.190,1.07711,1.07716,1.00,1.00
2015.08.20 16:23:24.503,1.07717,1.07721,1.00,1.00
2015.08.20 16:23:24.554,1.07712,1.07719,1.00,1.50
2015.08.20 16:23:24.657,1.07712,1.07717,1.00,1.00
2015.08.20 16:23:25.682,1.07711,1.07717,1.00,1.00
2015.08.20 16:23:27.860,1.07712,1.07717,1.00,1.00
2015.08.20 16:23:28.974,1.07712,1.07718,1.00,1.00
2015.08.20 16:23:29.320,1.07718,1.07722,1.00,1.00
2015.08.20 16:23:29.372,1.07717,1.07721,1.00,1.00
2015.08.20 16:23:29.474,1.07719,1.07725,1.00,1.00
2015.08.20 16:23:29.914,1.07717,1.07726,1.00,1.00
2015.08.20 16:23:30.422,1.07717,1.07727,1.00,1.00
2015.08.20 16:23:31.572,1.07719,1.07727,1.00,1.00
2015.08.20 16:23:32.080,1.07719,1.07726,1.00,1.00
2015.08.20 16:23:33.343,1.07719,1.07726,1.00,1.37
2015.08.20 16:23:33.597,1.07716,1.07726,1.00,1.37
2015.08.20 16:23:34.588,1.07716,1.07724,1.00,1.00
2015.08.20 16:23:40.482,1.07718,1.07724,1.00,1.00
2015.08.20 16:23:41.004,1.07718,1.07725,1.00,1.00
2015.08.20 16:23:41.411,1.07716,1.07726,1.00,1.12
2015.08.20 16:23:42.995,1.07716,1.07725,1.00,1.12
2015.08.20 16:23:43.575,1.07715,1.07725,1.00,1.00
2015.08.20 16:23:43.677,1.07717,1.07725,1.00,1.00
2015.08.20 16:23:44.195,1.07717,1.07726,1.00,1.00
2015.08.20 16:23:45.502,1.07719,1.07726,1.00,1.00
2015.08.20 16:23:48.498,1.07723,1.07727,1.00,1.00
2015.08.20 16:23:48.549,1.07721,1.07729,1.00,1.00
2015.08.20 16:23:48.754,1.07719,1.07729,1.00,1.00
2015.08.20 16:23:49.553,1.07719,1.07728,1.00,1.00
2015.08.20 16:23:58.716,1.07718,1.07728,1.00,1.00
2015.08.20 16:23:58.870,1.07715,1.07728,1.37,1.00
2015.08.20 16:24:00.011,1.07716,1.07728,1.87,1.00
2015.08.20 16:24:00.063,1.07717,1.0773,1.37,1.00
2015.08.20 16:24:00.166,1.07719,1.07732,1.37,1.00
2015.08.20 16:24:02.855,1.0772,1.07733,1.37,1.00
2015.08.20 16:24:08.664,1.07721,1.07734,1.37,1.00
2015.08.20 16:24:08.970,1.07721,1.07732,1.00,1.00
2015.08.20 16:24:09.688,1.0772,1.07733,1.37,1.00
2015.08.20 16:24:10.011,1.07718,1.07727,1.37,1.00
2015.08.20 16:24:10.063,1.07715,1.07727,1.12,1.50
2015.08.20 16:24:10.369,1.07712,1.07725,1.37,1.00
2015.08.20 16:24:11.110,1.0771,1.07722,1.87,1.00
2015.08.20 16:24:11.162,1.07709,1.07722,1.37,1.00
2015.08.20 16:24:11.469,1.07707,1.0772,1.37,1.00
2015.08.20 16:24:11.979,1.07708,1.07721,1.37,1.00
2015.08.20 16:24:12.612,1.07709,1.07722,1.37,1.00
2015.08.20 16:24:14.194,1.07707,1.07717,1.12,1.00
2015.08.20 16:24:14.246,1.07704,1.07717,1.37,1.00
2015.08.20 16:24:15.804,1.07703,1.07715,1.37,1.00
2015.08.20 16:24:16.112,1.07701,1.07713,1.37,1.00
2015.08.20 16:24:16.214,1.077,1.07712,1.00,1.00
2015.08.20 16:24:17.071,1.07698,1.07711,1.37,1.00
2015.08.20 16:24:19.422,1.07698,1.0771,1.00,1.00
2015.08.20 16:24:21.835,1.07697,1.07709,1.00,1.00
2015.08.20 16:24:22.688,1.07696,1.07708,1.37,1.00
2015.08.20 16:24:22.739,1.07696,1.07706,1.37,1.00
2015.08.20 16:24:22.892,1.07694,1.07707,1.37,1.00
2015.08.20 16:24:23.846,1.07696,1.07708,1.50,1.00
2015.08.20 16:24:24.415,1.07697,1.07709,1.12,1.50
2015.08.20 16:24:24.916,1.07697,1.07709,1.87,1.00
2015.08.20 16:24:25.535,1.07697,1.07708,1.37,1.00
2015.08.20 16:24:28.537,1.07697,1.0771,1.37,1.00
2015.08.20 16:24:29.302,1.07698,1.0771,1.67,1.00
2015.08.20 16:24:29.405,1.07701,1.07712,1.87,1.00
2015.08.20 16:24:30.333,1.077,1.07714,1.12,1.50
2015.08.20 16:24:30.391,1.077,1.07713,1.37,1.00
2015.08.20 16:24:30.545,1.077,1.07711,1.00,1.00
2015.08.20 16:24:30.852,1.07698,1.0771,1.00,1.00
2015.08.20 16:24:35.582,1.07698,1.07711,1.37,1.00
2015.08.20 16:24:38.696,1.077,1.07713,1.37,1.00
2015.08.20 16:24:41.352,1.077,1.07713,1.37,1.37
2015.08.20 16:24:41.658,1.07698,1.07709,1.37,1.00
2015.08.20 16:24:41.965,1.07698,1.07711,1.37,1.00
2015.08.20 16:24:56.470,1.07698,1.0771,1.37,1.00
2015.08.20 16:24:57.326,1.07696,1.07709,1.87,1.50
2015.08.20 16:24:58.763,1.07699,1.07709,1.00,1.00
2015.08.20 16:24:58.815,1.07699,1.07711,1.12,1.00
2015.08.20 16:24:59.347,1.07699,1.07712,1.87,1.00
2015.08.20 16:25:01.847,1.07699,1.07711,1.12,1.00
2015.08.20 16:25:05.085,1.07704,1.07713,1.12,1.00
2015.08.20 16:25:05.238,1.07704,1.07715,1.00,1.00
2015.08.20 16:25:05.747,1.07704,1.07717,1.87,1.50
2015.08.20 16:25:09.255,1.07706,1.07717,1.87,1.00
2015.08.20 16:25:09.759,1.07706,1.07718,1.87,1.00
2015.08.20 16:25:10.280,1.07708,1.0772,1.37,1.00
2015.08.20 16:25:11.021,1.07708,1.07721,1.37,1.00
2015.08.20 16:25:12.375,1.07713,1.07721,1.00,1.00
2015.08.20 16:25:12.580,1.07715,1.07725,1.00,1.00
2015.08.20 16:25:12.683,1.07716,1.07727,1.00,1.00
2015.08.20 16:25:12.887,1.07716,1.07729,1.87,1.00
2015.08.20 16:25:13.243,1.07718,1.07731,1.50,1.50
2015.08.20 16:25:13.779,1.0772,1.07733,1.87,1.50
2015.08.20 16:25:15.471,1.07721,1.07734,1.37,1.00
2015.08.20 16:25:20.582,1.07722,1.07735,1.37,1.00
2015.08.20 16:25:21.752,1.07722,1.07734,1.00,1.00
2015.08.20 16:25:22.263,1.07721,1.07733,1.37,1.00
2015.08.20 16:25:22.422,1.07718,1.07731,1.37,1.00
2015.08.20 16:25:23.035,1.07717,1.0773,2.62,1.00
2015.08.20 16:25:23.087,1.07719,1.07732,1.37,1.00
2015.08.20 16:25:23.621,1.0772,1.07733,1.37,1.00
2015.08.20 16:25:24.380,1.07721,1.07734,1.37,1.00
2015.08.20 16:25:28.390,1.07721,1.07735,1.87,1.50
2015.08.20 16:25:30.937,1.0772,1.07733,1.87,1.00
2015.08.20 16:25:36.610,1.07723,1.07733,1.00,1.00
2015.08.20 16:25:36.762,1.07724,1.07737,1.37,1.00
2015.08.20 16:25:37.272,1.07723,1.07736,1.87,1.00
2015.08.20 16:25:38.672,1.07729,1.07736,1.00,1.00
2015.08.20 16:25:38.724,1.07727,1.07737,1.00,1.00
2015.08.20 16:25:38.827,1.07725,1.07737,1.12,1.50
2015.08.20 16:25:39.033,1.07723,1.07734,1.00,1.00
2015.08.20 16:25:39.740,1.07721,1.07734,1.87,1.00
2015.08.20 16:25:40.200,1.07721,1.07735,1.87,1.00
2015.08.20 16:25:40.709,1.07723,1.07736,1.37,1.00
2015.08.20 16:25:42.237,1.07724,1.07737,1.37,1.00
2015.08.20 16:25:42.543,1.07726,1.07739,1.37,1.00
2015.08.20 16:25:45.154,1.07727,1.0774,1.87,1.00
2015.08.20 16:25:46.373,1.07728,1.0774,1.37,1.00
2015.08.20 16:25:46.687,1.07725,1.07738,1.87,1.00
2015.08.20 16:25:47.535,1.07723,1.07736,1.87,1.00
2015.08.20 16:25:48.046,1.07725,1.07735,1.00,1.00
2015.08.20 16:25:51.117,1.07725,1.07734,1.00,1.00
2015.08.20 16:25:51.630,1.07724,1.07734,1.00,1.00
2015.08.20 16:25:52.725,1.07722,1.07733,1.00,1.00
2015.08.20 16:25:53.237,1.07722,1.07734,1.12,1.00
2015.08.20 16:25:56.164,1.07722,1.07733,1.00,1.00
2015.08.20 16:25:56.572,1.0772,1.07732,1.12,1.00
2015.08.20 16:26:07.082,1.07724,1.07732,1.00,1.00
2015.08.20 16:26:07.235,1.07724,1.07734,1.00,1.00
2015.08.20 16:26:07.337,1.07724,1.07736,1.12,1.00
2015.08.20 16:26:07.389,1.07727,1.07737,1.00,1.50
2015.08.20 16:26:08.087,1.0773,1.0774,1.00,1.00
2015.08.20 16:26:08.597,1.07729,1.0774,1.00,1.00
2015.08.20 16:26:09.501,1.07729,1.07741,1.12,1.00
2015.08.20 16:26:10.021,1.07729,1.0774,1.00,1.00
2015.08.20 16:26:10.539,1.0773,1.0774,1.50,1.00
2015.08.20 16:26:11.958,1.0773,1.07741,1.87,1.00
2015.08.20 16:26:12.163,1.0773,1.07743,2.25,1.50
2015.08.20 16:26:13.071,1.07732,1.07743,1.00,1.00
2015.08.20 16:26:13.175,1.0773,1.07742,2.62,1.00
2015.08.20 16:26:13.431,1.07732,1.07742,1.00,1.00
2015.08.20 16:26:13.636,1.0773,1.07742,1.12,1.50
2015.08.20 16:26:13.738,1.07729,1.0774,1.37,1.00
2015.08.20 16:26:14.164,1.07728,1.07739,1.12,1.00
2015.08.20 16:26:14.572,1.07726,1.07737,1.50,1.00
2015.08.20 16:26:14.726,1.07725,1.07736,1.12,1.00
2015.08.20 16:26:15.532,1.07725,1.07735,1.12,1.00
2015.08.20 16:26:16.048,1.07724,1.07735,1.00,1.87
2015.08.20 16:26:16.597,1.07723,1.07734,1.12,1.00
2015.08.20 16:26:17.256,1.07723,1.07733,1.12,1.00
2015.08.20 16:26:18.745,1.07723,1.07732,1.00,1.00
2015.08.20 16:26:19.252,1.0772,1.07732,1.87,1.50
2015.08.20 16:26:19.776,1.0772,1.07731,1.00,1.50
2015.08.20 16:26:20.304,1.0772,1.07732,1.12,2.62
2015.08.20 16:26:20.560,1.07722,1.07731,1.00,1.50
2015.08.20 16:26:23.121,1.07721,1.07731,1.00,1.00
2015.08.20 16:26:23.325,1.07719,1.07731,1.12,1.00
2015.08.20 16:26:23.837,1.07719,1.07732,1.50,2.25
2015.08.20 16:26:24.347,1.07719,1.07731,1.12,1.50
2015.08.20 16:26:26.243,1.07719,1.0773,1.12,1.00
2015.08.20 16:26:27.118,1.07718,1.07728,1.12,1.00
2015.08.20 16:26:27.434,1.07715,1.07723,1.00,1.00
2015.08.20 16:26:28.249,1.07716,1.07725,1.00,1.00
2015.08.20 16:26:28.783,1.07716,1.07723,1.00,1.00
2015.08.20 16:26:29.494,1.07715,1.07723,1.00,1.00
2015.08.20 16:26:30.410,1.07715,1.07722,1.00,1.00
2015.08.20 16:26:30.920,1.07714,1.07722,1.00,1.00
2015.08.20 16:26:31.327,1.07713,1.07724,1.00,1.50
2015.08.20 16:26:33.830,1.07716,1.07725,1.12,1.00
2015.08.20 16:26:34.140,1.07718,1.07727,1.00,1.00
2015.08.20 16:26:34.450,1.07722,1.07728,1.00,1.00
2015.08.20 16:26:34.989,1.07722,1.07729,1.00,1.50
2015.08.20 16:26:35.507,1.07721,1.07729,1.00,1.00
2015.08.20 16:26:36.712,1.07721,1.0773,1.00,1.50
2015.08.20 16:26:37.522,1.07722,1.0773,1.00,1.50
2015.08.20 16:26:38.256,1.07721,1.0773,1.00,1.50
2015.08.20 16:26:50.406,1.0772,1.0773,1.00,1.00
2015.08.20 16:26:52.983,1.07723,1.0773,1.00,1.00
2015.08.20 16:26:53.470,1.07721,1.0773,1.00,1.50
2015.08.20 16:26:53.522,1.07717,1.07729,1.87,1.00
2015.08.20 16:26:53.777,1.0772,1.07728,1.00,1.00
2015.08.20 16:26:54.246,1.07722,1.07729,1.00,1.00
2015.08.20 16:26:55.023,1.07723,1.07729,1.00,1.00
2015.08.20 16:26:55.075,1.07715,1.07726,1.37,1.00
2015.08.20 16:26:55.585,1.07715,1.07727,1.37,1.00
2015.08.20 16:26:57.773,1.07715,1.07728,1.37,1.50
2015.08.20 16:27:00.211,1.07715,1.07728,1.37,2.62
2015.08.20 16:27:00.415,1.07714,1.07726,1.12,1.87
2015.08.20 16:27:01.006,1.07714,1.07725,1.37,1.00
2015.08.20 16:27:01.413,1.07712,1.07725,1.87,1.00
2015.08.20 16:27:03.179,1.07712,1.07726,1.87,2.25
2015.08.20 16:27:03.711,1.07713,1.07725,1.37,1.00
2015.08.20 16:27:04.244,1.07712,1.07725,1.87,1.00
2015.08.20 16:27:04.787,1.07712,1.07726,1.87,1.50
2015.08.20 16:27:06.079,1.07712,1.07723,1.00,1.00
2015.08.20 16:27:06.600,1.07712,1.07724,1.12,1.00
2015.08.20 16:27:12.191,1.07712,1.07723,1.12,1.00
2015.08.20 16:27:13.866,1.07712,1.0772,1.12,1.00
2015.08.20 16:27:14.376,1.07712,1.07721,1.12,1.00
2015.08.20 16:27:15.862,1.07715,1.07721,1.00,1.00
2015.08.20 16:27:16.899,1.07715,1.07723,1.00,1.00
2015.08.20 16:27:17.402,1.07715,1.07724,1.00,1.87
2015.08.20 16:27:20.589,1.07718,1.07724,1.00,1.87
2015.08.20 16:27:29.818,1.07717,1.07724,1.00,1.37
2015.08.20 16:27:29.871,1.07715,1.07724,1.00,1.37
2015.08.20 16:27:29.924,1.07713,1.07721,1.00,1.50
2015.08.20 16:27:29.976,1.07711,1.07721,1.00,1.50
2015.08.20 16:27:30.231,1.07711,1.07718,1.00,1.00
2015.08.20 16:27:30.881,1.07711,1.07716,1.00,1.00
2015.08.20 16:27:31.292,1.07711,1.07718,1.00,1.00
2015.08.20 16:27:31.445,1.07713,1.0772,1.00,1.50
2015.08.20 16:27:32.015,1.07712,1.0772,1.00,1.00
2015.08.20 16:27:32.067,1.07713,1.07722,1.00,1.00
2015.08.20 16:27:32.170,1.07711,1.07721,1.00,1.00
2015.08.20 16:27:32.685,1.07711,1.0772,1.00,1.00
2015.08.20 16:27:33.258,1.07711,1.07721,1.00,1.00
2015.08.20 16:27:34.765,1.07713,1.07721,1.00,1.00
2015.08.20 16:27:36.503,1.07716,1.07721,1.00,1.00
2015.08.20 16:27:36.555,1.07712,1.07722,1.12,1.00
2015.08.20 16:27:36.809,1.0771,1.07722,1.12,1.00
2015.08.20 16:27:37.403,1.0771,1.07721,1.00,1.00
2015.08.20 16:27:37.976,1.0771,1.0772,1.00,1.50
2015.08.20 16:27:38.078,1.07712,1.07719,1.00,1.00
2015.08.20 16:27:38.181,1.0771,1.0772,1.00,1.00
2015.08.20 16:27:39.066,1.0771,1.07721,1.00,1.00
2015.08.20 16:27:39.577,1.0771,1.0772,1.00,1.00
2015.08.20 16:27:42.273,1.0771,1.07721,1.12,1.00
2015.08.20 16:27:43.169,1.0771,1.07722,1.12,1.50
2015.08.20 16:27:45.039,1.07711,1.07722,1.00,1.50
2015.08.20 16:27:50.425,1.07709,1.0772,1.00,1.00
2015.08.20 16:27:50.527,1.07709,1.07722,1.87,1.50
2015.08.20 16:27:51.617,1.07708,1.07721,1.37,1.50
2015.08.20 16:27:51.771,1.07706,1.07718,1.37,1.00
2015.08.20 16:27:52.078,1.07704,1.07716,1.37,1.00
2015.08.20 16:27:52.231,1.07705,1.07718,1.37,1.00
2015.08.20 16:27:54.585,1.07705,1.07717,1.00,1.00
2015.08.20 16:27:55.486,1.07704,1.07716,1.30,1.00
2015.08.20 16:27:57.834,1.07703,1.07715,1.72,1.00
2015.08.20 16:27:58.574,1.07703,1.07714,1.72,1.00
2015.08.20 16:27:58.830,1.07705,1.07716,1.00,1.00
2015.08.20 16:27:59.186,1.07705,1.07718,1.50,1.50
2015.08.20 16:27:59.831,1.07706,1.07719,1.37,1.50
2015.08.20 16:28:00.340,1.07705,1.07718,1.37,1.00
2015.08.20 16:28:00.595,1.07708,1.07718,1.00,1.00
2015.08.20 16:28:01.496,1.07708,1.07719,1.75,1.00
2015.08.20 16:28:01.553,1.0771,1.07723,1.37,1.00
2015.08.20 16:28:02.758,1.0771,1.07722,1.37,1.00
2015.08.20 16:28:04.016,1.0771,1.07723,1.37,1.00
2015.08.20 16:28:04.525,1.07711,1.07724,1.37,1.87
2015.08.20 16:28:12.433,1.07711,1.07724,1.37,1.87
2015.08.20 16:28:13.467,1.07711,1.07724,1.87,1.87
2015.08.20 16:28:13.977,1.07711,1.07723,1.87,1.12
2015.08.20 16:28:14.806,1.07713,1.07723,1.00,1.12
2015.08.20 16:28:15.319,1.07713,1.07724,1.00,1.50
2015.08.20 16:28:16.373,1.07713,1.07725,1.87,1.00
2015.08.20 16:28:18.586,1.07712,1.07725,1.87,1.50
2015.08.20 16:28:18.992,1.07711,1.07723,1.37,1.00
2015.08.20 16:28:24.278,1.0771,1.07723,1.87,1.50
2015.08.20 16:28:27.188,1.07708,1.07722,1.12,1.00
2015.08.20 16:28:27.240,1.07708,1.07721,1.37,1.00
2015.08.20 16:28:27.881,1.07707,1.0772,1.37,1.00
2015.08.20 16:28:30.201,1.07705,1.07719,2.62,1.00
2015.08.20 16:28:30.254,1.07705,1.07718,2.62,1.00
2015.08.20 16:28:32.450,1.07706,1.07719,2.62,1.00
2015.08.20 16:28:32.552,1.07707,1.07721,1.12,1.50
2015.08.20 16:28:32.857,1.07711,1.07721,1.00,1.00
2015.08.20 16:28:33.573,1.07712,1.07721,1.00,1.00
2015.08.20 16:28:33.625,1.0771,1.07722,1.12,1.00
2015.08.20 16:28:34.141,1.0771,1.07723,1.87,1.00
2015.08.20 16:28:35.050,1.07711,1.07724,1.50,1.50
2015.08.20 16:28:35.874,1.07711,1.07722,1.12,1.00
2015.08.20 16:28:36.901,1.07715,1.07722,1.00,1.00
2015.08.20 16:28:38.354,1.07715,1.07724,1.00,1.50
2015.08.20 16:28:38.865,1.07715,1.07723,1.00,1.00
2015.08.20 16:28:42.103,1.07717,1.07723,1.00,1.00
2015.08.20 16:28:43.068,1.07717,1.07724,1.00,1.00
2015.08.20 16:28:43.576,1.07719,1.07724,1.00,1.00
2015.08.20 16:28:46.064,1.07719,1.07723,1.00,1.00
2015.08.20 16:28:46.791,1.07719,1.07724,1.00,1.50
2015.08.20 16:28:50.762,1.07718,1.07724,1.00,1.00
2015.08.20 16:28:57.792,1.07713,1.07724,1.00,1.00
2015.08.20 16:28:57.944,1.07713,1.07722,1.00,1.00
2015.08.20 16:28:59.763,1.0771,1.07722,1.12,1.00
2015.08.20 16:29:00.611,1.07711,1.07721,1.00,1.00
2015.08.20 16:29:02.013,1.0771,1.07721,1.00,1.00
2015.08.20 16:29:04.275,1.07711,1.07721,1.00,1.00
2015.08.20 16:29:05.069,1.0771,1.07722,1.12,1.00
2015.08.20 16:29:05.589,1.0771,1.07721,1.00,1.00
2015.08.20 16:29:06.416,1.07708,1.0772,1.00,1.00
2015.08.20 16:29:06.924,1.07706,1.07719,1.37,1.00
2015.08.20 16:29:09.914,1.07706,1.0772,1.87,2.25
2015.08.20 16:29:12.425,1.07707,1.0772,2.25,1.00
2015.08.20 16:29:12.963,1.07709,1.07722,1.37,1.00
2015.08.20 16:29:16.298,1.07707,1.07721,1.87,1.00
2015.08.20 16:29:16.350,1.07707,1.0772,1.87,1.00
2015.08.20 16:29:16.859,1.07707,1.07719,1.37,1.00
2015.08.20 16:29:17.615,1.07706,1.07719,1.87,1.50
2015.08.20 16:29:18.136,1.07706,1.07718,1.12,1.00
2015.08.20 16:29:18.900,1.07707,1.07718,1.75,1.00
2015.08.20 16:29:18.951,1.07709,1.07722,1.87,1.00
2015.08.20 16:29:19.865,1.0771,1.07723,1.37,1.00
2015.08.20 16:29:21.042,1.0771,1.07721,1.12,1.00
2015.08.20 16:29:21.349,1.07722,1.07726,1.00,1.00
2015.08.20 16:29:21.401,1.07718,1.07726,1.00,1.00
2015.08.20 16:29:21.836,1.07716,1.07726,1.00,1.50
2015.08.20 16:29:21.892,1.07713,1.07725,1.12,1.00
2015.08.20 16:29:22.401,1.07713,1.07724,1.00,1.00
2015.08.20 16:29:23.179,1.07715,1.07726,1.00,1.00
2015.08.20 16:29:24.289,1.07715,1.07727,1.12,1.00
2015.08.20 16:29:25.172,1.07715,1.07728,1.50,1.50
2015.08.20 16:29:28.677,1.07719,1.07728,1.00,1.00
2015.08.20 16:29:28.931,1.07721,1.07733,1.12,1.50
2015.08.20 16:29:29.581,1.07721,1.07733,1.50,1.00
2015.08.20 16:29:30.090,1.07721,1.07733,1.12,1.50
2015.08.20 16:29:31.600,1.07721,1.07734,1.87,1.00
2015.08.20 16:29:33.587,1.07723,1.07734,1.00,1.00
2015.08.20 16:29:33.995,1.07725,1.07734,1.00,1.00
2015.08.20 16:29:34.047,1.07723,1.07734,1.00,1.00
2015.08.20 16:29:34.486,1.07725,1.07735,1.00,1.00
2015.08.20 16:29:34.537,1.07725,1.07737,1.12,1.50
2015.08.20 16:29:35.047,1.07723,1.07736,1.87,1.00
2015.08.20 16:29:36.550,1.07725,1.07736,1.00,1.00
2015.08.20 16:29:41.139,1.07723,1.07736,1.87,1.50
2015.08.20 16:29:42.142,1.07723,1.07734,1.00,1.00
2015.08.20 16:29:44.605,1.07721,1.07734,1.87,1.00
2015.08.20 16:29:46.086,1.07723,1.07734,1.00,1.00
2015.08.20 16:29:46.442,1.07725,1.07734,1.00,1.00
2015.08.20 16:29:46.493,1.07722,1.07734,1.12,1.00
2015.08.20 16:29:53.012,1.07723,1.07734,1.00,1.00
2015.08.20 16:29:54.094,1.07721,1.07734,1.87,1.00
2015.08.20 16:30:01.816,1.07723,1.07734,1.12,1.00
2015.08.20 16:30:01.867,1.07723,1.07736,1.87,1.00
2015.08.20 16:30:02.375,1.07724,1.07737,1.37,1.00
2015.08.20 16:30:03.483,1.07723,1.07736,1.87,1.00
2015.08.20 16:30:05.353,1.07723,1.07736,1.87,1.37
2015.08.20 16:30:05.460,1.07721,1.07734,1.87,1.00
2015.08.20 16:30:05.970,1.07721,1.07733,1.12,1.00
2015.08.20 16:30:06.564,1.07721,1.07734,1.87,1.00
2015.08.20 16:30:14.379,1.07721,1.07734,1.37,1.37
2015.08.20 16:30:14.481,1.07718,1.07731,1.87,1.00
2015.08.20 16:30:14.988,1.07719,1.07732,1.37,1.00
2015.08.20 16:30:20.166,1.07728,1.07732,1.00,1.00
2015.08.20 16:30:20.217,1.0773,1.07734,1.00,1.00
2015.08.20 16:30:20.269,1.07725,1.07734,1.00,1.00
2015.08.20 16:30:20.321,1.07726,1.07738,1.37,1.37
2015.08.20 16:30:20.423,1.07723,1.07736,1.37,1.00
2015.08.20 16:30:20.628,1.07721,1.07734,1.87,1.00
2015.08.20 16:30:24.298,1.07721,1.07733,1.12,1.00
2015.08.20 16:30:24.606,1.07725,1.07738,1.37,1.00
2015.08.20 16:30:24.913,1.07722,1.07735,1.87,1.00
2015.08.20 16:30:25.357,1.0772,1.07733,1.37,1.00
2015.08.20 16:30:25.815,1.07719,1.0773,1.00,1.00
2015.08.20 16:30:26.696,1.07718,1.0773,1.12,1.00
2015.08.20 16:30:27.213,1.07718,1.07729,1.00,1.00
2015.08.20 16:30:29.005,1.07718,1.0773,1.12,1.00
2015.08.20 16:30:29.519,1.07718,1.07731,1.37,1.12
2015.08.20 16:30:35.531,1.07717,1.0773,1.37,1.00
2015.08.20 16:30:37.967,1.07717,1.07731,1.12,1.87
2015.08.20 16:30:38.475,1.07719,1.07732,1.37,1.00
2015.08.20 16:30:38.833,1.07721,1.07734,1.37,1.00
2015.08.20 16:30:39.862,1.07721,1.07734,1.37,1.37
2015.08.20 16:30:39.914,1.07719,1.07732,1.37,1.12
2015.08.20 16:30:41.270,1.07717,1.0773,1.37,1.00
2015.08.20 16:30:42.692,1.07719,1.07732,1.37,1.00
2015.08.20 16:30:43.457,1.07717,1.0773,1.37,1.00
2015.08.20 16:30:45.765,1.07716,1.07729,1.87,1.00
2015.08.20 16:30:47.670,1.07717,1.0773,1.37,1.37
2015.08.20 16:30:48.180,1.07716,1.07729,1.37,1.00
2015.08.20 16:30:53.633,1.07717,1.07729,1.37,1.00
2015.08.20 16:30:53.684,1.07718,1.07731,1.37,1.00
2015.08.20 16:30:54.159,1.07721,1.07733,1.00,1.00
2015.08.20 16:30:54.670,1.07721,1.07734,1.37,1.00
2015.08.20 16:31:01.571,1.0772,1.07733,1.37,1.00
2015.08.20 16:31:11.223,1.0772,1.07734,1.87,1.00
2015.08.20 16:31:11.777,1.07722,1.07735,1.37,1.00
2015.08.20 16:31:13.252,1.07723,1.07736,1.50,1.50
2015.08.20 16:31:13.559,1.07725,1.07738,2.62,1.00
2015.08.20 16:31:14.152,1.07726,1.07739,1.37,1.00
2015.08.20 16:31:15.138,1.07726,1.07738,1.00,1.00
2015.08.20 16:31:17.021,1.07726,1.07739,1.37,1.00
2015.08.20 16:31:17.846,1.07726,1.0774,1.87,1.50
2015.08.20 16:31:18.635,1.07727,1.07741,1.12,1.50
2015.08.20 16:31:19.245,1.07728,1.0774,1.50,1.00
2015.08.20 16:31:19.550,1.07729,1.07742,1.37,1.00
2015.08.20 16:31:20.669,1.0773,1.07743,1.75,1.00
2015.08.20 16:31:21.526,1.07731,1.07745,1.87,1.00
2015.08.20 16:31:22.040,1.07733,1.07746,1.37,1.00
2015.08.20 16:31:23.255,1.07732,1.07744,1.37,1.00
2015.08.20 16:31:23.764,1.07731,1.07744,1.87,1.00
2015.08.20 16:31:24.668,1.07732,1.07745,1.37,1.00
2015.08.20 16:31:25.594,1.07734,1.07745,1.00,1.00
2015.08.20 16:31:26.106,1.07733,1.07746,1.37,1.00
2015.08.20 16:31:31.087,1.07736,1.07743,1.00,1.00
2015.08.20 16:31:31.138,1.0773,1.07743,1.37,1.00
2015.08.20 16:31:31.596,1.07729,1.07741,1.00,1.00
2015.08.20 16:31:32.354,1.07727,1.0774,1.87,1.00
2015.08.20 16:31:39.797,1.0773,1.07739,1.00,1.00
2015.08.20 16:31:39.950,1.07726,1.07738,1.12,1.00
2015.08.20 16:31:41.433,1.07726,1.07737,1.00,1.00
2015.08.20 16:31:44.968,1.07724,1.07737,1.87,1.00
2015.08.20 16:31:45.476,1.07723,1.07736,1.37,1.00
2015.08.20 16:31:45.578,1.07722,1.07734,1.87,1.00
2015.08.20 16:31:46.086,1.07722,1.07735,1.87,1.00
2015.08.20 16:31:52.825,1.07722,1.07734,1.50,1.00
2015.08.20 16:31:53.798,1.07722,1.07735,1.87,1.00
2015.08.20 16:31:54.538,1.07722,1.07733,1.12,1.00
2015.08.20 16:31:55.650,1.0772,1.07733,1.87,1.12
2015.08.20 16:31:57.940,1.0772,1.07734,1.87,1.50
2015.08.20 16:31:58.477,1.0772,1.07733,1.87,1.00
2015.08.20 16:31:58.783,1.07722,1.07735,1.37,1.00
2015.08.20 16:32:08.314,1.07724,1.07735,1.00,1.00
2015.08.20 16:32:09.217,1.07725,1.07738,1.37,1.00
2015.08.20 16:32:11.945,1.07726,1.07739,1.87,1.50
2015.08.20 16:32:12.820,1.07727,1.0774,1.37,1.00
2015.08.20 16:32:13.344,1.07728,1.07741,1.37,1.00
2015.08.20 16:32:13.887,1.07729,1.07742,1.87,1.00
2015.08.20 16:32:15.349,1.07731,1.07742,1.00,1.00
2015.08.20 16:32:15.857,1.07731,1.07743,1.12,1.00
2015.08.20 16:32:17.449,1.07734,1.07743,1.00,1.00
2015.08.20 16:32:17.754,1.07734,1.07745,1.00,1.50
2015.08.20 16:32:22.654,1.07739,1.07745,1.00,1.00
2015.08.20 16:32:22.807,1.07739,1.07747,1.00,1.00
2015.08.20 16:32:23.369,1.07735,1.07748,1.75,1.00
2015.08.20 16:32:24.036,1.07735,1.07748,1.87,1.00
2015.08.20 16:32:24.803,1.07735,1.07747,1.00,1.00
2015.08.20 16:32:25.009,1.07733,1.07745,1.50,1.00
2015.08.20 16:32:25.539,1.07732,1.07745,1.37,1.00
2015.08.20 16:32:26.273,1.07731,1.07743,1.37,1.00
2015.08.20 16:32:26.802,1.0773,1.07743,1.87,1.00
2015.08.20 16:32:27.290,1.07729,1.07741,1.37,1.00
2015.08.20 16:32:27.798,1.07728,1.07741,1.87,1.00
2015.08.20 16:32:28.395,1.07728,1.0774,1.00,1.00
2015.08.20 16:32:28.923,1.07726,1.07739,1.87,1.00
2015.08.20 16:32:31.465,1.07726,1.07738,1.87,1.00
2015.08.20 16:32:32.455,1.07726,1.07738,1.12,1.00
2015.08.20 16:32:32.763,1.07727,1.0774,1.37,1.00
2015.08.20 16:32:34.627,1.07728,1.07741,1.50,1.50
2015.08.20 16:32:34.934,1.07727,1.07738,1.00,1.00
2015.08.20 16:32:37.049,1.07727,1.07737,1.00,1.00
2015.08.20 16:32:37.203,1.07727,1.07739,1.12,1.00
2015.08.20 16:32:38.138,1.07725,1.07738,1.87,1.00
2015.08.20 16:32:39.165,1.07727,1.07738,1.00,1.00
2015.08.20 16:32:39.675,1.07725,1.07739,1.12,1.87
2015.08.20 16:32:42.107,1.07726,1.07738,1.12,1.00
2015.08.20 16:32:43.623,1.07726,1.07737,1.00,1.00
2015.08.20 16:32:44.346,1.07726,1.07736,1.00,1.00
2015.08.20 16:32:46.972,1.07725,1.07736,1.00,1.00
2015.08.20 16:32:48.368,1.07724,1.07736,1.12,1.00
2015.08.20 16:32:50.118,1.07725,1.07736,1.00,1.00
2015.08.20 16:32:50.929,1.07726,1.07739,1.37,1.00
2015.08.20 16:33:00.162,1.07726,1.07738,1.12,1.00
2015.08.20 16:33:00.956,1.07726,1.07739,1.87,1.00
2015.08.20 16:33:01.465,1.07727,1.0774,1.37,1.00
2015.08.20 16:33:05.377,1.07727,1.07739,1.12,1.00
2015.08.20 16:33:10.906,1.07728,1.0774,1.12,1.00
2015.08.20 16:33:11.112,1.07729,1.07742,1.37,1.00
2015.08.20 16:33:13.028,1.07728,1.07741,1.75,1.00
2015.08.20 16:33:13.079,1.07728,1.0774,1.12,1.00
2015.08.20 16:33:13.599,1.07727,1.07739,1.12,1.00
2015.08.20 16:33:14.209,1.07727,1.07738,1.00,1.00
2015.08.20 16:33:15.381,1.07727,1.0774,1.87,1.00
2015.08.20 16:33:17.195,1.0773,1.0774,1.00,1.00
2015.08.20 16:33:17.248,1.0773,1.07742,1.12,1.00
2015.08.20 16:33:17.750,1.0773,1.07743,2.62,1.00
2015.08.20 16:33:18.710,1.0773,1.07742,1.50,1.00
2015.08.20 16:33:18.761,1.07729,1.07741,1.00,1.00
2015.08.20 16:33:19.273,1.07728,1.0774,1.12,1.00
2015.08.20 16:33:19.986,1.07729,1.07741,1.50,1.00
2015.08.20 16:33:20.038,1.07732,1.07742,1.00,1.00
2015.08.20 16:33:20.961,1.07731,1.07742,1.00,1.00
2015.08.20 16:33:21.428,1.07729,1.0774,1.00,1.00
2015.08.20 16:33:24.307,1.07729,1.07739,1.00,1.00
2015.08.20 16:33:24.837,1.07728,1.07739,1.00,1.00
2015.08.20 16:33:25.145,1.07726,1.07738,1.12,1.50
2015.08.20 16:33:25.652,1.07726,1.07737,1.00,1.00
2015.08.20 16:33:26.310,1.07723,1.07736,1.87,1.50
2015.08.20 16:33:26.515,1.07723,1.07734,1.00,1.00
2015.08.20 16:33:27.826,1.07721,1.07734,1.50,1.50
2015.08.20 16:33:28.335,1.07722,1.07735,1.37,1.00
2015.08.20 16:33:29.158,1.07721,1.07734,1.87,1.00
2015.08.20 16:33:30.517,1.07721,1.07735,1.87,1.50
2015.08.20 16:33:31.026,1.07721,1.07734,1.87,1.00
2015.08.20 16:33:34.325,1.07722,1.07735,1.75,1.00
2015.08.20 16:33:35.039,1.07723,1.07736,1.37,1.00
2015.08.20 16:33:35.956,1.07724,1.07737,1.87,1.00
2015.08.20 16:33:41.932,1.07726,1.07737,1.00,1.00
2015.08.20 16:33:42.841,1.07722,1.07735,1.87,1.87
2015.08.20 16:33:44.607,1.07722,1.07734,1.12,1.00
2015.08.20 16:33:46.299,1.07722,1.07735,1.87,1.00
2015.08.20 16:34:03.293,1.07723,1.07736,1.75,1.00
2015.08.20 16:34:03.822,1.07724,1.07737,1.87,1.00
2015.08.20 16:34:05.636,1.07724,1.07737,1.87,1.37
2015.08.20 16:34:06.766,1.07724,1.07737,1.87,1.00
2015.08.20 16:34:07.072,1.07726,1.07739,1.87,1.12
2015.08.20 16:34:11.084,1.07728,1.07739,1.00,1.00
2015.08.20 16:34:11.236,1.07728,1.07741,1.87,1.00
2015.08.20 16:34:12.474,1.07729,1.07742,1.37,1.00
2015.08.20 16:34:15.931,1.07731,1.07743,1.37,1.37
2015.08.20 16:34:17.876,1.07732,1.07744,1.12,1.50
2015.08.20 16:34:18.390,1.07732,1.07744,1.87,1.00
2015.08.20 16:34:24.417,1.07732,1.07743,1.87,1.00
2015.08.20 16:34:24.469,1.07732,1.07743,1.37,1.37
2015.08.20 16:34:24.897,1.07731,1.07739,1.75,1.00
2015.08.20 16:34:24.948,1.0773,1.07742,1.87,1.12
2015.08.20 16:34:26.357,1.0773,1.0774,1.87,1.00
2015.08.20 16:34:26.408,1.07728,1.07741,1.87,1.50
2015.08.20 16:34:26.562,1.0773,1.07743,1.37,1.00
2015.08.20 16:34:26.969,1.07732,1.07745,1.37,1.12
2015.08.20 16:34:27.716,1.07733,1.07746,1.87,1.00
2015.08.20 16:34:30.583,1.07733,1.07746,1.87,1.87
2015.08.20 16:34:31.073,1.07733,1.07738,1.00,1.00
2015.08.20 16:34:31.132,1.07726,1.07738,1.87,1.50
2015.08.20 16:34:31.285,1.07727,1.0774,1.87,2.25
2015.08.20 16:34:31.646,1.07729,1.0774,1.87,1.00
2015.08.20 16:34:32.439,1.07729,1.07741,1.37,1.00
2015.08.20 16:34:33.060,1.0773,1.07741,1.37,1.00
2015.08.20 16:34:33.568,1.0773,1.07742,1.37,1.00
2015.08.20 16:34:36.669,1.07731,1.07742,1.37,1.00
2015.08.20 16:34:40.595,1.0773,1.07743,1.37,1.12
2015.08.20 16:34:42.610,1.07731,1.07743,1.50,1.00
2015.08.20 16:34:42.814,1.07739,1.07752,1.37,1.00
2015.08.20 16:34:48.009,1.07739,1.07751,1.37,1.12
2015.08.20 16:34:48.569,1.07737,1.0775,1.37,1.00
2015.08.20 16:34:52.498,1.07739,1.0775,1.00,1.00
2015.08.20 16:34:53.005,1.07739,1.07751,1.12,1.00
2015.08.20 16:34:53.311,1.07741,1.07753,1.12,1.00
2015.08.20 16:34:55.735,1.07741,1.07753,1.12,1.37
2015.08.20 16:34:56.040,1.07739,1.07751,1.12,1.37
2015.08.20 16:34:56.967,1.07739,1.0775,1.00,1.37
2015.08.20 16:34:57.511,1.07737,1.0775,1.37,1.00
2015.08.20 16:35:04.223,1.07735,1.07748,1.37,1.00
2015.08.20 16:35:11.363,1.07736,1.07748,1.37,1.00
2015.08.20 16:35:11.415,1.07737,1.0775,1.37,1.00
2015.08.20 16:35:18.858,1.07739,1.07752,1.37,1.00
2015.08.20 16:35:19.165,1.07737,1.0775,1.37,1.87
2015.08.20 16:35:27.342,1.07739,1.07752,1.37,1.00
2015.08.20 16:35:28.123,1.07739,1.07752,1.37,2.62
2015.08.20 16:35:34.617,1.07737,1.07749,1.87,1.00
2015.08.20 16:35:35.160,1.07737,1.07749,1.37,1.37
2015.08.20 16:35:35.667,1.07736,1.07749,1.37,2.62
2015.08.20 16:35:35.971,1.07735,1.07745,1.37,1.12
2015.08.20 16:35:36.073,1.07733,1.07745,1.37,1.00
2015.08.20 16:35:36.922,1.07732,1.07744,1.37,1.00
2015.08.20 16:35:37.443,1.07732,1.07744,1.37,1.37
2015.08.20 16:35:38.835,1.07732,1.07744,1.37,1.00
2015.08.20 16:35:39.349,1.07732,1.07745,1.37,1.50
2015.08.20 16:35:41.162,1.07734,1.07747,1.37,1.00
2015.08.20 16:35:41.967,1.07735,1.07748,1.37,1.50
2015.08.20 16:35:42.489,1.07736,1.07749,1.37,1.00
2015.08.20 16:35:43.040,1.07735,1.07748,1.37,2.62
2015.08.20 16:35:43.679,1.07735,1.07747,1.37,1.00
2015.08.20 16:35:44.194,1.07735,1.07748,1.37,1.50
2015.08.20 16:35:44.704,1.0774,1.07748,1.00,1.00
2015.08.20 16:35:45.581,1.0774,1.07749,1.00,1.00
2015.08.20 16:35:47.369,1.07738,1.07747,1.00,1.37
2015.08.20 16:35:47.430,1.07734,1.07747,1.37,1.37
2015.08.20 16:35:47.787,1.07735,1.07748,1.87,1.00
2015.08.20 16:35:48.093,1.07737,1.0775,1.87,1.00
2015.08.20 16:35:48.662,1.07738,1.0775,1.37,1.00
2015.08.20 16:35:48.714,1.07739,1.07752,1.37,1.00
2015.08.20 16:35:51.130,1.07744,1.07752,1.00,1.00
2015.08.20 16:35:51.436,1.07749,1.07758,1.37,1.12
2015.08.20 16:35:51.976,1.07752,1.07758,1.37,1.12
2015.08.20 16:35:52.079,1.07753,1.0776,1.00,1.00
2015.08.20 16:35:52.285,1.07755,1.0776,1.37,1.00
2015.08.20 16:35:52.798,1.07755,1.07765,1.37,1.37
2015.08.20 16:35:53.005,1.07757,1.07765,1.37,1.37
2015.08.20 16:35:53.525,1.07757,1.07765,1.12,1.37
2015.08.20 16:35:54.036,1.07758,1.07765,1.37,1.12
2015.08.20 16:35:54.383,1.07758,1.07767,1.37,1.37
2015.08.20 16:35:55.549,1.07756,1.07766,1.37,1.37
2015.08.20 16:35:55.905,1.07758,1.07767,1.37,1.37
2015.08.20 16:35:56.428,1.07759,1.07767,1.37,1.37
2015.08.20 16:35:57.996,1.07759,1.07768,1.37,1.37
2015.08.20 16:35:59.187,1.07759,1.07768,1.37,1.37
2015.08.20 16:36:00.466,1.07761,1.0777,1.37,1.37
2015.08.20 16:36:00.980,1.07761,1.0777,1.37,1.37
2015.08.20 16:36:01.488,1.0776,1.0777,1.37,1.37
2015.08.20 16:36:04.692,1.07759,1.0777,1.37,1.37
2015.08.20 16:36:05.405,1.07759,1.07771,1.37,1.37
2015.08.20 16:36:05.507,1.0776,1.07772,1.12,1.50
2015.08.20 16:36:05.558,1.07762,1.07775,1.37,1.12
2015.08.20 16:36:05.661,1.07764,1.07777,1.37,2.62
2015.08.20 16:36:06.204,1.07764,1.07777,1.37,3.75
2015.08.20 16:36:06.719,1.07764,1.07775,1.37,1.37
2015.08.20 16:36:08.203,1.07764,1.07775,1.37,1.37
2015.08.20 16:36:08.716,1.07764,1.07776,1.37,1.87
2015.08.20 16:36:12.240,1.07764,1.07776,1.12,1.87
2015.08.20 16:36:12.545,1.07766,1.07775,1.00,1.37
2015.08.20 16:36:14.109,1.07765,1.07774,1.37,1.37
2015.08.20 16:36:14.211,1.07765,1.07774,1.37,1.87
2015.08.20 16:36:14.416,1.07765,1.07776,1.37,1.37
2015.08.20 16:36:14.519,1.07766,1.07771,1.37,1.00
2015.08.20 16:36:14.673,1.07764,1.07773,1.12,1.00
2015.08.20 16:36:14.725,1.07763,1.07773,1.37,1.00
2015.08.20 16:36:15.213,1.07762,1.0777,1.37,1.00
2015.08.20 16:36:15.727,1.07761,1.0777,1.37,1.00
2015.08.20 16:36:16.778,1.07761,1.07771,1.37,1.00
2015.08.20 16:36:17.084,1.07761,1.0777,1.37,1.37
2015.08.20 16:36:17.595,1.0776,1.0777,1.37,1.50
2015.08.20 16:36:18.244,1.0776,1.07771,1.37,1.87
2015.08.20 16:36:18.347,1.0776,1.07771,1.37,2.25
2015.08.20 16:36:19.032,1.0776,1.0777,1.37,1.37
2015.08.20 16:36:19.338,1.0776,1.07767,1.37,1.37
2015.08.20 16:36:19.913,1.07759,1.07767,1.37,1.37
2015.08.20 16:36:19.964,1.07759,1.07771,1.37,1.87
2015.08.20 16:36:20.066,1.07759,1.07771,1.37,2.25
2015.08.20 16:36:20.575,1.07759,1.07768,1.37,1.37
2015.08.20 16:36:20.930,1.07759,1.07765,1.37,1.37
2015.08.20 16:36:21.470,1.07758,1.07765,1.37,1.37
2015.08.20 16:36:22.274,1.07758,1.07767,1.37,1.37
2015.08.20 16:36:24.259,1.07758,1.07767,1.37,1.37
2015.08.20 16:36:25.313,1.07758,1.07767,1.12,1.50
2015.08.20 16:36:28.572,1.07758,1.07768,1.37,1.50
2015.08.20 16:36:29.122,1.07757,1.07768,1.37,1.37
2015.08.20 16:36:30.317,1.07757,1.07768,1.37,1.50
2015.08.20 16:36:30.599,1.07757,1.07767,1.37,1.12
2015.08.20 16:36:31.112,1.07757,1.07769,1.37,1.87
2015.08.20 16:36:31.728,1.07757,1.07769,1.37,1.37
2015.08.20 16:36:36.881,1.07757,1.0777,1.37,1.87
2015.08.20 16:36:36.985,1.07757,1.0777,1.37,1.12
2015.08.20 16:36:37.036,1.07757,1.07771,1.12,1.87
2015.08.20 16:36:37.555,1.0776,1.07771,1.37,1.37
2015.08.20 16:36:40.660,1.07758,1.07769,1.37,1.12
2015.08.20 16:36:43.380,1.0776,1.07772,1.37,1.37
2015.08.20 16:36:46.035,1.0776,1.07772,1.37,1.37
2015.08.20 16:36:48.748,1.0776,1.07773,1.37,2.62
2015.08.20 16:36:49.058,1.0776,1.07773,1.37,1.87
2015.08.20 16:36:49.366,1.0776,1.0777,1.37,1.37
2015.08.20 16:36:49.469,1.0776,1.07772,1.37,1.00
2015.08.20 16:36:49.945,1.07761,1.07774,1.37,1.87
2015.08.20 16:36:50.465,1.07762,1.07775,1.37,1.87
2015.08.20 16:36:51.616,1.07762,1.07775,1.37,1.12
2015.08.20 16:36:53.387,1.07761,1.07774,1.37,1.87
2015.08.20 16:37:00.100,1.07761,1.07772,1.00,1.12
2015.08.20 16:37:02.029,1.07759,1.07772,1.37,1.37
2015.08.20 16:37:02.538,1.07759,1.07772,1.37,1.87
2015.08.20 16:37:04.132,1.0776,1.07773,1.37,1.37
2015.08.20 16:37:04.640,1.0776,1.07772,1.37,1.37
2015.08.20 16:37:05.909,1.0776,1.07772,1.00,1.37
2015.08.20 16:37:09.550,1.07759,1.07772,1.37,1.00
2015.08.20 16:37:10.059,1.0776,1.07773,1.37,1.00
2015.08.20 16:37:17.766,1.07763,1.07773,1.37,1.00
2015.08.20 16:37:18.300,1.0776,1.07773,1.37,3.75
2015.08.20 16:37:18.352,1.07758,1.0777,1.37,1.00
2015.08.20 16:37:18.859,1.07757,1.0777,1.50,2.25
2015.08.20 16:37:19.620,1.07757,1.0777,1.50,1.37
2015.08.20 16:37:20.129,1.07757,1.0777,1.50,1.12
2015.08.20 16:37:29.879,1.07759,1.07772,1.37,1.00
2015.08.20 16:37:32.983,1.07758,1.07771,1.50,1.00
2015.08.20 16:37:34.134,1.07758,1.0777,1.00,1.12
2015.08.20 16:37:34.646,1.07758,1.07769,1.00,1.00
2015.08.20 16:37:35.532,1.07757,1.0777,1.50,1.12
2015.08.20 16:37:39.606,1.07756,1.07769,1.50,1.00
2015.08.20 16:37:40.913,1.07757,1.0777,1.37,1.00
2015.08.20 16:37:41.914,1.07756,1.07769,1.50,1.00
2015.08.20 16:37:44.313,1.07755,1.07768,1.50,1.00
2015.08.20 16:37:47.188,1.07754,1.07768,1.75,2.62
2015.08.20 16:37:47.698,1.07754,1.07767,1.50,1.87
2015.08.20 16:37:49.047,1.07755,1.07768,1.37,1.50
2015.08.20 16:37:49.783,1.07756,1.07769,1.37,1.00
2015.08.20 16:37:52.137,1.07755,1.07768,1.37,1.00
2015.08.20 16:37:53.455,1.07756,1.07769,1.37,1.00
2015.08.20 16:37:53.761,1.07756,1.07767,1.37,1.00
2015.08.20 16:37:54.647,1.07753,1.07766,1.37,1.00
2015.08.20 16:37:54.698,1.07753,1.07764,1.37,1.00
2015.08.20 16:37:55.220,1.07752,1.07763,1.12,1.12
2015.08.20 16:37:55.373,1.07747,1.0776,1.37,1.00
2015.08.20 16:37:58.226,1.07748,1.0776,1.37,1.00
2015.08.20 16:37:58.277,1.07749,1.07762,1.37,1.00
2015.08.20 16:38:02.289,1.07744,1.07756,1.12,1.50
2015.08.20 16:38:02.341,1.07743,1.07756,1.37,1.00
2015.08.20 16:38:02.853,1.07743,1.07755,1.37,1.00
2015.08.20 16:38:03.007,1.07743,1.07753,1.37,1.00
2015.08.20 16:38:03.645,1.0774,1.07754,1.12,2.62
2015.08.20 16:38:04.154,1.07741,1.07754,1.37,1.00
2015.08.20 16:38:05.417,1.07742,1.07755,1.37,1.00
2015.08.20 16:38:07.818,1.07741,1.07754,1.37,1.00
2015.08.20 16:38:11.339,1.07742,1.07755,1.37,1.00
2015.08.20 16:38:11.849,1.07741,1.07754,1.37,1.00
2015.08.20 16:38:16.888,1.07742,1.07755,1.37,1.00
2015.08.20 16:38:17.399,1.07743,1.07756,1.37,1.00
2015.08.20 16:38:17.706,1.07745,1.07758,1.37,1.00
2015.08.20 16:38:18.216,1.07744,1.07757,1.37,1.50
2015.08.20 16:38:18.525,1.07742,1.07755,1.37,1.00
2015.08.20 16:38:19.604,1.07742,1.07753,1.37,1.00
2015.08.20 16:38:20.320,1.07741,1.07753,1.37,1.00
2015.08.20 16:38:20.986,1.07741,1.07753,1.00,1.37
2015.08.20 16:38:21.038,1.0774,1.07753,1.37,1.12
2015.08.20 16:38:21.547,1.07741,1.07753,1.37,1.00
2015.08.20 16:38:22.462,1.0774,1.07753,1.37,1.00
2015.08.20 16:38:23.045,1.07741,1.07754,1.37,1.00
2015.08.20 16:38:25.713,1.07741,1.07755,1.12,2.62
2015.08.20 16:38:26.226,1.07741,1.07754,1.37,1.12
2015.08.20 16:38:27.598,1.07741,1.07754,1.37,2.62
2015.08.20 16:38:29.006,1.07743,1.07754,1.00,2.62
2015.08.20 16:38:29.922,1.07743,1.07754,1.00,1.50
2015.08.20 16:38:30.558,1.07741,1.07754,1.87,1.00
2015.08.20 16:38:32.258,1.07743,1.07754,1.00,1.12
2015.08.20 16:38:32.963,1.07743,1.07756,1.87,1.00
2015.08.20 16:38:33.752,1.07744,1.07757,1.37,1.00
2015.08.20 16:38:40.125,1.07743,1.07756,1.75,1.37
2015.08.20 16:38:40.176,1.07743,1.07755,1.12,1.37
2015.08.20 16:38:40.686,1.07741,1.07754,1.87,1.00
2015.08.20 16:38:41.225,1.07742,1.07755,1.37,1.00
2015.08.20 16:38:43.515,1.07741,1.07753,1.12,1.00
2015.08.20 16:38:45.084,1.07741,1.07754,1.50,1.87
2015.08.20 16:38:45.985,1.07742,1.07755,1.87,1.00
2015.08.20 16:38:46.493,1.07742,1.07754,1.12,1.00
2015.08.20 16:38:50.023,1.0774,1.07753,1.87,1.00
2015.08.20 16:38:51.125,1.07736,1.07749,1.87,1.00
2015.08.20 16:39:00.636,1.07741,1.07754,1.37,1.00
2015.08.20 16:39:05.086,1.07744,1.07754,1.00,1.00
2015.08.20 16:39:05.138,1.07745,1.07757,1.37,1.00
2015.08.20 16:39:05.240,1.07741,1.07753,1.12,1.00
2015.08.20 16:39:05.877,1.07739,1.07752,1.37,1.00
2015.08.20 16:39:05.980,1.07737,1.0775,1.37,1.00
2015.08.20 16:39:07.749,1.07739,1.07752,1.37,1.00
2015.08.20 16:39:08.056,1.07741,1.07754,1.37,1.00
2015.08.20 16:39:12.225,1.07741,1.07753,1.00,1.00
2015.08.20 16:39:13.058,1.07742,1.07755,1.37,1.00
2015.08.20 16:39:13.581,1.07743,1.07756,1.37,1.00
2015.08.20 16:39:14.092,1.07745,1.07758,1.37,1.00
2015.08.20 16:39:16.780,1.07744,1.07757,1.37,1.00
2015.08.20 16:39:19.665,1.0774,1.07753,1.87,1.87
2015.08.20 16:39:23.280,1.07742,1.07755,1.37,1.00
2015.08.20 16:39:23.791,1.07743,1.07756,1.37,1.00
2015.08.20 16:39:25.728,1.07743,1.07754,1.37,1.37
2015.08.20 16:39:25.785,1.0774,1.07753,1.37,1.12
2015.08.20 16:39:26.306,1.07739,1.07752,1.37,1.50
2015.08.20 16:39:27.130,1.07738,1.07751,1.37,1.50
2015.08.20 16:39:33.458,1.07738,1.0775,1.37,1.00
2015.08.20 16:39:34.612,1.07737,1.0775,1.37,1.50
2015.08.20 16:39:42.639,1.07738,1.07751,1.37,1.00
2015.08.20 16:39:55.644,1.07739,1.07752,1.37,1.00
2015.08.20 16:39:55.747,1.07741,1.07754,1.37,1.00
2015.08.20 16:39:56.229,1.07743,1.07756,1.37,1.00
2015.08.20 16:39:58.051,1.07744,1.07757,1.37,1.50
2015.08.20 16:40:01.160,1.07743,1.07756,1.37,1.00
2015.08.20 16:40:02.339,1.07743,1.07757,1.12,1.50
2015.08.20 16:40:03.092,1.07745,1.07758,1.37,1.50
2015.08.20 16:40:10.766,1.07741,1.07754,1.37,1.12
2015.08.20 16:40:11.072,1.07741,1.07754,1.37,1.37
2015.08.20 16:40:11.483,1.07739,1.07752,1.37,1.37
2015.08.20 16:40:11.585,1.07737,1.0775,1.37,1.00
2015.08.20 16:40:17.618,1.07733,1.07746,1.37,1.00
2015.08.20 16:40:19.671,1.07733,1.07747,1.12,1.50
2015.08.20 16:40:19.978,1.07738,1.07752,1.12,1.50
2015.08.20 16:40:21.115,1.07736,1.07749,1.37,1.00
2015.08.20 16:40:23.377,1.07737,1.0775,1.37,1.00
2015.08.20 16:40:28.596,1.07737,1.07749,1.00,1.00
2015.08.20 16:40:33.128,1.07737,1.0775,1.37,1.00
2015.08.20 16:40:33.643,1.07736,1.07749,1.37,1.12
2015.08.20 16:40:40.347,1.07737,1.0775,1.37,1.12
2015.08.20 16:40:44.338,1.07736,1.07749,1.37,1.00
2015.08.20 16:40:45.216,1.07736,1.0775,1.12,1.50
2015.08.20 16:40:45.768,1.07734,1.07744,1.00,1.60
2015.08.20 16:40:45.824,1.07731,1.07743,1.00,1.00
2015.08.20 16:40:47.639,1.07729,1.07742,1.37,1.00
2015.08.20 16:40:52.022,1.07727,1.07738,1.75,1.60
2015.08.20 16:40:52.073,1.07727,1.07738,1.00,2.10
2015.08.20 16:40:52.226,1.07724,1.07735,1.75,1.00
2015.08.20 16:40:52.277,1.07724,1.07735,1.00,1.00
2015.08.20 16:40:52.329,1.0773,1.07736,1.60,1.00
2015.08.20 16:40:52.380,1.07731,1.07741,1.35,1.00
2015.08.20 16:40:52.800,1.07731,1.07741,1.75,1.00
2015.08.20 16:40:52.852,1.07734,1.07747,1.37,1.00
2015.08.20 16:40:53.360,1.07739,1.07752,1.37,1.35
2015.08.20 16:41:02.338,1.07739,1.07751,1.00,1.00
2015.08.20 16:41:02.643,1.07735,1.07748,1.37,1.00
2015.08.20 16:41:03.190,1.07736,1.07749,2.25,1.00
2015.08.20 16:41:10.294,1.07741,1.07753,1.37,1.00
2015.08.20 16:41:10.799,1.07743,1.07756,1.37,1.50
2015.08.20 16:41:11.309,1.07742,1.07755,1.37,1.00
2015.08.20 16:41:13.859,1.07741,1.07753,1.37,1.00
2015.08.20 16:41:14.368,1.0774,1.07753,1.37,1.00
2015.08.20 16:41:17.329,1.07739,1.07752,1.37,1.00
2015.08.20 16:41:18.242,1.07741,1.07752,1.00,1.00
2015.08.20 16:41:18.294,1.07743,1.07756,1.37,1.50
2015.08.20 16:41:20.153,1.0775,1.07756,1.00,1.00
2015.08.20 16:41:20.590,1.07759,1.07764,1.00,1.50
2015.08.20 16:41:20.642,1.07758,1.07771,1.87,1.00
2015.08.20 16:41:20.695,1.07758,1.07769,1.12,1.50
2015.08.20 16:41:20.849,1.07754,1.07767,1.37,1.00
2015.08.20 16:41:21.206,1.07756,1.07769,1.37,1.50
2015.08.20 16:41:21.989,1.07757,1.07768,1.00,1.00
2015.08.20 16:41:22.496,1.07756,1.07769,1.37,1.00
2015.08.20 16:41:33.764,1.07758,1.0777,1.00,1.00
2015.08.20 16:41:34.070,1.07759,1.07772,1.37,1.00
2015.08.20 16:41:34.579,1.07757,1.07771,1.12,1.00
2015.08.20 16:41:34.630,1.07757,1.0777,1.37,1.00
2015.08.20 16:41:37.736,1.07756,1.07769,1.37,1.00
2015.08.20 16:41:39.787,1.07756,1.07769,1.37,1.37
2015.08.20 16:41:40.436,1.07755,1.07767,1.37,1.00
2015.08.20 16:41:40.980,1.07754,1.07767,1.37,1.00
2015.08.20 16:41:48.848,1.07753,1.07766,1.87,1.00
2015.08.20 16:41:49.357,1.07754,1.07767,1.37,1.00
2015.08.20 16:41:49.878,1.07755,1.07768,1.87,1.00
2015.08.20 16:41:50.183,1.07758,1.07769,1.00,1.00
2015.08.20 16:41:50.692,1.07757,1.07769,1.12,1.00
2015.08.20 16:41:51.336,1.07757,1.0777,1.87,1.00
2015.08.20 16:41:53.409,1.07758,1.0777,1.87,1.00
2015.08.20 16:41:53.460,1.07759,1.07772,1.37,1.50
2015.08.20 16:41:58.385,1.07764,1.07777,1.37,1.00
2015.08.20 16:41:58.893,1.07766,1.07779,1.37,1.00
2015.08.20 16:41:59.689,1.07767,1.0778,1.37,1.00
2015.08.20 16:42:00.351,1.07766,1.07779,1.37,1.00
2015.08.20 16:42:04.379,1.07766,1.07778,1.12,1.00
2015.08.20 16:42:06.933,1.07766,1.07778,1.87,1.00
2015.08.20 16:42:06.985,1.07767,1.0778,1.37,1.00
2015.08.20 16:42:07.605,1.07768,1.07781,1.37,1.00
2015.08.20 16:42:11.432,1.07769,1.07782,1.37,1.00
2015.08.20 16:42:24.383,1.07768,1.07781,1.12,1.12
2015.08.20 16:42:24.891,1.07768,1.07781,1.37,1.50
2015.08.20 16:42:25.954,1.07768,1.0778,1.37,1.00
2015.08.20 16:42:26.743,1.07767,1.0778,1.37,1.50
2015.08.20 16:42:27.729,1.07762,1.07774,1.12,1.00
2015.08.20 16:42:27.790,1.0776,1.07773,1.12,1.12
2015.08.20 16:42:28.148,1.07759,1.07772,1.37,1.00
2015.08.20 16:42:28.199,1.0776,1.07772,1.12,1.00
2015.08.20 16:42:28.251,1.07763,1.07776,1.37,1.00
2015.08.20 16:42:28.835,1.07762,1.07775,1.37,1.00
2015.08.20 16:42:29.550,1.07763,1.07776,1.37,1.00
2015.08.20 16:42:31.279,1.07763,1.07776,1.37,1.37
2015.08.20 16:42:31.789,1.07762,1.07776,1.12,2.25
2015.08.20 16:42:34.617,1.07762,1.07775,1.37,1.00
2015.08.20 16:42:35.126,1.07761,1.07774,1.37,1.00
2015.08.20 16:42:36.318,1.07762,1.07775,1.37,1.00
2015.08.20 16:42:36.832,1.07762,1.07776,1.12,1.50
2015.08.20 16:42:37.483,1.07761,1.07774,1.37,1.00
2015.08.20 16:42:37.993,1.07763,1.07776,1.37,1.00
2015.08.20 16:42:39.262,1.07762,1.07775,1.37,1.00
2015.08.20 16:42:40.154,1.07761,1.07774,1.37,1.00
2015.08.20 16:42:40.667,1.07762,1.07775,1.37,1.00
2015.08.20 16:42:42.104,1.07759,1.07773,1.12,1.00
2015.08.20 16:42:42.207,1.07759,1.07772,1.37,1.00
2015.08.20 16:42:42.813,1.07758,1.07771,1.37,1.00
2015.08.20 16:42:44.216,1.07759,1.07772,1.37,1.00
2015.08.20 16:42:44.887,1.07758,1.07771,1.37,1.12
2015.08.20 16:42:45.528,1.07761,1.07774,1.37,1.50
2015.08.20 16:42:46.091,1.07761,1.07775,1.12,1.50
2015.08.20 16:42:47.251,1.07761,1.07774,1.37,1.00
2015.08.20 16:42:47.813,1.07763,1.07776,1.37,1.00
2015.08.20 16:42:49.601,1.07763,1.07777,1.87,1.00
2015.08.20 16:42:50.112,1.07765,1.07777,1.12,1.00
2015.08.20 16:42:52.418,1.07765,1.07778,1.87,1.37
2015.08.20 16:42:52.520,1.07763,1.07776,2.62,1.12
2015.08.20 16:42:53.029,1.07764,1.07777,1.37,1.00
2015.08.20 16:42:55.746,1.07763,1.07776,1.87,1.37
2015.08.20 16:42:55.950,1.07763,1.07774,1.00,1.00
2015.08.20 16:42:56.457,1.07761,1.07774,1.87,1.00
2015.08.20 16:43:00.802,1.07761,1.07775,1.12,1.50
2015.08.20 16:43:01.313,1.07763,1.07776,1.37,1.00
2015.08.20 16:43:04.257,1.07762,1.07776,1.12,1.00
2015.08.20 16:43:04.360,1.0776,1.07774,1.12,1.00
2015.08.20 16:43:04.462,1.07759,1.07773,1.12,1.50
2015.08.20 16:43:04.971,1.07759,1.07772,1.37,1.00
2015.08.20 16:43:05.671,1.07759,1.07772,1.37,1.37
2015.08.20 16:43:06.355,1.07759,1.07772,1.37,1.37
2015.08.20 16:43:06.457,1.07757,1.0777,1.87,1.37
2015.08.20 16:43:07.557,1.07758,1.07771,1.37,1.37
2015.08.20 16:43:10.734,1.07758,1.0777,1.00,1.37
2015.08.20 16:43:11.177,1.07759,1.07772,1.37,1.87
2015.08.20 16:43:12.303,1.07759,1.07772,1.37,1.12
2015.08.20 16:43:14.799,1.07759,1.07772,1.37,1.37
2015.08.20 16:43:14.952,1.07757,1.0777,1.37,1.00
2015.08.20 16:43:15.460,1.07758,1.07771,1.37,1.00
2015.08.20 16:43:18.849,1.07758,1.0777,1.00,1.00
2015.08.20 16:43:19.358,1.07758,1.07771,1.37,1.00
2015.08.20 16:43:20.079,1.07758,1.07765,1.37,1.00
2015.08.20 16:43:20.182,1.07756,1.07765,1.37,1.00
2015.08.20 16:43:20.284,1.07752,1.07765,1.37,1.50
2015.08.20 16:43:20.692,1.07748,1.07761,1.37,1.00
2015.08.20 16:43:21.884,1.07747,1.0776,1.37,1.00
2015.08.20 16:43:24.783,1.07746,1.07756,1.37,1.37
2015.08.20 16:43:24.888,1.07742,1.07753,1.37,1.12
2015.08.20 16:43:24.990,1.07738,1.07751,1.37,1.00
2015.08.20 16:43:30.815,1.07738,1.07751,1.37,1.37
2015.08.20 16:43:31.020,1.07737,1.0775,1.37,1.87
2015.08.20 16:43:31.124,1.07735,1.07748,1.37,1.37
2015.08.20 16:43:31.175,1.07734,1.07745,1.37,1.00
2015.08.20 16:43:31.758,1.07734,1.07747,1.37,1.37
2015.08.20 16:43:32.269,1.07734,1.07747,1.37,1.12
2015.08.20 16:43:32.778,1.07733,1.07746,1.37,1.50
2015.08.20 16:43:38.598,1.07735,1.07748,1.37,1.00
2015.08.20 16:43:42.573,1.07733,1.07746,1.37,1.00
2015.08.20 16:43:44.333,1.07734,1.07747,1.37,1.12
2015.08.20 16:43:46.221,1.07733,1.07746,1.37,1.00
2015.08.20 16:43:48.611,1.07733,1.07747,1.12,1.50
2015.08.20 16:43:51.553,1.0774,1.07753,1.37,1.00
2015.08.20 16:43:52.063,1.07741,1.07754,1.37,1.00
2015.08.20 16:43:53.420,1.07742,1.07755,1.37,1.00
2015.08.20 16:43:55.247,1.07741,1.07754,1.37,1.00
2015.08.20 16:44:05.262,1.07742,1.07755,1.37,1.00
2015.08.20 16:44:07.154,1.07741,1.07754,1.37,1.00
2015.08.20 16:44:07.663,1.07742,1.07755,1.37,1.00
2015.08.20 16:44:20.406,1.07741,1.07754,1.87,1.00
2015.08.20 16:44:21.109,1.07742,1.07755,1.37,1.00
2015.08.20 16:44:25.622,1.07745,1.07758,1.37,1.00
2015.08.20 16:44:25.929,1.07747,1.0776,1.37,1.00
2015.08.20 16:44:33.267,1.07748,1.07761,1.37,1.00
2015.08.20 16:44:37.699,1.07746,1.07759,1.37,1.00
2015.08.20 16:44:39.574,1.07745,1.07758,1.37,1.00
2015.08.20 16:44:39.881,1.07749,1.07762,1.37,1.00
2015.08.20 16:44:40.429,1.07748,1.07761,1.37,1.00
2015.08.20 16:44:44.275,1.07749,1.07762,1.50,1.50
2015.08.20 16:44:45.058,1.07749,1.07761,1.00,1.00
2015.08.20 16:44:46.372,1.07754,1.07767,1.37,1.00
2015.08.20 16:44:46.732,1.07758,1.07767,1.00,1.00
2015.08.20 16:44:46.834,1.07758,1.0777,1.12,1.00
2015.08.20 16:44:46.886,1.07758,1.07771,1.75,1.00
2015.08.20 16:44:47.397,1.07759,1.07772,1.37,1.00
2015.08.20 16:44:48.471,1.07756,1.07769,1.87,1.00
2015.08.20 16:44:51.660,1.07754,1.07768,1.12,1.00
2015.08.20 16:44:51.762,1.07752,1.07765,1.87,1.00
2015.08.20 16:44:51.814,1.07752,1.07763,1.12,1.00
2015.08.20 16:44:52.237,1.0775,1.07762,1.12,1.00
2015.08.20 16:44:52.943,1.0775,1.07763,1.37,1.00
2015.08.20 16:44:53.600,1.07751,1.07762,1.12,1.00
2015.08.20 16:44:53.651,1.07753,1.07762,1.00,1.00
2015.08.20 16:44:53.855,1.07751,1.07762,1.00,1.00
2015.08.20 16:44:54.496,1.07748,1.07761,1.50,1.00
2015.08.20 16:44:56.320,1.07748,1.07762,1.12,1.50
2015.08.20 16:44:56.830,1.07749,1.07763,3.00,1.50
2015.08.20 16:44:57.627,1.07752,1.07764,1.00,1.00
2015.08.20 16:44:58.138,1.07752,1.07765,1.87,1.00
2015.08.20 16:44:58.292,1.07751,1.07763,1.37,1.00
2015.08.20 16:44:59.183,1.07751,1.07763,1.00,1.00
2015.08.20 16:44:59.695,1.07752,1.07764,1.00,1.00
2015.08.20 16:45:02.641,1.07751,1.07765,1.12,1.50
2015.08.20 16:45:04.309,1.07752,1.07764,1.00,1.00
2015.08.20 16:45:05.344,1.07751,1.07763,1.37,1.00
2015.08.20 16:45:05.497,1.07747,1.07759,1.12,1.00
2015.08.20 16:45:05.852,1.07748,1.07761,1.37,1.00
2015.08.20 16:45:06.157,1.07746,1.07759,1.37,1.00
2015.08.20 16:45:06.848,1.07745,1.07757,1.37,1.00
2015.08.20 16:45:07.052,1.07744,1.07756,1.00,1.00
2015.08.20 16:45:08.528,1.07743,1.07755,1.00,1.00
2015.08.20 16:45:10.877,1.07743,1.07755,1.37,1.00
2015.08.20 16:45:10.929,1.07744,1.07757,1.37,1.00
2015.08.20 16:45:12.030,1.07742,1.07754,1.87,1.00
2015.08.20 16:45:12.081,1.07741,1.07754,1.37,1.00
2015.08.20 16:45:16.850,1.07741,1.07753,1.00,1.00
2015.08.20 16:45:17.360,1.07741,1.07754,1.37,1.00
2015.08.20 16:45:18.626,1.07741,1.07755,1.12,1.50
2015.08.20 16:45:21.941,1.07741,1.07753,1.37,1.00
2015.08.20 16:45:22.145,1.0774,1.07752,1.00,1.00
2015.08.20 16:45:23.751,1.07739,1.07753,3.00,1.00
2015.08.20 16:45:24.184,1.07742,1.07755,1.37,1.00
2015.08.20 16:45:31.794,1.0774,1.07754,1.12,1.00
2015.08.20 16:45:31.897,1.0774,1.07753,1.37,1.00
2015.08.20 16:45:33.155,1.07739,1.07752,1.37,1.00
2015.08.20 16:45:33.793,1.07738,1.07751,1.37,1.00
2015.08.20 16:45:34.702,1.07739,1.07751,1.37,1.00
2015.08.20 16:45:34.805,1.0774,1.07753,1.37,1.00
2015.08.20 16:45:35.404,1.07741,1.07754,1.37,1.00
2015.08.20 16:45:37.462,1.07742,1.07755,1.37,1.00
2015.08.20 16:45:38.353,1.0774,1.07753,1.37,1.00
2015.08.20 16:45:40.010,1.07738,1.07751,1.37,1.00
2015.08.20 16:45:41.981,1.07736,1.07749,1.37,1.00
2015.08.20 16:45:42.288,1.07732,1.07745,1.37,1.00
2015.08.20 16:45:44.295,1.07731,1.07744,1.37,1.00
2015.08.20 16:45:46.592,1.07726,1.07738,1.12,1.12
2015.08.20 16:45:46.644,1.07725,1.07738,1.37,1.12
2015.08.20 16:45:47.096,1.07723,1.07736,1.37,1.00
2015.08.20 16:45:47.608,1.07723,1.07737,1.12,1.50
2015.08.20 16:45:49.549,1.07724,1.07736,1.50,1.00
2015.08.20 16:45:49.651,1.07721,1.07733,1.12,1.00
2015.08.20 16:45:49.702,1.0772,1.07734,2.62,1.00
2015.08.20 16:45:49.906,1.07721,1.07733,1.00,1.00
2015.08.20 16:45:50.008,1.07719,1.07731,1.37,1.00
2015.08.20 16:45:50.785,1.07718,1.07732,1.12,1.50
2015.08.20 16:45:52.741,1.07718,1.07731,1.37,1.00
2015.08.20 16:45:53.432,1.07719,1.07732,1.37,1.00
2015.08.20 16:45:54.188,1.0772,1.07733,1.37,1.00
2015.08.20 16:45:55.932,1.07721,1.07734,1.37,1.00
2015.08.20 16:45:57.359,1.07723,1.07734,1.00,1.00
2015.08.20 16:45:57.898,1.07725,1.07734,1.00,1.00
2015.08.20 16:45:58.998,1.07727,1.07734,1.00,1.00
2015.08.20 16:45:59.506,1.07727,1.07735,1.00,1.00
2015.08.20 16:45:59.558,1.07727,1.07737,1.00,1.00
2015.08.20 16:46:00.161,1.07725,1.07738,1.50,1.50
2015.08.20 16:46:00.218,1.07723,1.07735,1.87,1.00
2015.08.20 16:46:00.371,1.0772,1.07733,1.37,1.00
2015.08.20 16:46:00.880,1.07719,1.07732,1.37,1.00
2015.08.20 16:46:01.497,1.07717,1.07729,1.12,1.00
2015.08.20 16:46:01.554,1.07716,1.07729,1.37,1.00
2015.08.20 16:46:04.131,1.07715,1.07727,1.37,1.12
2015.08.20 16:46:04.335,1.07714,1.07726,1.00,1.00
2015.08.20 16:46:09.232,1.07713,1.07727,1.87,1.00
2015.08.20 16:46:09.806,1.07713,1.07726,1.87,1.00
2015.08.20 16:46:11.533,1.07714,1.07727,1.75,1.00
2015.08.20 16:46:11.584,1.07717,1.0773,1.37,1.00
2015.08.20 16:46:12.093,1.07718,1.07731,1.37,1.00
2015.08.20 16:46:12.620,1.07719,1.07732,1.37,1.00
2015.08.20 16:46:14.930,1.07719,1.07733,1.12,1.50
2015.08.20 16:46:16.049,1.07721,1.07734,1.37,1.00
2015.08.20 16:46:16.355,1.07719,1.07731,1.12,1.00
2015.08.20 16:46:16.406,1.07718,1.07731,1.37,1.00
2015.08.20 16:46:17.770,1.07717,1.0773,1.37,1.00
2015.08.20 16:46:18.380,1.07715,1.07728,1.37,1.00
2015.08.20 16:46:18.921,1.07714,1.07727,1.37,1.00
2015.08.20 16:46:19.481,1.07713,1.07726,1.37,1.00
2015.08.20 16:46:19.787,1.07715,1.07728,1.37,1.00
2015.08.20 16:46:24.402,1.07716,1.07729,1.37,1.00
2015.08.20 16:46:28.211,1.07717,1.0773,1.37,1.00
2015.08.20 16:46:28.604,1.07714,1.07728,1.12,1.50
2015.08.20 16:46:29.114,1.07714,1.07727,1.37,1.00
2015.08.20 16:46:29.420,1.07716,1.07729,1.37,1.00
2015.08.20 16:46:31.920,1.07713,1.07726,1.37,1.00
2015.08.20 16:46:32.504,1.07712,1.07725,1.37,1.00
2015.08.20 16:46:33.312,1.07713,1.07726,1.37,1.00
2015.08.20 16:46:33.824,1.07712,1.07725,1.37,1.00
2015.08.20 16:46:34.336,1.07713,1.07726,1.37,1.00
2015.08.20 16:46:38.804,1.07712,1.07725,1.37,1.00
2015.08.20 16:46:43.455,1.07713,1.07726,1.37,1.00
2015.08.20 16:47:01.314,1.07713,1.07725,1.00,1.00
2015.08.20 16:47:01.992,1.07714,1.07727,1.37,1.00
2015.08.20 16:47:02.298,1.07718,1.07731,1.37,1.00
2015.08.20 16:47:04.139,1.07721,1.07731,1.00,1.00
2015.08.20 16:47:04.241,1.07723,1.07736,1.37,1.00
2015.08.20 16:47:04.344,1.07725,1.07738,1.37,1.00
2015.08.20 16:47:04.999,1.07726,1.07739,1.37,1.00
2015.08.20 16:47:07.401,1.07727,1.0774,1.87,1.00
2015.08.20 16:47:08.010,1.07728,1.07741,1.37,1.00
2015.08.20 16:47:20.210,1.0773,1.07743,1.37,1.00
2015.08.20 16:47:29.519,1.0773,1.07743,1.37,1.37
2015.08.20 16:47:29.570,1.07728,1.07741,1.37,1.00
2015.08.20 16:47:33.117,1.07728,1.0774,1.00,1.00
2015.08.20 16:47:35.979,1.07728,1.07741,1.50,1.50
2015.08.20 16:47:36.687,1.07727,1.07739,1.37,1.00
2015.08.20 16:47:36.789,1.07726,1.07738,1.00,1.00
2015.08.20 16:47:38.669,1.07725,1.07737,1.00,1.00
2015.08.20 16:47:41.468,1.07724,1.07738,1.87,1.50
2015.08.20 16:47:41.671,1.07729,1.07738,1.00,1.00
2015.08.20 16:47:41.976,1.07729,1.0774,1.00,1.00
2015.08.20 16:47:42.791,1.07729,1.07741,1.12,1.00
2015.08.20 16:47:47.089,1.07729,1.07742,1.37,1.00
2015.08.20 16:47:53.766,1.07727,1.07741,1.87,1.00
2015.08.20 16:47:53.818,1.07728,1.0774,1.12,1.00
2015.08.20 16:47:54.408,1.07728,1.07741,1.50,1.50
2015.08.20 16:47:54.510,1.07728,1.07739,1.12,1.00
2015.08.20 16:47:55.658,1.07726,1.07739,1.37,1.00
2015.08.20 16:48:04.328,1.07727,1.07738,1.00,1.00
2015.08.20 16:48:05.271,1.0773,1.07738,1.00,1.00
2015.08.20 16:48:05.322,1.0773,1.0774,1.00,1.00
2015.08.20 16:48:05.425,1.07727,1.0774,1.87,1.00
2015.08.20 16:48:05.934,1.07728,1.07741,1.37,1.00
2015.08.20 16:48:07.095,1.07729,1.07742,1.87,1.00
2015.08.20 16:48:08.169,1.0773,1.07743,1.37,1.00
2015.08.20 16:48:08.722,1.07731,1.07744,1.37,1.00
2015.08.20 16:48:09.231,1.0773,1.07743,1.37,1.00
2015.08.20 16:48:10.044,1.07729,1.07742,1.37,1.00
2015.08.20 16:48:14.970,1.07729,1.07741,1.00,1.00
2015.08.20 16:48:15.074,1.07727,1.07739,1.87,1.00
2015.08.20 16:48:15.680,1.07726,1.07739,1.87,1.00
2015.08.20 16:48:16.189,1.07726,1.07738,1.12,1.00
2015.08.20 16:48:19.705,1.07727,1.0774,1.37,1.00
2015.08.20 16:48:24.317,1.07726,1.07739,1.87,1.00
2015.08.20 16:48:26.663,1.07727,1.0774,1.37,1.00
2015.08.20 16:48:26.968,1.0773,1.07742,1.12,1.00
2015.08.20 16:48:27.963,1.07729,1.0774,1.00,1.00
2015.08.20 16:48:28.905,1.07729,1.07741,1.12,1.00
2015.08.20 16:48:32.173,1.07729,1.0774,1.00,1.00
2015.08.20 16:48:36.993,1.07729,1.07741,1.12,1.00
2015.08.20 16:48:46.635,1.07729,1.07741,1.87,1.00
2015.08.20 16:48:46.687,1.07731,1.07744,1.37,1.00
2015.08.20 16:48:46.995,1.07734,1.07745,1.00,1.00
2015.08.20 16:48:48.135,1.07734,1.07746,1.12,1.00
2015.08.20 16:48:57.648,1.07732,1.07744,1.37,1.00
2015.08.20 16:48:58.150,1.07733,1.07745,1.12,1.00
2015.08.20 16:48:58.770,1.07734,1.07745,1.00,1.00
2015.08.20 16:48:59.556,1.07734,1.07746,1.12,1.50
2015.08.20 16:49:00.644,1.07735,1.07746,1.00,1.00
2015.08.20 16:49:01.305,1.07736,1.07747,1.00,1.00
2015.08.20 16:49:03.203,1.07737,1.07747,1.00,1.00
2015.08.20 16:49:03.612,1.07735,1.07747,1.12,1.00
2015.08.20 16:49:05.366,1.07736,1.07747,1.00,1.00
2015.08.20 16:49:06.774,1.07735,1.07747,1.12,1.00
2015.08.20 16:49:08.423,1.07736,1.07746,1.00,1.00
2015.08.20 16:49:08.679,1.07734,1.07746,1.12,1.00
2015.08.20 16:49:09.190,1.07732,1.07745,1.87,1.00
2015.08.20 16:49:11.855,1.07733,1.07746,1.37,1.00
2015.08.20 16:49:12.363,1.07735,1.07747,1.12,1.00
2015.08.20 16:49:19.332,1.07734,1.07743,1.37,2.10
2015.08.20 16:49:19.434,1.07731,1.07743,1.12,1.00
2015.08.20 16:49:19.485,1.07731,1.07743,1.37,1.00
2015.08.20 16:49:19.588,1.0773,1.07741,1.00,1.00
2015.08.20 16:49:19.690,1.0773,1.07743,1.87,1.00
2015.08.20 16:49:19.741,1.07732,1.07745,1.37,1.00
2015.08.20 16:49:20.580,1.07733,1.07746,1.37,1.00
2015.08.20 16:49:22.592,1.07734,1.07747,1.37,1.00
2015.08.20 16:49:24.393,1.07733,1.07746,1.37,1.00
2015.08.20 16:49:29.782,1.07733,1.07746,1.87,2.10
2015.08.20 16:49:30.088,1.07732,1.07742,1.00,1.00
2015.08.20 16:49:30.787,1.07732,1.07741,1.00,1.00
2015.08.20 16:49:31.974,1.07732,1.0774,1.00,1.00
2015.08.20 16:49:33.570,1.07731,1.0774,1.00,1.00
2015.08.20 16:49:39.563,1.0773,1.0774,1.00,1.00
2015.08.20 16:49:42.126,1.07731,1.0774,1.00,1.00
2015.08.20 16:49:42.635,1.0773,1.0774,1.00,1.00
2015.08.20 16:49:44.211,1.07729,1.0774,1.00,1.00
2015.08.20 16:49:44.772,1.07729,1.07739,1.00,1.00
2015.08.20 16:49:45.326,1.0773,1.07739,1.00,1.00
2015.08.20 16:49:47.643,1.07731,1.07739,1.00,1.00
2015.08.20 16:49:48.505,1.07728,1.07739,1.00,1.00
2015.08.20 16:49:49.842,1.07727,1.07739,1.12,1.00
2015.08.20 16:49:50.046,1.0773,1.07739,1.00,1.00
2015.08.20 16:49:50.148,1.07728,1.07738,1.00,1.00
2015.08.20 16:49:50.638,1.0773,1.07737,1.00,1.00
2015.08.20 16:49:50.995,1.0773,1.07739,1.00,1.00
2015.08.20 16:49:52.598,1.07726,1.07738,1.12,1.00
2015.08.20 16:49:53.213,1.07725,1.07737,1.12,1.00
2015.08.20 16:50:00.342,1.07725,1.07738,1.87,1.00
2015.08.20 16:50:03.357,1.0773,1.07738,1.00,1.00
2015.08.20 16:50:03.460,1.07728,1.07738,1.00,1.00
2015.08.20 16:50:03.963,1.07727,1.07738,1.00,1.00
2015.08.20 16:50:04.473,1.07728,1.07739,1.00,1.00
2015.08.20 16:50:05.339,1.07727,1.07739,1.12,1.00
2015.08.20 16:50:05.848,1.07726,1.07738,1.12,1.00
2015.08.20 16:50:05.899,1.07728,1.07738,1.00,1.00
2015.08.20 16:50:06.550,1.07729,1.07739,1.00,1.00
2015.08.20 16:50:07.060,1.07728,1.07739,1.00,1.00
2015.08.20 16:50:08.026,1.07722,1.07736,1.12,1.50
2015.08.20 16:50:08.568,1.0772,1.07734,1.12,1.00
2015.08.20 16:50:08.619,1.07721,1.07733,1.00,1.00
2015.08.20 16:50:08.874,1.07722,1.07735,1.37,1.12
2015.08.20 16:50:09.305,1.07719,1.07732,1.37,1.00
2015.08.20 16:50:10.766,1.07717,1.0773,1.37,1.00
2015.08.20 16:50:13.116,1.0772,1.0773,1.50,1.00
2015.08.20 16:50:13.168,1.07721,1.07734,1.37,1.00
2015.08.20 16:50:14.113,1.07722,1.07735,1.37,1.00
2015.08.20 16:50:18.819,1.07721,1.07734,1.37,1.00
2015.08.20 16:50:19.614,1.07721,1.07734,1.37,2.62
2015.08.20 16:50:19.716,1.0772,1.07733,1.37,1.00
2015.08.20 16:50:20.332,1.0772,1.07732,1.37,1.00
2015.08.20 16:50:20.384,1.07721,1.07734,1.37,1.00
2015.08.20 16:50:20.921,1.0772,1.07733,1.37,1.00
2015.08.20 16:50:21.379,1.07722,1.07735,1.37,1.12
2015.08.20 16:50:24.023,1.07721,1.07734,1.37,1.00
2015.08.20 16:50:24.481,1.07719,1.07732,1.37,1.00
2015.08.20 16:50:27.184,1.07721,1.07734,1.37,1.00
2015.08.20 16:50:27.490,1.07724,1.07737,1.37,1.00
2015.08.20 16:50:28.004,1.07723,1.07736,1.37,1.00
2015.08.20 16:50:28.693,1.07722,1.07735,1.37,1.00
2015.08.20 16:50:29.660,1.07723,1.07735,1.12,1.00
2015.08.20 16:50:29.711,1.07725,1.07738,1.37,1.00
2015.08.20 16:50:30.244,1.07725,1.07739,1.12,1.50
2015.08.20 16:50:34.826,1.07725,1.07738,1.37,1.00
2015.08.20 16:50:36.830,1.07724,1.07737,1.37,1.00
2015.08.20 16:50:43.831,1.07725,1.07737,1.12,1.00
2015.08.20 16:50:44.358,1.07727,1.0774,1.37,1.37
2015.08.20 16:50:46.570,1.07727,1.0774,1.37,1.00
2015.08.20 16:50:58.158,1.07728,1.07741,1.37,1.00
2015.08.20 16:51:04.034,1.07731,1.07741,1.00,1.00
2015.08.20 16:51:04.589,1.07731,1.07742,1.00,1.00
2015.08.20 16:51:07.080,1.07732,1.07742,1.00,1.00
2015.08.20 16:51:08.048,1.07727,1.0774,1.37,1.00
2015.08.20 16:51:09.371,1.07728,1.0774,1.37,1.00
2015.08.20 16:51:09.422,1.07729,1.07742,1.37,1.35
2015.08.20 16:51:09.951,1.07729,1.07742,1.37,1.72
2015.08.20 16:51:10.740,1.07729,1.07742,1.37,1.72
2015.08.20 16:51:12.583,1.07728,1.07736,1.37,1.00
2015.08.20 16:51:12.788,1.07728,1.07739,1.37,1.00
2015.08.20 16:51:12.994,1.07728,1.07737,1.37,1.00
2015.08.20 16:51:13.819,1.07728,1.07739,1.37,1.00
2015.08.20 16:51:13.877,1.07728,1.07741,1.37,1.50
2015.08.20 16:51:13.979,1.07727,1.07739,1.37,1.00
2015.08.20 16:51:14.031,1.07725,1.07738,1.37,1.00
2015.08.20 16:51:14.285,1.07724,1.07735,1.37,1.00
2015.08.20 16:51:14.337,1.07722,1.07735,1.37,1.50
2015.08.20 16:51:26.201,1.07722,1.07734,1.37,1.00
2015.08.20 16:51:26.253,1.07722,1.07732,1.37,1.00
2015.08.20 16:51:26.355,1.0772,1.07732,1.37,1.00
2015.08.20 16:51:31.940,1.0772,1.07733,1.37,1.00
2015.08.20 16:51:39.543,1.07719,1.07731,1.37,1.00
2015.08.20 16:51:40.445,1.07718,1.07731,1.37,1.00
2015.08.20 16:51:55.330,1.0772,1.07733,1.37,1.00
2015.08.20 16:51:59.506,1.07721,1.07734,1.37,1.00
2015.08.20 16:52:03.115,1.07719,1.07732,1.37,1.00
2015.08.20 16:52:07.698,1.07718,1.0773,1.37,1.00
2015.08.20 16:52:08.385,1.07719,1.07731,1.37,1.00
2015.08.20 16:52:08.436,1.0772,1.07733,1.37,1.00
2015.08.20 16:52:11.025,1.07722,1.07735,1.37,1.00
2015.08.20 16:52:11.772,1.0772,1.07734,1.12,1.00
2015.08.20 16:52:11.823,1.0772,1.07733,1.37,1.00
2015.08.20 16:52:12.334,1.07719,1.07732,1.37,1.00
2015.08.20 16:52:13.237,1.07718,1.07731,1.37,1.00
2015.08.20 16:52:13.748,1.07719,1.07732,1.37,1.50
2015.08.20 16:52:15.615,1.07719,1.07733,1.12,2.25
2015.08.20 16:52:18.365,1.07721,1.07734,1.37,1.00
2015.08.20 16:52:21.704,1.07722,1.07735,1.37,1.00
2015.08.20 16:52:24.326,1.07722,1.07734,1.00,1.00
2015.08.20 16:52:24.429,1.0772,1.07732,1.37,1.00
2015.08.20 16:52:25.230,1.07719,1.07732,1.37,1.00
2015.08.20 16:52:35.860,1.07725,1.07732,1.00,1.00
2015.08.20 16:52:36.314,1.07729,1.07739,1.00,1.00
2015.08.20 16:52:36.823,1.07727,1.0774,1.37,1.00
2015.08.20 16:52:37.798,1.07727,1.07741,1.12,1.50
2015.08.20 16:52:37.851,1.07726,1.07739,1.37,1.00
2015.08.20 16:52:39.170,1.07725,1.07737,1.37,1.00
2015.08.20 16:52:39.680,1.07724,1.07737,1.37,1.00
2015.08.20 16:52:40.425,1.07723,1.07736,1.37,1.12
2015.08.20 16:52:40.933,1.07724,1.07737,1.37,1.00
2015.08.20 16:52:41.239,1.07726,1.07739,1.37,1.00
2015.08.20 16:52:41.980,1.07725,1.07737,1.00,1.00
2015.08.20 16:52:44.267,1.07724,1.07738,1.12,1.50
2015.08.20 16:52:45.301,1.07726,1.07739,1.37,1.00
2015.08.20 16:52:45.807,1.07725,1.07738,1.37,1.00
2015.08.20 16:52:46.316,1.07724,1.07737,1.37,1.00
2015.08.20 16:52:51.578,1.07724,1.07736,1.00,1.00
2015.08.20 16:52:54.289,1.07723,1.07737,1.12,1.50
2015.08.20 16:52:55.370,1.07725,1.07738,1.37,1.00
2015.08.20 16:52:56.116,1.07724,1.07737,1.37,1.00
2015.08.20 16:52:59.317,1.07725,1.07738,1.37,1.00
2015.08.20 16:52:59.832,1.07724,1.07737,1.37,1.00
2015.08.20 16:53:03.946,1.07725,1.07738,1.37,1.00
2015.08.20 16:53:09.367,1.07724,1.07737,1.37,1.00
2015.08.20 16:53:14.250,1.07725,1.07738,1.37,1.00
2015.08.20 16:53:18.515,1.07729,1.07741,1.00,1.00
2015.08.20 16:53:19.035,1.0773,1.07742,1.00,1.00
2015.08.20 16:53:24.670,1.07729,1.07741,1.00,1.00
2015.08.20 16:53:25.180,1.07732,1.07745,1.37,2.10
2015.08.20 16:53:25.384,1.0773,1.07742,1.12,1.00
2015.08.20 16:53:25.435,1.07733,1.07742,1.00,1.00
2015.08.20 16:53:25.970,1.07738,1.07747,3.00,2.85
2015.08.20 16:53:26.022,1.07746,1.07759,1.37,1.00
2015.08.20 16:53:28.013,1.07746,1.0776,1.12,1.50
2015.08.20 16:53:30.263,1.07755,1.0776,1.00,1.12
2015.08.20 16:53:31.351,1.07759,1.07763,1.00,1.50
2015.08.20 16:53:31.403,1.07758,1.07762,1.00,1.00
2015.08.20 16:53:33.314,1.07759,1.07763,1.00,1.00
2015.08.20 16:53:33.815,1.07759,1.07764,1.00,1.00
2015.08.20 16:53:35.413,1.07759,1.07763,1.00,1.00
2015.08.20 16:53:36.871,1.0776,1.07764,1.00,1.50
2015.08.20 16:53:40.136,1.07758,1.07763,1.00,1.00
2015.08.20 16:53:44.099,1.07754,1.07763,1.00,1.00
2015.08.20 16:53:44.626,1.07754,1.07764,1.00,1.00
2015.08.20 16:53:44.902,1.07752,1.07764,1.12,1.00
2015.08.20 16:53:44.953,1.07752,1.07762,1.00,1.00
2015.08.20 16:53:46.267,1.07751,1.07762,1.00,1.00
2015.08.20 16:53:46.421,1.07751,1.07764,1.50,1.50
2015.08.20 16:53:47.902,1.07753,1.07764,1.00,1.00
2015.08.20 16:53:51.570,1.07752,1.07764,1.12,1.00
2015.08.20 16:53:55.445,1.07752,1.07765,1.87,1.00
2015.08.20 16:54:12.543,1.0775,1.07764,2.62,1.00
2015.08.20 16:54:12.595,1.0775,1.07763,1.87,1.00
2015.08.20 16:54:27.500,1.07749,1.07762,1.87,1.00
2015.08.20 16:54:29.292,1.0775,1.07763,1.37,1.00
2015.08.20 16:54:34.475,1.07753,1.07763,1.00,1.00
2015.08.20 16:54:34.526,1.07753,1.07765,1.12,1.00
2015.08.20 16:54:35.445,1.07754,1.07765,1.12,1.00
2015.08.20 16:54:35.497,1.07754,1.07767,1.37,1.00
2015.08.20 16:54:35.803,1.07756,1.07769,1.37,1.00
2015.08.20 16:54:36.874,1.07757,1.07769,1.12,1.00
2015.08.20 16:54:36.925,1.07759,1.07772,1.37,1.12
2015.08.20 16:54:37.464,1.07758,1.07771,1.87,1.00
2015.08.20 16:54:38.075,1.07759,1.07771,1.37,1.00
2015.08.20 16:54:38.126,1.0776,1.07773,1.37,1.00
2015.08.20 16:54:38.665,1.07761,1.07774,1.37,1.00
2015.08.20 16:54:39.124,1.07763,1.07776,1.37,1.00
2015.08.20 16:54:43.748,1.07765,1.07778,1.37,1.00
2015.08.20 16:54:47.836,1.07767,1.0778,1.37,1.37
2015.08.20 16:54:48.245,1.07768,1.07781,1.37,1.00
2015.08.20 16:54:49.888,1.07772,1.07783,1.30,1.00
2015.08.20 16:54:49.940,1.07772,1.07785,1.72,1.00
2015.08.20 16:54:50.144,1.07774,1.07787,1.37,1.12
2015.08.20 16:54:51.918,1.07775,1.07788,1.37,1.00
2015.08.20 16:54:53.503,1.07775,1.07788,1.37,1.37
2015.08.20 16:54:56.113,1.07775,1.07788,1.72,1.00
2015.08.20 16:54:57.473,1.07776,1.07788,1.72,1.00
2015.08.20 16:54:57.526,1.07777,1.0779,1.37,1.00
2015.08.20 16:55:01.222,1.07779,1.0779,2.10,1.12
2015.08.20 16:55:01.376,1.0778,1.07793,1.37,1.00
2015.08.20 16:55:02.236,1.07779,1.07792,1.37,1.12
2015.08.20 16:55:02.952,1.07778,1.07791,1.37,1.12
2015.08.20 16:55:03.157,1.07776,1.07789,1.37,1.00
2015.08.20 16:55:03.683,1.07774,1.07787,1.37,1.00
2015.08.20 16:55:04.345,1.07773,1.07786,1.37,1.00
2015.08.20 16:55:05.342,1.07771,1.07784,1.37,1.12
2015.08.20 16:55:05.685,1.0777,1.07782,1.00,1.00
2015.08.20 16:55:06.193,1.07768,1.07781,1.37,1.00
2015.08.20 16:55:12.968,1.07769,1.07782,1.37,1.00
2015.08.20 16:55:16.673,1.07768,1.07781,1.37,1.00
2015.08.20 16:55:17.489,1.07766,1.07779,1.37,1.12
2015.08.20 16:55:24.291,1.07766,1.0778,1.12,1.50
2015.08.20 16:55:25.556,1.07769,1.07781,1.12,1.00
2015.08.20 16:55:25.711,1.07771,1.07784,1.37,1.37
2015.08.20 16:55:26.221,1.0777,1.07783,1.37,1.00
2015.08.20 16:55:26.664,1.07765,1.07778,1.75,1.00
2015.08.20 16:55:26.715,1.07764,1.07777,1.37,1.00
2015.08.20 16:55:26.868,1.07763,1.07775,1.37,1.00
2015.08.20 16:55:27.380,1.07762,1.07775,1.37,1.00
2015.08.20 16:55:27.907,1.07762,1.07774,1.00,1.00
2015.08.20 16:55:28.417,1.0776,1.07773,1.37,1.00
2015.08.20 16:55:29.295,1.07759,1.07772,1.37,1.00
2015.08.20 16:55:36.806,1.07759,1.07771,1.00,1.00
2015.08.20 16:55:42.329,1.07754,1.07764,1.75,1.00
2015.08.20 16:55:42.381,1.07752,1.07764,1.00,1.00
2015.08.20 16:55:42.953,1.07752,1.07765,1.50,1.00
2015.08.20 16:55:43.819,1.07752,1.07764,1.00,1.00
2015.08.20 16:55:44.673,1.0775,1.07763,1.37,1.00
2015.08.20 16:55:47.352,1.07751,1.07764,1.37,1.00
2015.08.20 16:55:47.403,1.0775,1.07762,1.37,1.00
2015.08.20 16:55:48.529,1.07745,1.07759,1.12,1.00
2015.08.20 16:55:48.580,1.07745,1.07758,1.37,1.00
2015.08.20 16:55:53.234,1.07745,1.07759,1.12,1.50
2015.08.20 16:55:53.642,1.07746,1.0776,1.12,1.00
2015.08.20 16:55:54.156,1.07746,1.07759,1.37,1.00
2015.08.20 16:55:54.673,1.07745,1.07758,1.37,1.00
2015.08.20 16:55:57.541,1.07745,1.07757,1.00,1.00
2015.08.20 16:55:59.437,1.07743,1.07755,1.37,1.00
2015.08.20 16:55:59.948,1.07742,1.07755,1.50,1.00
2015.08.20 16:56:02.928,1.07744,1.07756,1.12,1.00
2015.08.20 16:56:03.031,1.07746,1.07759,1.12,1.00
2015.08.20 16:56:03.584,1.07748,1.07761,1.37,1.00
2015.08.20 16:56:05.357,1.07749,1.07762,1.37,1.00
2015.08.20 16:56:05.665,1.07749,1.07763,1.12,1.00
2015.08.20 16:56:06.190,1.07751,1.07764,1.37,1.00
2015.08.20 16:56:16.840,1.07748,1.07761,1.50,1.00
2015.08.20 16:56:17.198,1.07748,1.07762,1.12,1.00
2015.08.20 16:56:17.706,1.0775,1.07763,1.37,1.00
2015.08.20 16:56:19.052,1.0775,1.07762,1.00,1.00
2015.08.20 16:56:20.050,1.07748,1.07761,1.37,1.00
2015.08.20 16:56:20.970,1.07748,1.0776,1.12,1.00
2015.08.20 16:56:23.496,1.07746,1.07758,1.87,1.00
2015.08.20 16:56:24.228,1.07745,1.07758,1.37,1.00
2015.08.20 16:56:24.737,1.07746,1.07759,1.37,1.00
2015.08.20 16:56:24.788,1.07745,1.07757,1.37,1.00
2015.08.20 16:56:25.310,1.07744,1.07757,1.37,1.00
2015.08.20 16:56:27.788,1.07744,1.07756,1.00,1.00
2015.08.20 16:56:28.300,1.07743,1.07755,1.00,1.00
2015.08.20 16:56:29.076,1.07745,1.07758,1.37,1.00
2015.08.20 16:56:29.850,1.07745,1.07758,1.87,1.00
2015.08.20 16:56:30.892,1.07745,1.07758,1.50,1.00
2015.08.20 16:56:31.199,1.07747,1.0776,1.37,1.00
2015.08.20 16:56:32.586,1.07748,1.07761,1.37,1.00
2015.08.20 16:56:39.804,1.07748,1.0776,1.00,1.00
2015.08.20 16:56:42.603,1.07745,1.07758,1.37,1.00
2015.08.20 16:56:43.111,1.07744,1.07758,1.12,1.00
2015.08.20 16:56:44.012,1.07746,1.07759,1.37,1.00
2015.08.20 16:56:45.897,1.07747,1.0776,1.12,1.00
2015.08.20 16:56:46.330,1.07751,1.07764,1.37,1.00
2015.08.20 16:56:54.847,1.07751,1.07763,1.00,1.00
2015.08.20 16:56:54.949,1.07748,1.0776,1.12,1.00
2015.08.20 16:56:55.001,1.07747,1.0776,1.37,1.00
2015.08.20 16:57:04.136,1.07748,1.07761,1.37,1.00
2015.08.20 16:57:04.238,1.0775,1.07763,1.37,1.00
2015.08.20 16:57:05.121,1.07751,1.07764,1.37,1.00
2015.08.20 16:57:07.078,1.07754,1.07764,1.00,1.00
2015.08.20 16:57:07.231,1.07756,1.07769,1.37,1.00
2015.08.20 16:57:07.333,1.07758,1.07771,1.37,1.00
2015.08.20 16:57:07.844,1.07759,1.07772,1.37,1.00
2015.08.20 16:57:10.632,1.0776,1.07773,1.37,1.00
2015.08.20 16:57:11.344,1.07759,1.07772,1.37,1.00
2015.08.20 16:57:11.952,1.07756,1.0777,1.12,1.50
2015.08.20 16:57:13.362,1.07758,1.07771,1.37,1.00
2015.08.20 16:57:17.854,1.07759,1.07772,1.37,1.00
2015.08.20 16:57:18.378,1.07761,1.07774,1.87,1.00
2015.08.20 16:57:22.195,1.07761,1.07773,1.50,1.00
2015.08.20 16:57:24.153,1.07759,1.07772,1.37,1.00
2015.08.20 16:57:24.458,1.07756,1.07769,1.87,1.00
2015.08.20 16:57:24.865,1.07755,1.07768,1.37,1.00
2015.08.20 16:57:44.294,1.07754,1.07767,1.37,1.00
2015.08.20 16:57:55.832,1.07754,1.07768,1.12,1.50
2015.08.20 16:57:56.833,1.07755,1.07769,1.12,1.50
2015.08.20 16:58:00.038,1.07755,1.07768,1.37,1.00
2015.08.20 16:58:00.952,1.07757,1.07769,1.50,1.00
2015.08.20 16:58:01.929,1.07757,1.07769,1.12,1.00
2015.08.20 16:58:04.327,1.07757,1.0777,1.50,1.50
2015.08.20 16:58:05.560,1.07758,1.07771,1.75,1.00
2015.08.20 16:58:06.064,1.07759,1.07772,1.37,1.00
2015.08.20 16:58:12.836,1.07759,1.07773,1.87,1.50
2015.08.20 16:58:13.347,1.07762,1.07775,1.50,1.50
2015.08.20 16:58:17.332,1.07764,1.07776,1.12,1.50
2015.08.20 16:58:19.174,1.07765,1.07778,1.37,1.00
2015.08.20 16:58:19.883,1.07768,1.07781,1.37,1.00
2015.08.20 16:58:22.562,1.07768,1.07782,1.87,1.50
2015.08.20 16:58:23.177,1.07768,1.07782,1.87,1.00
2015.08.20 16:58:23.709,1.0777,1.07783,1.37,1.00
2015.08.20 16:58:27.876,1.0777,1.07782,1.00,1.00
2015.08.20 16:58:30.961,1.07768,1.0778,1.37,1.00
2015.08.20 16:58:31.470,1.07769,1.07782,1.50,1.50
2015.08.20 16:58:32.970,1.07769,1.07783,1.87,1.50
2015.08.20 16:58:33.501,1.07771,1.07784,1.37,1.00
2015.08.20 16:58:34.518,1.07771,1.07783,1.00,1.00
2015.08.20 16:58:35.439,1.07768,1.07781,1.75,1.00
2015.08.20 16:58:35.491,1.07768,1.07781,1.50,1.50
2015.08.20 16:58:36.684,1.0777,1.07783,1.37,1.00
2015.08.20 16:58:37.953,1.07769,1.07781,1.12,1.00
2015.08.20 16:58:38.259,1.07772,1.07782,1.00,1.00
2015.08.20 16:58:38.363,1.07772,1.07784,1.12,1.00
2015.08.20 16:58:38.872,1.07773,1.07784,1.00,1.00
2015.08.20 16:58:39.381,1.07774,1.07786,1.00,1.00
2015.08.20 16:58:39.484,1.07774,1.07787,1.75,1.00
2015.08.20 16:58:39.996,1.07775,1.07788,1.37,1.00
2015.08.20 16:58:40.940,1.07774,1.07783,1.00,1.00
2015.08.20 16:58:40.996,1.07769,1.07782,1.37,1.00
2015.08.20 16:58:41.201,1.07768,1.0778,1.87,1.00
2015.08.20 16:58:41.711,1.07766,1.07778,1.87,1.00
2015.08.20 16:58:42.210,1.07765,1.07777,1.00,1.00
2015.08.20 16:58:43.603,1.07762,1.07773,1.75,1.00
2015.08.20 16:58:43.765,1.07764,1.07775,1.00,1.00
2015.08.20 16:58:44.275,1.07763,1.07776,1.87,1.00
2015.08.20 16:58:44.915,1.07762,1.07775,1.87,1.00
2015.08.20 16:58:46.752,1.07763,1.07776,1.37,1.00
2015.08.20 16:58:46.803,1.07761,1.07773,1.87,1.00
2015.08.20 16:58:46.854,1.07761,1.07773,1.12,1.00
2015.08.20 16:58:47.110,1.0776,1.0777,1.00,1.50
2015.08.20 16:58:47.766,1.07759,1.07772,1.37,1.00
2015.08.20 16:58:47.823,1.07758,1.0777,1.37,1.00
2015.08.20 16:58:48.332,1.07757,1.0777,1.37,1.00
2015.08.20 16:58:49.071,1.07755,1.07768,1.87,1.00
2015.08.20 16:58:49.582,1.07754,1.07767,1.87,1.00
2015.08.20 16:58:49.890,1.07752,1.07765,1.37,1.00
2015.08.20 16:58:50.391,1.07752,1.07764,1.12,1.00
2015.08.20 16:58:51.135,1.07751,1.07763,1.00,1.00
2015.08.20 16:58:51.740,1.07748,1.07761,1.37,1.00
2015.08.20 16:58:52.346,1.07747,1.0776,1.50,1.00
2015.08.20 16:58:52.653,1.07745,1.07758,1.87,1.00
2015.08.20 16:58:53.166,1.07745,1.07758,1.37,1.00
2015.08.20 16:58:53.675,1.07744,1.07757,1.37,1.00
2015.08.20 16:58:54.034,1.07742,1.07754,1.37,1.00
2015.08.20 16:58:54.587,1.0774,1.07753,1.50,1.00
2015.08.20 16:58:55.118,1.0774,1.07752,1.00,1.00
2015.08.20 16:58:55.883,1.0774,1.07753,1.87,1.00
2015.08.20 16:58:56.241,1.07739,1.07751,1.37,1.00
2015.08.20 16:58:56.498,1.07736,1.07749,1.87,1.00
2015.08.20 16:58:57.785,1.07735,1.07748,1.37,1.00
2015.08.20 16:58:57.837,1.07733,1.07746,1.37,1.00
2015.08.20 16:58:59.041,1.07734,1.07747,1.87,1.00
2015.08.20 16:58:59.347,1.07737,1.07749,1.00,1.00
2015.08.20 16:58:59.754,1.07735,1.07747,1.37,1.00
2015.08.20 16:59:00.336,1.07735,1.07748,1.37,1.00
2015.08.20 16:59:00.999,1.07736,1.07747,1.00,1.00
2015.08.20 16:59:01.658,1.07734,1.07747,1.37,1.00
2015.08.20 16:59:03.530,1.07735,1.07746,1.00,1.00
2015.08.20 16:59:03.683,1.07735,1.07748,1.87,1.00
2015.08.20 16:59:04.192,1.07736,1.07749,1.37,1.00
2015.08.20 16:59:04.798,1.07735,1.07748,1.87,1.00
2015.08.20 16:59:10.502,1.07736,1.07747,1.00,1.00
2015.08.20 16:59:11.243,1.07734,1.07747,1.87,1.00
2015.08.20 16:59:11.397,1.07732,1.07745,1.87,1.00
2015.08.20 16:59:11.921,1.07733,1.07746,1.37,1.00
2015.08.20 16:59:14.294,1.07735,1.07746,1.00,1.00
2015.08.20 16:59:14.848,1.07733,1.07746,1.87,1.00
2015.08.20 16:59:17.408,1.07735,1.07746,1.00,1.00
2015.08.20 16:59:17.929,1.07734,1.07746,1.12,1.00
2015.08.20 16:59:18.235,1.07738,1.07746,1.00,1.00
2015.08.20 16:59:23.825,1.07734,1.07746,1.12,1.00
2015.08.20 16:59:24.029,1.07731,1.07744,1.37,1.00
2015.08.20 16:59:24.337,1.07725,1.07738,1.87,1.00
2015.08.20 16:59:25.145,1.07725,1.07737,1.12,1.00
2015.08.20 16:59:27.479,1.07724,1.07736,1.12,1.00
2015.08.20 16:59:28.215,1.07722,1.07735,1.87,1.00
2015.08.20 16:59:29.256,1.07722,1.07734,1.12,1.00
2015.08.20 16:59:29.788,1.0772,1.07732,1.12,1.00
2015.08.20 16:59:33.353,1.0772,1.07733,1.87,1.00
2015.08.20 16:59:37.373,1.07726,1.07733,1.00,1.00
2015.08.20 16:59:37.679,1.07726,1.07735,1.00,1.00
2015.08.20 16:59:37.781,1.07728,1.07735,1.00,1.00
2015.08.20 16:59:38.329,1.07727,1.07734,1.00,1.00
2015.08.20 16:59:38.866,1.07727,1.07733,1.00,1.00
2015.08.20 16:59:39.572,1.07727,1.07735,1.00,1.00
2015.08.20 16:59:40.089,1.07728,1.07735,1.00,1.00
2015.08.20 16:59:43.345,1.07734,1.07738,1.00,1.00
2015.08.20 16:59:43.396,1.07734,1.07741,1.00,1.00
2015.08.20 16:59:44.746,1.07732,1.0774,1.00,1.00
2015.08.20 16:59:47.906,1.07732,1.07739,1.00,1.00
2015.08.20 16:59:48.525,1.07732,1.07738,1.00,1.00
2015.08.20 16:59:49.398,1.07736,1.07743,1.00,1.00
2015.08.20 16:59:49.449,1.07734,1.07741,1.00,1.00
2015.08.20 16:59:49.808,1.07736,1.07741,1.00,1.00
2015.08.20 16:59:49.910,1.07738,1.07745,1.00,1.00
2015.08.20 16:59:50.555,1.07739,1.07747,1.00,1.50
2015.08.20 16:59:50.709,1.07741,1.07748,1.00,1.00
2015.08.20 16:59:51.422,1.07743,1.07748,1.00,1.00
2015.08.20 16:59:51.526,1.07744,1.07751,1.00,1.00
2015.08.20 16:59:51.577,1.07746,1.07751,1.00,1.00
2015.08.20 16:59:52.428,1.07747,1.07753,1.00,1.00
2015.08.20 16:59:52.943,1.07747,1.07754,1.00,1.00
2015.08.20 16:59:53.490,1.07741,1.07752,1.37,1.00
2015.08.20 16:59:53.899,1.07739,1.07752,2.25,2.25
2015.08.20 16:59:53.951,1.07744,1.07749,1.00,1.00
2015.08.20 16:59:55.301,1.07744,1.0775,1.00,1.50
2015.08.20 16:59:55.608,1.07744,1.07748,1.00,1.00
2015.08.20 16:59:55.660,1.07744,1.0775,1.00,1.50
2015.08.20 16:59:56.818,1.0774,1.07744,1.00,1.00
2015.08.20 16:59:56.871,1.07737,1.07744,1.00,1.12
2015.08.20 16:59:57.847,1.07735,1.07743,1.00,1.00
2015.08.20 16:59:57.899,1.07733,1.07743,1.00,1.00
2015.08.20 16:59:58.375,1.0773,1.07741,1.12,1.00
2015.08.20 16:59:58.477,1.0773,1.0774,1.00,1.37
2015.08.20 16:59:58.631,1.07726,1.07737,1.12,1.00
2015.08.20 16:59:58.733,1.07724,1.07736,1.12,1.00
2015.08.20 16:59:58.937,1.07724,1.07731,1.00,1.00
2015.08.20 16:59:59.040,1.07722,1.07731,1.12,1.00
2015.08.20 16:59:59.589,1.07722,1.07729,1.00,1.00
